State,Station Name (LEA),NSN,Item Name,Quantity,UI,Acquisition Value,DEMIL Code,DEMIL IC,Ship Date
IL,ADAMS COUNTY SHERIFF OFFICE,2355-DS-COM-BTV2,ONLY COMPLETE COMBAT/ASSAULT/TACTICAL WHEELED VEHICLES,1,Each,150000,D,,2012-04-05 00:00:00
IL,ADAMS COUNTY SHERIFF OFFICE,1005-00-073-9421,"RIFLE,5.56 MILLIMETER",1,Each,499,D,1,2005-10-26 00:00:00
IL,ADAMS COUNTY SHERIFF OFFICE,1005-00-589-1271,"RIFLE,7.62 MILLIMETER",1,Each,138,D,1,2000-01-20 00:00:00
IL,ADAMS COUNTY SHERIFF OFFICE,1005-00-073-9421,"RIFLE,5.56 MILLIMETER",1,Each,499,D,1,2005-10-26 00:00:00
IL,ADAMS COUNTY SHERIFF OFFICE,1005-00-073-9421,"RIFLE,5.56 MILLIMETER",1,Each,499,D,1,2005-10-26 00:00:00
IL,ADAMS COUNTY SHERIFF OFFICE,1005-00-073-9421,"RIFLE,5.56 MILLIMETER",1,Each,499,D,1,2005-10-26 00:00:00
IL,ADAMS COUNTY SHERIFF OFFICE,1005-00-073-9421,"RIFLE,5.56 MILLIMETER",1,Each,499,D,1,2005-10-26 00:00:00
IL,ADAMS COUNTY SHERIFF OFFICE,1005-00-073-9421,"RIFLE,5.56 MILLIMETER",1,Each,499,D,1,2005-10-26 00:00:00
IL,ADAMS COUNTY SHERIFF OFFICE,1005-00-073-9421,"RIFLE,5.56 MILLIMETER",1,Each,499,D,1,2005-10-26 00:00:00
IL,ADAMS COUNTY SHERIFF OFFICE,1005-00-589-1271,"RIFLE,7.62 MILLIMETER",1,Each,138,D,1,2000-01-20 00:00:00
IL,ADAMS COUNTY SHERIFF OFFICE,1005-00-073-9421,"RIFLE,5.56 MILLIMETER",1,Each,499,D,1,2005-10-26 00:00:00
IL,ADAMS COUNTY SHERIFF OFFICE,1005-00-073-9421,"RIFLE,5.56 MILLIMETER",1,Each,499,D,1,2005-10-26 00:00:00
IL,ADAMS COUNTY SHERIFF OFFICE,1005-00-073-9421,"RIFLE,5.56 MILLIMETER",1,Each,499,D,1,2005-10-26 00:00:00
IL,ADAMS COUNTY SHERIFF OFFICE,1940-01-277-0069,"BOAT,RIGID RAIDING",1,Each,28585.11,B,3,2009-10-27 00:00:00
IL,ADAMS COUNTY SHERIFF OFFICE,1005-00-073-9421,"RIFLE,5.56 MILLIMETER",1,Each,499,D,1,2005-10-26 00:00:00
IL,ADAMS COUNTY SHERIFF OFFICE,1005-00-073-9421,"RIFLE,5.56 MILLIMETER",1,Each,499,D,1,2005-10-26 00:00:00
IL,ADAMS COUNTY SHERIFF OFFICE,1005-00-589-1271,"RIFLE,7.62 MILLIMETER",1,Each,138,D,1,2000-01-20 00:00:00
IL,ALSIP POLICE DEPT,2320-01-128-9552,"TRUCK,UTILITY",1,Each,49897,C,1,2014-07-17 00:00:00
IL,ALTON POLICE DEPT,1005-00-073-9421,"RIFLE,5.56 MILLIMETER",1,Each,499,D,1,2003-06-05 00:00:00
IL,ALTON POLICE DEPT,1005-00-073-9421,"RIFLE,5.56 MILLIMETER",1,Each,499,D,1,2003-06-05 00:00:00
IL,ALTON POLICE DEPT,1005-00-073-9421,"RIFLE,5.56 MILLIMETER",1,Each,499,D,1,2003-06-05 00:00:00
IL,ALTON POLICE DEPT,1005-00-073-9421,"RIFLE,5.56 MILLIMETER",1,Each,499,D,1,2003-06-05 00:00:00
IL,ALTON POLICE DEPT,1005-00-073-9421,"RIFLE,5.56 MILLIMETER",1,Each,499,D,1,2003-06-05 00:00:00
IL,ALTON POLICE DEPT,1005-00-073-9421,"RIFLE,5.56 MILLIMETER",1,Each,499,D,1,2003-06-05 00:00:00
IL,ALTON POLICE DEPT,1005-00-073-9421,"RIFLE,5.56 MILLIMETER",1,Each,499,D,1,2003-06-05 00:00:00
IL,ALTON POLICE DEPT,1005-00-073-9421,"RIFLE,5.56 MILLIMETER",1,Each,499,D,1,2003-06-05 00:00:00
IL,ALTON POLICE DEPT,1005-00-073-9421,"RIFLE,5.56 MILLIMETER",1,Each,499,D,1,2003-06-05 00:00:00
IL,ALTON POLICE DEPT,1005-00-073-9421,"RIFLE,5.56 MILLIMETER",1,Each,499,D,1,2003-06-05 00:00:00
IL,ALTON POLICE DEPT,1005-00-073-9421,"RIFLE,5.56 MILLIMETER",1,Each,499,D,1,2003-06-05 00:00:00
IL,ALTON POLICE DEPT,1005-00-073-9421,"RIFLE,5.56 MILLIMETER",1,Each,499,D,1,2003-06-05 00:00:00
IL,ALTON POLICE DEPT,1005-00-073-9421,"RIFLE,5.56 MILLIMETER",1,Each,499,D,1,2003-06-05 00:00:00
IL,ALTON POLICE DEPT,1005-00-073-9421,"RIFLE,5.56 MILLIMETER",1,Each,499,D,1,2003-06-05 00:00:00
IL,ANTIOCH POLICE DEPT,5855-01-526-4128,"SIGHT,NIGHT VISION SNIPERSCOPE",1,Each,647.83,D,1,2013-02-21 00:00:00
IL,ANTIOCH POLICE DEPT,5855-01-526-4128,"SIGHT,NIGHT VISION SNIPERSCOPE",1,Each,647.83,D,1,2013-02-21 00:00:00
IL,ANTIOCH POLICE DEPT,5855-01-526-4128,"SIGHT,NIGHT VISION SNIPERSCOPE",1,Each,647.83,D,1,2013-02-21 00:00:00
IL,ANTIOCH POLICE DEPT,5855-01-526-4128,"SIGHT,NIGHT VISION SNIPERSCOPE",1,Each,647.83,D,1,2013-02-21 00:00:00
IL,ANTIOCH POLICE DEPT,5855-01-526-4128,"SIGHT,NIGHT VISION SNIPERSCOPE",1,Each,647.83,D,1,2013-02-21 00:00:00
IL,ANTIOCH POLICE DEPT,5855-01-526-4128,"SIGHT,NIGHT VISION SNIPERSCOPE",1,Each,647.83,D,1,2013-02-21 00:00:00
IL,ANTIOCH POLICE DEPT,1240-01-411-1265,"SIGHT,REFLEX",20,Each,315,D,1,2012-10-16 00:00:00
IL,ANTIOCH POLICE DEPT,5855-01-526-4128,"SIGHT,NIGHT VISION SNIPERSCOPE",1,Each,647.83,D,1,2013-02-21 00:00:00
IL,ANTIOCH POLICE DEPT,5855-01-526-4128,"SIGHT,NIGHT VISION SNIPERSCOPE",1,Each,647.83,D,1,2013-02-21 00:00:00
IL,APPLE RIVER POLICE DEPT,2320-01-371-9577,"TRUCK,UTILITY",1,Each,47023,Q,6,2013-04-11 00:00:00
IL,AROMA PARK POLICE DEPARTMENT,1005-00-589-1271,"RIFLE,7.62 MILLIMETER",1,Each,138,D,1,2001-07-06 00:00:00
IL,AROMA PARK POLICE DEPARTMENT,1005-00-589-1271,"RIFLE,7.62 MILLIMETER",1,Each,138,D,1,2001-07-06 00:00:00
IL,AROMA PARK POLICE DEPARTMENT,1005-00-677-9150,"SHOTGUN,12 GAGE,RIOT TYPE",1,Each,72.1,D,1,2009-01-05 00:00:00
IL,AROMA PARK POLICE DEPARTMENT,1005-00-589-1271,"RIFLE,7.62 MILLIMETER",1,Each,138,D,1,2001-07-06 00:00:00
IL,AROMA PARK POLICE DEPARTMENT,1005-00-073-9421,"RIFLE,5.56 MILLIMETER",1,Each,499,D,1,2003-06-11 00:00:00
IL,AROMA PARK POLICE DEPARTMENT,1005-00-073-9421,"RIFLE,5.56 MILLIMETER",1,Each,499,D,1,2003-06-11 00:00:00
IL,AROMA PARK POLICE DEPARTMENT,1005-00-073-9421,"RIFLE,5.56 MILLIMETER",1,Each,499,D,1,2003-06-11 00:00:00
IL,AROMA PARK POLICE DEPARTMENT,1005-00-073-9421,"RIFLE,5.56 MILLIMETER",1,Each,499,D,1,2003-06-11 00:00:00
IL,ATHENS POLICE DEPT,1005-00-589-1271,"RIFLE,7.62 MILLIMETER",1,Each,138,D,1,2007-06-21 00:00:00
IL,ATHENS POLICE DEPT,7025-DS-ALL-IN1P,"ALL IN ONE PRINTER, FAX, SCANNER",1,Each,0,A,,2017-08-29 00:00:00
IL,ATHENS POLICE DEPT,1240-01-485-0441,"SIGHT,HOLOGRAPHIC  ",1,Each,453,D,1,2014-07-25 00:00:00
IL,ATHENS POLICE DEPT,5855-01-516-8047,"VIEWER,NIGHT VISION",1,Each,1381.21,D,1,2014-08-05 00:00:00
IL,ATHENS POLICE DEPT,1240-01-540-3690,"SIGHT,REFLEX",5,Each,365,D,1,2014-07-25 00:00:00
IL,ATHENS POLICE DEPT,1095-01-526-7860,"FIRING DEVICE,NON-LETHAL",3,Each,1093,D,1,2015-04-02 00:00:00
IL,ATHENS POLICE DEPT,6920-00-795-1806,"TARGET,SILHOUETTE",3,Box,45.67,A,1,2016-12-05 00:00:00
IL,ATHENS POLICE DEPT,4220-00-541-3885,DIVING EQUIPMENT SET,3,Set,3629,F,1,2015-09-09 00:00:00
IL,ATHENS POLICE DEPT,1385-21-892-8212,"OPENER,CAR DOOR    ",8,Each,327,B,3,2015-04-17 00:00:00
IL,ATHENS POLICE DEPT,1005-01-408-3578,"SUPPRESSOR,SMALL ARMS WEAPON",1,Each,23.71,D,1,2015-04-22 00:00:00
IL,ATHENS POLICE DEPT,1095-01-541-3653,"PROJECTILE,NON-LETHAL",60,Box,468.81,Q,6,2015-05-20 00:00:00
IL,ATHENS POLICE DEPT,6230-01-588-8427,"LIGHT KIT,WEAPONS  ",4,Each,451.26,B,3,2015-02-18 00:00:00
IL,ATHENS POLICE DEPT,6650-00-530-0960,"TELESCOPE,STRAIGHT",1,Each,442,D,1,2013-12-12 00:00:00
IL,ATHENS POLICE DEPT,1240-01-411-1265,"SIGHT,REFLEX",1,Each,315,D,1,2013-12-12 00:00:00
IL,ATHENS POLICE DEPT,1240-01-411-1265,"SIGHT,REFLEX",1,Each,315,D,1,2013-12-12 00:00:00
IL,ATHENS POLICE DEPT,1005-00-589-1271,"RIFLE,7.62 MILLIMETER",1,Each,138,D,1,2007-06-21 00:00:00
IL,ATHENS POLICE DEPT,1005-00-073-9421,"RIFLE,5.56 MILLIMETER",1,Each,499,D,1,2007-06-25 00:00:00
IL,ATHENS POLICE DEPT,1005-00-073-9421,"RIFLE,5.56 MILLIMETER",1,Each,499,D,1,2007-06-25 00:00:00
IL,ATHENS POLICE DEPT,2410-01-155-1588,"TRACTOR,FULL TRACKED,LOW SPEED",1,Each,70002,A,1,2017-12-13 00:00:00
IL,ATHENS POLICE DEPT,3750-DS-LAW-NMOW,LAWN MOWER,1,Each,0,A,,2017-11-16 00:00:00
IL,ATHENS POLICE DEPT,2320-00-463-4582,"TRUCK,MAINTENANCE",1,Each,123120,Q,6,2014-04-15 00:00:00
IL,AUBURN POLICE DEPT,1005-00-856-6885,"RIFLE,5.56 MILLIMETER",1,Each,120,D,1,2011-05-23 00:00:00
IL,AUBURN POLICE DEPT,1005-00-856-6885,"RIFLE,5.56 MILLIMETER",1,Each,120,D,1,2011-05-23 00:00:00
IL,AUBURN POLICE DEPT,1005-00-856-6885,"RIFLE,5.56 MILLIMETER",1,Each,120,D,1,2011-05-23 00:00:00
IL,AUBURN POLICE DEPT,2320-01-107-7155,"TRUCK,UTILITY",1,Each,41061,Q,6,2012-08-08 00:00:00
IL,AUBURN POLICE DEPT,1005-00-856-6885,"RIFLE,5.56 MILLIMETER",1,Each,120,D,1,2011-05-23 00:00:00
IL,AUBURN POLICE DEPT,2320-01-107-7155,"TRUCK,UTILITY",1,Each,41061,Q,6,2012-08-08 00:00:00
IL,AUBURN POLICE DEPT,1005-00-856-6885,"RIFLE,5.56 MILLIMETER",1,Each,120,D,1,2011-05-23 00:00:00
IL,AUBURN POLICE DEPT,1005-00-856-6885,"RIFLE,5.56 MILLIMETER",1,Each,120,D,1,2011-05-23 00:00:00
IL,AVON POLICE DEPT,1005-00-726-5655,"PISTOL,CALIBER .45,AUTOMATIC",1,Each,58.71,D,1,2007-11-26 00:00:00
IL,AVON POLICE DEPT,1005-00-726-5655,"PISTOL,CALIBER .45,AUTOMATIC",1,Each,58.71,D,1,2007-11-26 00:00:00
IL,AVON POLICE DEPT,1005-00-726-5655,"PISTOL,CALIBER .45,AUTOMATIC",1,Each,58.71,D,1,2007-11-26 00:00:00
IL,AVON POLICE DEPT,1005-00-073-9421,"RIFLE,5.56 MILLIMETER",1,Each,499,D,1,2007-11-26 00:00:00
IL,AVON POLICE DEPT,1005-00-726-5655,"PISTOL,CALIBER .45,AUTOMATIC",1,Each,58.71,D,1,2007-11-26 00:00:00
IL,AVON POLICE DEPT,1005-00-726-5655,"PISTOL,CALIBER .45,AUTOMATIC",1,Each,58.71,D,1,2007-11-26 00:00:00
IL,BARRINGTON POLICE DEPT,2540-01-053-5146,"FORDING KIT,DEEP WA",2,Each,533.08,B,3,2012-07-23 00:00:00
IL,BARRINGTON POLICE DEPT,5855-01-132-5139,STOWAGE KIT        ,2,Kit,4076.1,B,3,2012-07-23 00:00:00
IL,BARRINGTON POLICE DEPT,2320-01-107-7155,"TRUCK,UTILITY",1,Each,41061,Q,6,2012-07-11 00:00:00
IL,BARRINGTON POLICE DEPT,2320-01-107-7155,"TRUCK,UTILITY",1,Each,41061,Q,6,2012-07-11 00:00:00
IL,BARTONVILLE POLICE DEPT,5965-01-453-2684,HEADSET-MICROPHONE,4,Each,1044,B,3,2014-07-08 00:00:00
IL,BARTONVILLE POLICE DEPT,1005-01-128-9936,"RIFLE,5.56 MILLIMETER",1,Each,749,D,1,2014-10-20 00:00:00
IL,BARTONVILLE POLICE DEPT,1005-01-128-9936,"RIFLE,5.56 MILLIMETER",1,Each,749,D,1,2014-10-20 00:00:00
IL,BARTONVILLE POLICE DEPT,1005-01-128-9936,"RIFLE,5.56 MILLIMETER",1,Each,749,D,1,2014-10-20 00:00:00
IL,BARTONVILLE POLICE DEPT,1005-01-128-9936,"RIFLE,5.56 MILLIMETER",1,Each,749,D,1,2014-10-20 00:00:00
IL,BARTONVILLE POLICE DEPT,5995-01-392-6198,"CABLE ASSEMBLY,SPECIAL PURPOSE,ELECTRICAL,BRANCHED",4,Each,97.03,B,3,2014-08-20 00:00:00
IL,BARTONVILLE POLICE DEPT,5830-01-382-3209,"CONTROL,INTERCOMMUNICATION SET",2,Each,770,B,3,2014-12-30 00:00:00
IL,BARTONVILLE POLICE DEPT,5830-00-892-3339,"CONTROL,INTERCOMMUNICATION SET",6,Each,398,B,3,2014-07-08 00:00:00
IL,BARTONVILLE POLICE DEPT,5995-01-392-6200,"CABLE ASSEMBLY,SPECIAL PURPOSE,ELECTRICAL,BRANCHED",4,Each,105,B,3,2014-08-20 00:00:00
IL,BARTONVILLE POLICE DEPT,5995-01-456-8955,"CABLE ASSEMBLY,SPECIAL PURPOSE,ELECTRICAL",2,Each,154,B,3,2014-08-20 00:00:00
IL,BARTONVILLE POLICE DEPT,5995-01-392-9107,"CABLE ASSEMBLY,POWER,ELECTRICAL,BRANCHED",2,Each,95.48,B,3,2014-08-20 00:00:00
IL,BARTONVILLE POLICE DEPT,6720-12-308-0349,"CAMERA COMPONENT,MECHANICAL",6,Each,3718,B,3,2014-07-02 00:00:00
IL,BARTONVILLE POLICE DEPT,5995-01-392-6204,"CABLE ASSEMBLY,SPECIAL PURPOSE,ELECTRICAL,BRANCHED",2,Each,130,B,3,2014-08-20 00:00:00
IL,BARTONVILLE POLICE DEPT,5995-01-393-0216,"CABLE ASSEMBLY,SPECIAL PURPOSE,ELECTRICAL,BRANCHED",1,Each,105,B,3,2014-08-13 00:00:00
IL,BARTONVILLE POLICE DEPT,5995-01-386-9109,"CABLE ASSEMBLY,SPECIAL PURPOSE,ELECTRICAL",6,Each,90.79,B,3,2014-08-20 00:00:00
IL,BARTONVILLE POLICE DEPT,5830-01-395-4177,INTERCOMMUNICATION SET,1,Each,16350,B,3,2014-07-02 00:00:00
IL,BARTONVILLE POLICE DEPT,2320-01-107-7155,"TRUCK,UTILITY",1,Each,41061,Q,6,2011-09-29 00:00:00
IL,BARTONVILLE POLICE DEPT,1005-00-073-9421,"RIFLE,5.56 MILLIMETER",1,Each,499,D,1,2007-08-07 00:00:00
IL,BARTONVILLE POLICE DEPT,1005-00-073-9421,"RIFLE,5.56 MILLIMETER",1,Each,499,D,1,2007-08-07 00:00:00
IL,BARTONVILLE POLICE DEPT,2355-DS-COM-BTV2,ONLY COMPLETE COMBAT/ASSAULT/TACTICAL WHEELED VEHICLES,1,Each,150000,D,,2012-04-05 00:00:00
IL,BARTONVILLE POLICE DEPT,7021-01-571-2336,"COMPUTER,DIGITAL",8,Each,7043.48,D,1,2014-07-16 00:00:00
IL,BARTONVILLE POLICE DEPT,5995-01-393-7694,"CABLE ASSEMBLY,SPECIAL PURPOSE,ELECTRICAL,BRANCHED",2,Each,53.01,B,3,2014-08-13 00:00:00
IL,BARTONVILLE POLICE DEPT,1005-01-128-9936,"RIFLE,5.56 MILLIMETER",1,Each,749,D,1,2014-10-20 00:00:00
IL,BARTONVILLE POLICE DEPT,5830-01-382-3218,"CONTROL,INTERCOMMUNICATION SET",4,Each,1438,C,1,2015-03-25 00:00:00
IL,BARTONVILLE POLICE DEPT,5965-01-385-7811,"HEADSET,ELECTRICAL",3,Each,1441,B,3,2014-07-08 00:00:00
IL,BEARDSTOWN POLICE DEPT,1005-00-073-9421,"RIFLE,5.56 MILLIMETER",1,Each,499,D,1,2004-09-07 00:00:00
IL,BEARDSTOWN POLICE DEPT,1005-00-073-9421,"RIFLE,5.56 MILLIMETER",1,Each,499,D,1,2004-09-07 00:00:00
IL,BEDFORD PARK POLICE DEPT,1005-00-073-9421,"RIFLE,5.56 MILLIMETER",1,Each,499,D,1,2003-10-14 00:00:00
IL,BEDFORD PARK POLICE DEPT,1005-00-073-9421,"RIFLE,5.56 MILLIMETER",1,Each,499,D,1,2003-10-14 00:00:00
IL,BEDFORD PARK POLICE DEPT,1005-00-073-9421,"RIFLE,5.56 MILLIMETER",1,Each,499,D,1,2003-10-14 00:00:00
IL,BEDFORD PARK POLICE DEPT,1005-00-589-1271,"RIFLE,7.62 MILLIMETER",1,Each,138,D,1,2004-12-21 00:00:00
IL,BEDFORD PARK POLICE DEPT,1005-00-073-9421,"RIFLE,5.56 MILLIMETER",1,Each,499,D,1,2003-10-14 00:00:00
IL,BEDFORD PARK POLICE DEPT,1005-00-073-9421,"RIFLE,5.56 MILLIMETER",1,Each,499,D,1,2003-10-14 00:00:00
IL,BEDFORD PARK POLICE DEPT,1005-00-073-9421,"RIFLE,5.56 MILLIMETER",1,Each,499,D,1,2003-10-14 00:00:00
IL,BEDFORD PARK POLICE DEPT,1005-00-073-9421,"RIFLE,5.56 MILLIMETER",1,Each,499,D,1,2003-10-14 00:00:00
IL,BEDFORD PARK POLICE DEPT,1005-00-589-1271,"RIFLE,7.62 MILLIMETER",1,Each,138,D,1,2004-12-21 00:00:00
IL,BEECHER POLICE DEPT,1005-00-589-1271,"RIFLE,7.62 MILLIMETER",1,Each,138,D,1,2000-03-20 00:00:00
IL,BEECHER POLICE DEPT,1005-00-073-9421,"RIFLE,5.56 MILLIMETER",1,Each,499,D,1,2008-02-25 00:00:00
IL,BEECHER POLICE DEPT,1005-00-073-9421,"RIFLE,5.56 MILLIMETER",1,Each,499,D,1,2006-05-04 00:00:00
IL,BEECHER POLICE DEPT,1005-00-589-1271,"RIFLE,7.62 MILLIMETER",1,Each,138,D,1,2000-03-20 00:00:00
IL,BEECHER POLICE DEPT,6910-00-716-0903,"TRAINING AID,RIFLE SIGHTING",20,Each,5.18,B,3,2012-12-19 00:00:00
IL,BEECHER POLICE DEPT,1005-00-118-6192,"FIRING ATTACHMENT,BLANK AMMUNITION",10,Each,5.96,B,3,2014-06-24 00:00:00
IL,BEECHER POLICE DEPT,2320-01-128-9552,"TRUCK,UTILITY",1,Each,49897,C,1,2014-06-19 00:00:00
IL,BEECHER POLICE DEPT,2320-01-107-7156,"TRUCK,UTILITY",1,Each,43376,Q,6,2014-08-05 00:00:00
IL,BEECHER POLICE DEPT,1005-01-128-9936,"RIFLE,5.56 MILLIMETER",1,Each,749,D,1,2014-09-30 00:00:00
IL,BEECHER POLICE DEPT,1005-01-128-9936,"RIFLE,5.56 MILLIMETER",1,Each,749,D,1,2014-09-30 00:00:00
IL,BEECHER POLICE DEPT,1005-00-921-5004,"MAGAZINE,CARTRIDGE",51,Each,12.3,D,1,2014-07-02 00:00:00
IL,BEECHER POLICE DEPT,1005-01-128-9936,"RIFLE,5.56 MILLIMETER",1,Each,749,D,1,2014-09-30 00:00:00
IL,BEECHER POLICE DEPT,1005-01-128-9936,"RIFLE,5.56 MILLIMETER",1,Each,749,D,1,2014-09-30 00:00:00
IL,BEECHER POLICE DEPT,1005-01-128-9936,"RIFLE,5.56 MILLIMETER",1,Each,749,D,1,2014-09-30 00:00:00
IL,BEECHER POLICE DEPT,2320-01-107-7155,"TRUCK,UTILITY",1,Each,41061,Q,6,2014-08-05 00:00:00
IL,BEECHER POLICE DEPT,1005-01-128-9936,"RIFLE,5.56 MILLIMETER",1,Each,749,D,1,2014-09-30 00:00:00
IL,BEECHER POLICE DEPT,1005-01-128-9936,"RIFLE,5.56 MILLIMETER",1,Each,749,D,1,2014-09-30 00:00:00
IL,BELLEVILLE POLICE DEPT,5895-01-559-3078,COMMUNICATION SUBSYSTEM,20,Kit,5395,F,1,2014-08-21 00:00:00
IL,BELLEVILLE POLICE DEPT,5895-01-559-3078,COMMUNICATION SUBSYSTEM,10,Kit,5395,F,1,2014-08-21 00:00:00
IL,BELLEVILLE POLICE DEPT,7021-01-592-8324,"COMPUTER,DIGITAL",24,Each,5502,C,7,2014-04-17 00:00:00
IL,BELLEVILLE POLICE DEPT,1005-00-073-9421,"RIFLE,5.56 MILLIMETER",1,Each,499,D,1,2007-08-07 00:00:00
IL,BELLEVILLE POLICE DEPT,1005-00-589-1271,"RIFLE,7.62 MILLIMETER",1,Each,138,D,1,2007-08-08 00:00:00
IL,BELLEVILLE POLICE DEPT,1005-00-589-1271,"RIFLE,7.62 MILLIMETER",1,Each,138,D,1,2007-08-08 00:00:00
IL,BELLEVILLE POLICE DEPT,1005-00-589-1271,"RIFLE,7.62 MILLIMETER",1,Each,138,D,1,2007-08-08 00:00:00
IL,BELLEVILLE POLICE DEPT,5855-01-228-0937,NIGHT VISION GOGGLE,1,Each,3578,F,1,2012-02-22 00:00:00
IL,BELLEVILLE POLICE DEPT,1005-00-073-9421,"RIFLE,5.56 MILLIMETER",1,Each,499,D,1,2007-08-07 00:00:00
IL,BELLEVILLE POLICE DEPT,1005-00-073-9421,"RIFLE,5.56 MILLIMETER",1,Each,499,D,1,2007-08-07 00:00:00
IL,BELLEVILLE POLICE DEPT,1005-00-589-1271,"RIFLE,7.62 MILLIMETER",1,Each,138,D,1,2007-08-08 00:00:00
IL,BELLEVILLE POLICE DEPT,1005-00-589-1271,"RIFLE,7.62 MILLIMETER",1,Each,138,D,1,2007-08-08 00:00:00
IL,BELLEVILLE POLICE DEPT,1005-00-589-1271,"RIFLE,7.62 MILLIMETER",1,Each,138,D,1,2007-08-08 00:00:00
IL,BELLEVILLE POLICE DEPT,5855-01-228-0937,NIGHT VISION GOGGLE,1,Each,3578,F,1,2012-02-22 00:00:00
IL,BELLEVILLE POLICE DEPT,1005-00-073-9421,"RIFLE,5.56 MILLIMETER",1,Each,499,D,1,2007-08-07 00:00:00
IL,BELLEVILLE POLICE DEPT,1005-00-073-9421,"RIFLE,5.56 MILLIMETER",1,Each,499,D,1,2007-08-07 00:00:00
IL,BELLEVILLE POLICE DEPT,1005-00-589-1271,"RIFLE,7.62 MILLIMETER",1,Each,138,D,1,2007-08-08 00:00:00
IL,BELLEVILLE POLICE DEPT,1005-00-589-1271,"RIFLE,7.62 MILLIMETER",1,Each,138,D,1,2007-08-08 00:00:00
IL,BELLEVILLE POLICE DEPT,1005-00-589-1271,"RIFLE,7.62 MILLIMETER",1,Each,138,D,1,2007-08-08 00:00:00
IL,BELLEVILLE POLICE DEPT,1005-00-589-1271,"RIFLE,7.62 MILLIMETER",1,Each,138,D,1,2007-08-08 00:00:00
IL,BELLEVILLE POLICE DEPT,1005-00-589-1271,"RIFLE,7.62 MILLIMETER",1,Each,138,D,1,2007-08-08 00:00:00
IL,BELLEVILLE POLICE DEPT,1005-00-589-1271,"RIFLE,7.62 MILLIMETER",1,Each,138,D,1,2007-08-08 00:00:00
IL,BELLEVILLE POLICE DEPT,5855-01-017-7366,NIGHT VISION SIGHT ASSEMBLY,1,Each,3207,F,1,2012-02-22 00:00:00
IL,BELLEVILLE POLICE DEPT,1005-00-589-1271,"RIFLE,7.62 MILLIMETER",1,Each,138,D,1,2007-08-08 00:00:00
IL,BELLEVILLE POLICE DEPT,1005-00-073-9421,"RIFLE,5.56 MILLIMETER",1,Each,499,D,1,2007-08-07 00:00:00
IL,BELLEVILLE POLICE DEPT,1005-00-073-9421,"RIFLE,5.56 MILLIMETER",1,Each,499,D,1,2007-08-07 00:00:00
IL,BELLEVILLE POLICE DEPT,1005-00-589-1271,"RIFLE,7.62 MILLIMETER",1,Each,138,D,1,2007-08-08 00:00:00
IL,BELLEVILLE POLICE DEPT,1005-00-073-9421,"RIFLE,5.56 MILLIMETER",1,Each,499,D,1,2007-08-07 00:00:00
IL,BELLEVILLE POLICE DEPT,1005-00-589-1271,"RIFLE,7.62 MILLIMETER",1,Each,138,D,1,2007-08-08 00:00:00
IL,BELLEVILLE POLICE DEPT,1005-00-726-5655,"PISTOL,CALIBER .45,AUTOMATIC",1,Each,58.71,D,1,2007-08-08 00:00:00
IL,BELLEVILLE POLICE DEPT,1005-00-726-5655,"PISTOL,CALIBER .45,AUTOMATIC",1,Each,58.71,D,1,2007-08-08 00:00:00
IL,BELLEVILLE POLICE DEPT,1005-00-726-5655,"PISTOL,CALIBER .45,AUTOMATIC",1,Each,58.71,D,1,2007-08-08 00:00:00
IL,BELLEVILLE POLICE DEPT,1005-00-726-5655,"PISTOL,CALIBER .45,AUTOMATIC",1,Each,58.71,D,1,2007-08-08 00:00:00
IL,BELLEVILLE POLICE DEPT,1385-01-574-4707,"UNMANNED VEHICLE,GROUND",1,Each,10000,Q,3,2013-03-21 00:00:00
IL,BELLEVILLE POLICE DEPT,1385-01-574-4707,"UNMANNED VEHICLE,GROUND",1,Each,10000,Q,3,2013-03-21 00:00:00
IL,BELLEVILLE POLICE DEPT,7025-DS-FLA-TPAN,FLAT PANEL MONITOR,9,Each,300,A,,2017-11-14 00:00:00
IL,BELLEVILLE POLICE DEPT,7035-DS-SWI-TCH6,"SWITCH, NETWORK",15,Each,27107.19,A,,2017-04-17 00:00:00
IL,BELLEVILLE POLICE DEPT,1005-00-726-5655,"PISTOL,CALIBER .45,AUTOMATIC",1,Each,58.71,D,1,2007-08-08 00:00:00
IL,BELLEVILLE POLICE DEPT,7025-DS-PRI-NT05,PRINTER,1,Each,299.78,A,,2017-04-17 00:00:00
IL,BELLEVILLE POLICE DEPT,1005-00-726-5655,"PISTOL,CALIBER .45,AUTOMATIC",1,Each,58.71,D,1,2007-08-08 00:00:00
IL,BELLEVILLE POLICE DEPT,7025-DS-SCA-NNE2,"SCANNER, DIGITAL",3,Each,1300,A,,2017-03-31 00:00:00
IL,BELLEVILLE POLICE DEPT,1005-00-073-9421,"RIFLE,5.56 MILLIMETER",1,Each,499,D,1,2007-08-07 00:00:00
IL,BELLEVILLE POLICE DEPT,7035-DS-ADP-SUPP,ADP SUPPORT EQUIPMENT,2,Each,20,A,,2017-04-26 00:00:00
IL,BELLEVILLE POLICE DEPT,7021-DS-ADP-CPUD,"ADP CPU, DIGITAL",13,Each,998,A,,2016-11-04 00:00:00
IL,BELLEVILLE POLICE DEPT,1005-00-726-5655,"PISTOL,CALIBER .45,AUTOMATIC",1,Each,58.71,D,1,2007-08-08 00:00:00
IL,BELLEVILLE POLICE DEPT,1005-00-726-5655,"PISTOL,CALIBER .45,AUTOMATIC",1,Each,58.71,D,1,2007-08-08 00:00:00
IL,BELLEVILLE POLICE DEPT,1005-00-726-5655,"PISTOL,CALIBER .45,AUTOMATIC",1,Each,58.71,D,1,2007-08-08 00:00:00
IL,BELLEVILLE POLICE DEPT,7035-DS-SWI-TCH6,"SWITCH, NETWORK",2,Each,27107.19,A,,2017-01-04 00:00:00
IL,BELLEVILLE POLICE DEPT,7010-01-576-6916,"COMPUTER SYSTEM,DIGITAL",1,Each,9000,Q,3,2016-01-13 00:00:00
IL,BELLEVILLE POLICE DEPT,7021-01-592-8324,"COMPUTER,DIGITAL",2,Each,5502,C,7,2015-03-24 00:00:00
IL,BELLEVILLE POLICE DEPT,1385-01-574-4707,"UNMANNED VEHICLE,GROUND",1,Each,10000,Q,3,2013-03-21 00:00:00
IL,BELLEVILLE POLICE DEPT,6625-01-318-7659,"COUNTER,ELECTRONIC,DIGITAL READOUT",2,Each,10778.45,B,3,2013-02-21 00:00:00
IL,BELLEVILLE POLICE DEPT,1005-00-726-5655,"PISTOL,CALIBER .45,AUTOMATIC",1,Each,58.71,D,1,2007-08-08 00:00:00
IL,BELLEVILLE POLICE DEPT,1005-00-726-5655,"PISTOL,CALIBER .45,AUTOMATIC",1,Each,58.71,D,1,2007-08-08 00:00:00
IL,BELLEVILLE POLICE DEPT,1005-00-726-5655,"PISTOL,CALIBER .45,AUTOMATIC",1,Each,58.71,D,1,2007-08-08 00:00:00
IL,BELLEVILLE POLICE DEPT,1005-00-726-5655,"PISTOL,CALIBER .45,AUTOMATIC",1,Each,58.71,D,1,2007-08-08 00:00:00
IL,BELLEVILLE POLICE DEPT,1005-00-073-9421,"RIFLE,5.56 MILLIMETER",1,Each,499,D,1,2007-08-07 00:00:00
IL,BELLEVILLE POLICE DEPT,1005-00-073-9421,"RIFLE,5.56 MILLIMETER",1,Each,499,D,1,2007-08-07 00:00:00
IL,BELLEVILLE POLICE DEPT,6625-01-225-7433,"TEST SET,ELECTRONIC SYSTEMS",1,Each,4960,Q,3,2013-02-21 00:00:00
IL,BELLEVILLE POLICE DEPT,1005-00-726-5655,"PISTOL,CALIBER .45,AUTOMATIC",1,Each,58.71,D,1,2007-08-08 00:00:00
IL,BELLEVILLE POLICE DEPT,2320-01-371-9577,"TRUCK,UTILITY",1,Each,47023,Q,6,2011-11-03 00:00:00
IL,BELLEVILLE POLICE DEPT,5855-01-228-0936,NIGHT VISION GOGGLE,1,Each,4300,F,1,2012-02-22 00:00:00
IL,BELLEVILLE POLICE DEPT,5855-01-228-0936,NIGHT VISION GOGGLE,1,Each,4300,F,1,2012-02-22 00:00:00
IL,BELLEVILLE POLICE DEPT,1005-00-726-5655,"PISTOL,CALIBER .45,AUTOMATIC",1,Each,58.71,D,1,2007-08-08 00:00:00
IL,BELLEVILLE POLICE DEPT,1005-00-726-5655,"PISTOL,CALIBER .45,AUTOMATIC",1,Each,58.71,D,1,2007-08-08 00:00:00
IL,BELLEVILLE POLICE DEPT,1005-00-726-5655,"PISTOL,CALIBER .45,AUTOMATIC",1,Each,58.71,D,1,2007-08-08 00:00:00
IL,BELLEVILLE POLICE DEPT,1005-00-726-5655,"PISTOL,CALIBER .45,AUTOMATIC",1,Each,58.71,D,1,2007-08-08 00:00:00
IL,BELLEVILLE POLICE DEPT,6625-01-326-0410,"REFLECTOMETER,OPTICAL TIME DOMAIN",2,Each,6628,B,3,2012-04-02 00:00:00
IL,BELLEVILLE POLICE DEPT,1005-00-073-9421,"RIFLE,5.56 MILLIMETER",1,Each,499,D,1,2007-08-07 00:00:00
IL,BELLEVILLE POLICE DEPT,1005-00-726-5655,"PISTOL,CALIBER .45,AUTOMATIC",1,Each,58.71,D,1,2007-08-08 00:00:00
IL,BELLEVILLE POLICE DEPT,5855-01-398-4315,"INFRARED EQUIPMENT,SUBASSEMBLY",2,Each,503,D,1,2008-01-03 00:00:00
IL,BELLEVILLE POLICE DEPT,5855-01-398-4315,"INFRARED EQUIPMENT,SUBASSEMBLY",1,Each,503,D,1,2007-12-12 00:00:00
IL,BELLEVILLE POLICE DEPT,5855-01-398-4315,"INFRARED EQUIPMENT,SUBASSEMBLY",3,Each,503,D,1,2007-12-12 00:00:00
IL,BELLEVILLE POLICE DEPT,1005-00-073-9421,"RIFLE,5.56 MILLIMETER",1,Each,499,D,1,2007-08-07 00:00:00
IL,BELLEVILLE POLICE DEPT,1005-00-726-5655,"PISTOL,CALIBER .45,AUTOMATIC",1,Each,58.71,D,1,2007-08-08 00:00:00
IL,BELLEVILLE POLICE DEPT,7021-DS-ADP-CPUD,"ADP CPU, DIGITAL",20,Each,998,A,,2017-11-14 00:00:00
IL,BELLEVILLE POLICE DEPT,5855-01-228-0937,NIGHT VISION GOGGLE,1,Each,3578,F,1,2012-02-22 00:00:00
IL,BELLEVILLE POLICE DEPT,1005-00-073-9421,"RIFLE,5.56 MILLIMETER",1,Each,499,D,1,2007-08-07 00:00:00
IL,BELLEVILLE POLICE DEPT,1005-00-073-9421,"RIFLE,5.56 MILLIMETER",1,Each,499,D,1,2007-08-07 00:00:00
IL,BELLEVILLE POLICE DEPT,5855-01-017-7366,NIGHT VISION SIGHT ASSEMBLY,1,Each,3207,F,1,2012-02-22 00:00:00
IL,BELLEVILLE POLICE DEPT,5855-01-017-7366,NIGHT VISION SIGHT ASSEMBLY,1,Each,3207,F,1,2012-02-22 00:00:00
IL,BELLEVILLE POLICE DEPT,5855-01-228-0937,NIGHT VISION GOGGLE,1,Each,3578,F,1,2012-02-22 00:00:00
IL,BELLEVILLE POLICE DEPT,5855-01-228-0937,NIGHT VISION GOGGLE,1,Each,3578,F,1,2012-02-22 00:00:00
IL,BELLEVILLE POLICE DEPT,5855-01-228-0936,NIGHT VISION GOGGLE,1,Each,4300,F,1,2012-02-22 00:00:00
IL,BELLEVILLE POLICE DEPT,5855-01-228-0936,NIGHT VISION GOGGLE,1,Each,4300,F,1,2012-02-22 00:00:00
IL,BELLEVILLE POLICE DEPT,5855-01-017-7366,NIGHT VISION SIGHT ASSEMBLY,1,Each,3207,F,1,2008-01-10 00:00:00
IL,BELLEVILLE POLICE DEPT,5855-01-017-7366,NIGHT VISION SIGHT ASSEMBLY,1,Each,3207,F,1,2008-01-10 00:00:00
IL,BELLEVILLE POLICE DEPT,5855-01-228-0937,NIGHT VISION GOGGLE,1,Each,3578,F,1,2012-02-22 00:00:00
IL,BELLEVILLE POLICE DEPT,5855-01-228-0936,NIGHT VISION GOGGLE,1,Each,4300,F,1,2012-02-22 00:00:00
IL,BELLEVILLE POLICE DEPT,5855-01-228-0936,NIGHT VISION GOGGLE,1,Each,4300,F,1,2012-02-22 00:00:00
IL,BELLEVILLE POLICE DEPT,5855-01-017-7366,NIGHT VISION SIGHT ASSEMBLY,1,Each,3207,F,1,2012-02-22 00:00:00
IL,BELLEVILLE POLICE DEPT,5855-01-228-0937,NIGHT VISION GOGGLE,1,Each,3578,F,1,2012-02-22 00:00:00
IL,BELLEVILLE POLICE DEPT,5855-01-228-0937,NIGHT VISION GOGGLE,1,Each,3578,F,1,2012-02-22 00:00:00
IL,BELLEVILLE POLICE DEPT,5855-00-179-3708,NIGHT VISION SIGHT ,1,Each,2350,F,1,2007-12-19 00:00:00
IL,BELLEVILLE POLICE DEPT,5855-00-179-3708,NIGHT VISION SIGHT ,1,Each,2350,F,1,2007-12-19 00:00:00
IL,BELLEVILLE POLICE DEPT,5855-01-228-0937,NIGHT VISION GOGGLE,1,Each,3578,F,1,2012-02-22 00:00:00
IL,BELLEVILLE POLICE DEPT,5855-01-017-7366,NIGHT VISION SIGHT ASSEMBLY,1,Each,3207,F,1,2012-02-22 00:00:00
IL,BELLEVILLE POLICE DEPT,1005-00-073-9421,"RIFLE,5.56 MILLIMETER",1,Each,499,D,1,2007-08-07 00:00:00
IL,BELLEVILLE POLICE DEPT,5855-01-228-0936,NIGHT VISION GOGGLE,1,Each,4300,F,1,2012-02-22 00:00:00
IL,BELLEVILLE POLICE DEPT,5855-01-228-0936,NIGHT VISION GOGGLE,1,Each,4300,F,1,2012-02-22 00:00:00
IL,BELLEVILLE POLICE DEPT,5855-01-228-0936,NIGHT VISION GOGGLE,1,Each,4300,F,1,2012-02-22 00:00:00
IL,BELLEVILLE POLICE DEPT,5855-01-228-0937,NIGHT VISION GOGGLE,1,Each,3578,F,1,2012-02-22 00:00:00
IL,BELLEVILLE POLICE DEPT,1005-00-589-1271,"RIFLE,7.62 MILLIMETER",1,Each,138,D,1,2007-08-08 00:00:00
IL,BELVIDERE POLICE DEPT,1005-01-128-9936,"RIFLE,5.56 MILLIMETER",1,Each,749,D,1,2014-09-24 00:00:00
IL,BELVIDERE POLICE DEPT,1005-01-128-9936,"RIFLE,5.56 MILLIMETER",1,Each,749,D,1,2014-09-23 00:00:00
IL,BELVIDERE POLICE DEPT,1005-01-128-9936,"RIFLE,5.56 MILLIMETER",1,Each,749,D,1,2014-09-23 00:00:00
IL,BELVIDERE POLICE DEPT,1005-01-128-9936,"RIFLE,5.56 MILLIMETER",1,Each,749,D,1,2014-09-23 00:00:00
IL,BELVIDERE POLICE DEPT,1005-01-128-9936,"RIFLE,5.56 MILLIMETER",1,Each,749,D,1,2014-09-24 00:00:00
IL,BELVIDERE POLICE DEPT,1005-01-128-9936,"RIFLE,5.56 MILLIMETER",1,Each,749,D,1,2014-09-23 00:00:00
IL,BELVIDERE POLICE DEPT,1005-01-128-9936,"RIFLE,5.56 MILLIMETER",1,Each,749,D,1,2014-09-24 00:00:00
IL,BELVIDERE POLICE DEPT,1005-01-128-9936,"RIFLE,5.56 MILLIMETER",1,Each,749,D,1,2014-09-23 00:00:00
IL,BELVIDERE POLICE DEPT,1005-01-128-9936,"RIFLE,5.56 MILLIMETER",1,Each,749,D,1,2014-09-24 00:00:00
IL,BELVIDERE POLICE DEPT,1005-01-128-9936,"RIFLE,5.56 MILLIMETER",1,Each,749,D,1,2014-09-24 00:00:00
IL,BELVIDERE POLICE DEPT,1005-01-128-9936,"RIFLE,5.56 MILLIMETER",1,Each,749,D,1,2014-09-24 00:00:00
IL,BELVIDERE POLICE DEPT,1005-01-128-9936,"RIFLE,5.56 MILLIMETER",1,Each,749,D,1,2014-09-24 00:00:00
IL,BELVIDERE POLICE DEPT,1005-01-128-9936,"RIFLE,5.56 MILLIMETER",1,Each,749,D,1,2014-09-24 00:00:00
IL,BELVIDERE POLICE DEPT,1005-01-128-9936,"RIFLE,5.56 MILLIMETER",1,Each,749,D,1,2014-09-24 00:00:00
IL,BELVIDERE POLICE DEPT,1005-01-128-9936,"RIFLE,5.56 MILLIMETER",1,Each,749,D,1,2014-09-24 00:00:00
IL,BELVIDERE POLICE DEPT,1005-01-128-9936,"RIFLE,5.56 MILLIMETER",1,Each,749,D,1,2014-09-24 00:00:00
IL,BELVIDERE POLICE DEPT,1005-01-128-9936,"RIFLE,5.56 MILLIMETER",1,Each,749,D,1,2014-09-24 00:00:00
IL,BELVIDERE POLICE DEPT,1005-01-128-9936,"RIFLE,5.56 MILLIMETER",1,Each,749,D,1,2014-09-23 00:00:00
IL,BELVIDERE POLICE DEPT,1005-01-128-9936,"RIFLE,5.56 MILLIMETER",1,Each,749,D,1,2014-09-23 00:00:00
IL,BELVIDERE POLICE DEPT,1005-01-128-9936,"RIFLE,5.56 MILLIMETER",1,Each,749,D,1,2014-09-23 00:00:00
IL,BELVIDERE POLICE DEPT,1005-01-128-9936,"RIFLE,5.56 MILLIMETER",1,Each,749,D,1,2014-09-23 00:00:00
IL,BELVIDERE POLICE DEPT,1005-01-128-9936,"RIFLE,5.56 MILLIMETER",1,Each,749,D,1,2014-09-23 00:00:00
IL,BELVIDERE POLICE DEPT,1005-00-073-9421,"RIFLE,5.56 MILLIMETER",1,Each,499,D,1,2007-12-18 00:00:00
IL,BELVIDERE POLICE DEPT,1005-01-128-9936,"RIFLE,5.56 MILLIMETER",1,Each,749,D,1,2014-09-23 00:00:00
IL,BELVIDERE POLICE DEPT,1005-00-073-9421,"RIFLE,5.56 MILLIMETER",1,Each,499,D,1,2007-12-18 00:00:00
IL,BELVIDERE POLICE DEPT,1005-00-073-9421,"RIFLE,5.56 MILLIMETER",1,Each,499,D,1,2007-12-18 00:00:00
IL,BELVIDERE POLICE DEPT,1005-01-128-9936,"RIFLE,5.56 MILLIMETER",1,Each,749,D,1,2014-09-23 00:00:00
IL,BELVIDERE POLICE DEPT,1005-00-589-1271,"RIFLE,7.62 MILLIMETER",1,Each,138,D,1,2000-02-07 00:00:00
IL,BELVIDERE POLICE DEPT,1005-00-589-1271,"RIFLE,7.62 MILLIMETER",1,Each,138,D,1,2000-02-07 00:00:00
IL,BELVIDERE POLICE DEPT,2320-01-371-9577,"TRUCK,UTILITY",1,Each,47023,Q,6,2013-05-23 00:00:00
IL,BELVIDERE POLICE DEPT,1005-00-073-9421,"RIFLE,5.56 MILLIMETER",1,Each,499,D,1,2007-12-18 00:00:00
IL,BELVIDERE POLICE DEPT,1005-00-073-9421,"RIFLE,5.56 MILLIMETER",1,Each,499,D,1,2007-12-17 00:00:00
IL,BELVIDERE POLICE DEPT,1005-00-073-9421,"RIFLE,5.56 MILLIMETER",1,Each,499,D,1,2007-12-17 00:00:00
IL,BELVIDERE POLICE DEPT,1005-01-128-9936,"RIFLE,5.56 MILLIMETER",1,Each,749,D,1,2014-09-23 00:00:00
IL,BELVIDERE POLICE DEPT,1005-00-589-1271,"RIFLE,7.62 MILLIMETER",1,Each,138,D,1,2000-02-07 00:00:00
IL,BELVIDERE POLICE DEPT,1005-00-589-1271,"RIFLE,7.62 MILLIMETER",1,Each,138,D,1,2000-02-07 00:00:00
IL,BELVIDERE POLICE DEPT,1005-01-128-9936,"RIFLE,5.56 MILLIMETER",1,Each,749,D,1,2014-09-23 00:00:00
IL,BELVIDERE POLICE DEPT,1005-00-073-9421,"RIFLE,5.56 MILLIMETER",1,Each,499,D,1,2007-12-18 00:00:00
IL,BELVIDERE POLICE DEPT,1005-00-589-1271,"RIFLE,7.62 MILLIMETER",1,Each,138,D,1,2000-02-07 00:00:00
IL,BELVIDERE POLICE DEPT,2320-01-128-9551,"TRUCK,UTILITY",1,Each,50458,C,1,2013-09-18 00:00:00
IL,BELVIDERE POLICE DEPT,1005-00-589-1271,"RIFLE,7.62 MILLIMETER",1,Each,138,D,1,2000-02-07 00:00:00
IL,BELVIDERE POLICE DEPT,1005-00-073-9421,"RIFLE,5.56 MILLIMETER",1,Each,499,D,1,2007-12-17 00:00:00
IL,BELVIDERE POLICE DEPT,1005-00-073-9421,"RIFLE,5.56 MILLIMETER",1,Each,499,D,1,2007-12-17 00:00:00
IL,BELVIDERE POLICE DEPT,1005-01-128-9936,"RIFLE,5.56 MILLIMETER",1,Each,749,D,1,2014-09-23 00:00:00
IL,BELVIDERE POLICE DEPT,1005-01-128-9936,"RIFLE,5.56 MILLIMETER",1,Each,749,D,1,2014-09-24 00:00:00
IL,BELVIDERE POLICE DEPT,1005-01-128-9936,"RIFLE,5.56 MILLIMETER",1,Each,749,D,1,2014-09-24 00:00:00
IL,BELVIDERE POLICE DEPT,1005-01-128-9936,"RIFLE,5.56 MILLIMETER",1,Each,749,D,1,2014-09-24 00:00:00
IL,BELVIDERE POLICE DEPT,1005-01-128-9936,"RIFLE,5.56 MILLIMETER",1,Each,749,D,1,2014-09-24 00:00:00
IL,BELVIDERE POLICE DEPT,1005-01-128-9936,"RIFLE,5.56 MILLIMETER",1,Each,749,D,1,2014-09-24 00:00:00
IL,BENEDICTINE UNIVERSITY PD HI_ED,2320-01-107-7155,"TRUCK,UTILITY",1,Each,41061,Q,6,2011-08-10 00:00:00
IL,BENEDICTINE UNIVERSITY PD HI_ED,1005-00-073-9421,"RIFLE,5.56 MILLIMETER",1,Each,499,D,1,2011-10-28 00:00:00
IL,BENEDICTINE UNIVERSITY PD HI_ED,1005-00-073-9421,"RIFLE,5.56 MILLIMETER",1,Each,499,D,1,2011-10-28 00:00:00
IL,BERWYN POLICE DEPT,1005-00-073-9421,"RIFLE,5.56 MILLIMETER",1,Each,499,D,1,2007-08-06 00:00:00
IL,BERWYN POLICE DEPT,1005-00-073-9421,"RIFLE,5.56 MILLIMETER",1,Each,499,D,1,2007-08-07 00:00:00
IL,BERWYN POLICE DEPT,1005-00-073-9421,"RIFLE,5.56 MILLIMETER",1,Each,499,D,1,2007-08-06 00:00:00
IL,BERWYN POLICE DEPT,1005-00-073-9421,"RIFLE,5.56 MILLIMETER",1,Each,499,D,1,2007-08-06 00:00:00
IL,BERWYN POLICE DEPT,1005-00-073-9421,"RIFLE,5.56 MILLIMETER",1,Each,499,D,1,2007-08-06 00:00:00
IL,BERWYN POLICE DEPT,1005-00-073-9421,"RIFLE,5.56 MILLIMETER",1,Each,499,D,1,2007-08-06 00:00:00
IL,BERWYN POLICE DEPT,1005-00-073-9421,"RIFLE,5.56 MILLIMETER",1,Each,499,D,1,2007-08-06 00:00:00
IL,BERWYN POLICE DEPT,1005-00-073-9421,"RIFLE,5.56 MILLIMETER",1,Each,499,D,1,2007-08-07 00:00:00
IL,BERWYN POLICE DEPT,1005-00-073-9421,"RIFLE,5.56 MILLIMETER",1,Each,499,D,1,2007-08-07 00:00:00
IL,BERWYN POLICE DEPT,1005-00-073-9421,"RIFLE,5.56 MILLIMETER",1,Each,499,D,1,2007-08-06 00:00:00
IL,BERWYN POLICE DEPT,1005-00-073-9421,"RIFLE,5.56 MILLIMETER",1,Each,499,D,1,2007-08-06 00:00:00
IL,BERWYN POLICE DEPT,1005-00-073-9421,"RIFLE,5.56 MILLIMETER",1,Each,499,D,1,2007-08-06 00:00:00
IL,BERWYN POLICE DEPT,1005-00-073-9421,"RIFLE,5.56 MILLIMETER",1,Each,499,D,1,2007-08-06 00:00:00
IL,BERWYN POLICE DEPT,1005-00-073-9421,"RIFLE,5.56 MILLIMETER",1,Each,499,D,1,2007-08-07 00:00:00
IL,BERWYN POLICE DEPT,1005-00-073-9421,"RIFLE,5.56 MILLIMETER",1,Each,499,D,1,2007-08-06 00:00:00
IL,BERWYN POLICE DEPT,1005-00-073-9421,"RIFLE,5.56 MILLIMETER",1,Each,499,D,1,2007-08-06 00:00:00
IL,BERWYN POLICE DEPT,1005-00-073-9421,"RIFLE,5.56 MILLIMETER",1,Each,499,D,1,2007-08-06 00:00:00
IL,BERWYN POLICE DEPT,1005-00-073-9421,"RIFLE,5.56 MILLIMETER",1,Each,499,D,1,2007-08-06 00:00:00
IL,BLOOMINGTON POLICE DEPT,1005-00-073-9421,"RIFLE,5.56 MILLIMETER",1,Each,499,D,1,2008-06-25 00:00:00
IL,BLOOMINGTON POLICE DEPT,1005-00-073-9421,"RIFLE,5.56 MILLIMETER",1,Each,499,D,1,2008-06-25 00:00:00
IL,BLOOMINGTON POLICE DEPT,1005-00-073-9421,"RIFLE,5.56 MILLIMETER",1,Each,499,D,1,2008-06-25 00:00:00
IL,BLOOMINGTON POLICE DEPT,1005-00-073-9421,"RIFLE,5.56 MILLIMETER",1,Each,499,D,1,2008-06-25 00:00:00
IL,BLOOMINGTON POLICE DEPT,1005-00-073-9421,"RIFLE,5.56 MILLIMETER",1,Each,499,D,1,2008-06-25 00:00:00
IL,BLOOMINGTON POLICE DEPT,1005-00-073-9421,"RIFLE,5.56 MILLIMETER",1,Each,499,D,1,2008-06-25 00:00:00
IL,BLOOMINGTON POLICE DEPT,1005-00-073-9421,"RIFLE,5.56 MILLIMETER",1,Each,499,D,1,2008-06-25 00:00:00
IL,BLOOMINGTON POLICE DEPT,1005-00-073-9421,"RIFLE,5.56 MILLIMETER",1,Each,499,D,1,2008-06-25 00:00:00
IL,BLOOMINGTON POLICE DEPT,1005-00-073-9421,"RIFLE,5.56 MILLIMETER",1,Each,499,D,1,2008-06-25 00:00:00
IL,BLOOMINGTON POLICE DEPT,1005-00-073-9421,"RIFLE,5.56 MILLIMETER",1,Each,499,D,1,2008-06-25 00:00:00
IL,BOLINGBROOK POLICE DEPT,1005-00-073-9421,"RIFLE,5.56 MILLIMETER",1,Each,499,D,1,1997-08-15 00:00:00
IL,BOLINGBROOK POLICE DEPT,1670-00-097-1450,"DEPLOYMENT BAG,PARACHUTE",10,Each,23.11,B,3,2011-01-09 00:00:00
IL,BOLINGBROOK POLICE DEPT,1005-00-073-9421,"RIFLE,5.56 MILLIMETER",1,Each,499,D,1,1997-08-15 00:00:00
IL,BOLINGBROOK POLICE DEPT,1005-00-073-9421,"RIFLE,5.56 MILLIMETER",1,Each,499,D,1,1997-08-15 00:00:00
IL,BOLINGBROOK POLICE DEPT,1005-00-856-6885,"RIFLE,5.56 MILLIMETER",1,Each,120,D,1,2009-09-29 00:00:00
IL,BOLINGBROOK POLICE DEPT,1005-00-856-6885,"RIFLE,5.56 MILLIMETER",1,Each,120,D,1,2009-09-29 00:00:00
IL,BOLINGBROOK POLICE DEPT,1005-00-589-1271,"RIFLE,7.62 MILLIMETER",1,Each,138,D,1,1999-05-22 00:00:00
IL,BOLINGBROOK POLICE DEPT,5855-01-228-0936,NIGHT VISION GOGGLE,1,Each,4300,F,1,2003-06-26 00:00:00
IL,BOLINGBROOK POLICE DEPT,5855-01-228-0936,NIGHT VISION GOGGLE,1,Each,4300,F,1,2003-06-26 00:00:00
IL,BOLINGBROOK POLICE DEPT,1005-00-073-9421,"RIFLE,5.56 MILLIMETER",1,Each,499,D,1,1997-08-15 00:00:00
IL,BOLINGBROOK POLICE DEPT,1005-00-073-9421,"RIFLE,5.56 MILLIMETER",1,Each,499,D,1,1997-08-15 00:00:00
IL,BOLINGBROOK POLICE DEPT,1005-00-856-6885,"RIFLE,5.56 MILLIMETER",1,Each,120,D,1,2009-09-29 00:00:00
IL,BOLINGBROOK POLICE DEPT,1005-00-073-9421,"RIFLE,5.56 MILLIMETER",1,Each,499,D,1,1997-08-15 00:00:00
IL,BOLINGBROOK POLICE DEPT,1005-00-856-6885,"RIFLE,5.56 MILLIMETER",1,Each,120,D,1,2009-09-29 00:00:00
IL,BOLINGBROOK POLICE DEPT,1005-00-073-9421,"RIFLE,5.56 MILLIMETER",1,Each,499,D,1,1997-08-15 00:00:00
IL,BOLINGBROOK POLICE DEPT,1005-00-073-9421,"RIFLE,5.56 MILLIMETER",1,Each,499,D,1,1997-08-15 00:00:00
IL,BOLINGBROOK POLICE DEPT,1005-00-073-9421,"RIFLE,5.56 MILLIMETER",1,Each,499,D,1,1997-08-15 00:00:00
IL,BOLINGBROOK POLICE DEPT,1005-00-073-9421,"RIFLE,5.56 MILLIMETER",1,Each,499,D,1,1997-08-15 00:00:00
IL,BOLINGBROOK POLICE DEPT,1005-00-589-1271,"RIFLE,7.62 MILLIMETER",1,Each,138,D,1,1999-05-22 00:00:00
IL,BOLINGBROOK POLICE DEPT,1005-00-589-1271,"RIFLE,7.62 MILLIMETER",1,Each,138,D,1,1999-05-22 00:00:00
IL,BOLINGBROOK POLICE DEPT,1005-00-589-1271,"RIFLE,7.62 MILLIMETER",1,Each,138,D,1,1999-05-22 00:00:00
IL,BOLINGBROOK POLICE DEPT,1005-00-856-6885,"RIFLE,5.56 MILLIMETER",1,Each,120,D,1,2009-09-29 00:00:00
IL,BOLINGBROOK POLICE DEPT,1005-00-073-9421,"RIFLE,5.56 MILLIMETER",1,Each,499,D,1,1997-08-15 00:00:00
IL,BOLINGBROOK POLICE DEPT,1005-00-856-6885,"RIFLE,5.56 MILLIMETER",1,Each,120,D,1,2009-09-30 00:00:00
IL,BOLINGBROOK POLICE DEPT,1005-00-856-6885,"RIFLE,5.56 MILLIMETER",1,Each,120,D,1,2009-09-30 00:00:00
IL,BOLINGBROOK POLICE DEPT,1005-00-073-9421,"RIFLE,5.56 MILLIMETER",1,Each,499,D,1,1997-08-15 00:00:00
IL,BOLINGBROOK POLICE DEPT,1005-00-856-6885,"RIFLE,5.56 MILLIMETER",1,Each,120,D,1,2009-09-29 00:00:00
IL,BOLINGBROOK POLICE DEPT,1005-00-856-6885,"RIFLE,5.56 MILLIMETER",1,Each,120,D,1,2009-09-29 00:00:00
IL,BOLINGBROOK POLICE DEPT,1005-00-856-6885,"RIFLE,5.56 MILLIMETER",1,Each,120,D,1,2009-09-29 00:00:00
IL,BOND COUNTY SHERIFF DEPT,2320-01-128-9551,"TRUCK,UTILITY",1,Each,50458,C,1,2012-08-21 00:00:00
IL,BOND COUNTY SHERIFF DEPT,2320-01-128-9551,"TRUCK,UTILITY",1,Each,50458,C,1,2012-08-21 00:00:00
IL,BOND COUNTY SHERIFF DEPT,2320-01-128-9551,"TRUCK,UTILITY",1,Each,50458,C,1,2012-08-21 00:00:00
IL,BOND COUNTY SHERIFF DEPT,5985-00-507-6261,MAST,6,Each,385.83,B,3,2013-12-03 00:00:00
IL,BOND COUNTY SHERIFF DEPT,5985-01-423-5827,ANTENNA,2,Each,270.27,D,1,2013-12-04 00:00:00
IL,BOURBONNAIS POLICE DEPT,2320-01-128-9551,"TRUCK,UTILITY",1,Each,50458,C,1,2014-06-17 00:00:00
IL,BRADLEY POLICE DEPT,6720-01-568-2071,"CAMERA SYSTEM,RECONNAISSANCE",1,Kit,8450,C,1,2014-05-07 00:00:00
IL,BRADLEY POLICE DEPT,2320-01-128-9551,"TRUCK,UTILITY",1,Each,50458,C,1,2011-08-30 00:00:00
IL,BRADLEY POLICE DEPT,1240-01-411-1265,"SIGHT,REFLEX",1,Each,315,D,1,2011-08-11 00:00:00
IL,BRADLEY POLICE DEPT,1240-01-411-1265,"SIGHT,REFLEX",1,Each,315,D,1,2011-08-11 00:00:00
IL,BRADLEY POLICE DEPT,1240-01-411-1265,"SIGHT,REFLEX",1,Each,315,D,1,2011-08-11 00:00:00
IL,BRADLEY POLICE DEPT,1240-01-411-1265,"SIGHT,REFLEX",1,Each,315,D,1,2011-08-11 00:00:00
IL,BRADLEY POLICE DEPT,1240-01-411-1265,"SIGHT,REFLEX",1,Each,315,D,1,2011-08-11 00:00:00
IL,BRADLEY POLICE DEPT,1240-01-411-1265,"SIGHT,REFLEX",1,Each,315,D,1,2011-08-11 00:00:00
IL,BRADLEY POLICE DEPT,1240-01-411-1265,"SIGHT,REFLEX",1,Each,315,D,1,2011-08-11 00:00:00
IL,BRADLEY POLICE DEPT,1240-01-411-1265,"SIGHT,REFLEX",1,Each,315,D,1,2011-08-11 00:00:00
IL,BRADLEY POLICE DEPT,1240-01-411-1265,"SIGHT,REFLEX",1,Each,315,D,1,2011-08-11 00:00:00
IL,BRADLEY POLICE DEPT,1240-01-411-1265,"SIGHT,REFLEX",1,Each,315,D,1,2011-08-11 00:00:00
IL,BRADLEY POLICE DEPT,1240-01-411-1265,"SIGHT,REFLEX",1,Each,315,D,1,2011-08-11 00:00:00
IL,BRADLEY POLICE DEPT,1240-01-411-1265,"SIGHT,REFLEX",1,Each,315,D,1,2011-08-11 00:00:00
IL,BRADLEY POLICE DEPT,1240-01-411-1265,"SIGHT,REFLEX",1,Each,315,D,1,2011-08-11 00:00:00
IL,BRADLEY POLICE DEPT,1240-01-411-1265,"SIGHT,REFLEX",1,Each,315,D,1,2011-08-11 00:00:00
IL,BRADLEY POLICE DEPT,1240-01-411-1265,"SIGHT,REFLEX",1,Each,315,D,1,2011-08-11 00:00:00
IL,BRADLEY POLICE DEPT,1240-01-411-1265,"SIGHT,REFLEX",1,Each,315,D,1,2011-08-11 00:00:00
IL,BRADLEY POLICE DEPT,1240-01-411-1265,"SIGHT,REFLEX",1,Each,315,D,1,2011-08-11 00:00:00
IL,BRADLEY POLICE DEPT,1240-01-411-1265,"SIGHT,REFLEX",1,Each,315,D,1,2011-08-11 00:00:00
IL,BRADLEY POLICE DEPT,1240-01-411-1265,"SIGHT,REFLEX",1,Each,315,D,1,2011-08-11 00:00:00
IL,BRADLEY POLICE DEPT,1240-01-411-1265,"SIGHT,REFLEX",1,Each,315,D,1,2011-08-11 00:00:00
IL,BRADLEY POLICE DEPT,1240-01-411-1265,"SIGHT,REFLEX",1,Each,315,D,1,2011-08-11 00:00:00
IL,BRADLEY POLICE DEPT,1240-01-411-1265,"SIGHT,REFLEX",1,Each,315,D,1,2011-08-11 00:00:00
IL,BRADLEY POLICE DEPT,1240-01-411-1265,"SIGHT,REFLEX",1,Each,315,D,1,2011-08-11 00:00:00
IL,BRADLEY POLICE DEPT,1240-01-411-1265,"SIGHT,REFLEX",1,Each,315,D,1,2011-08-11 00:00:00
IL,BRADLEY POLICE DEPT,1240-01-411-1265,"SIGHT,REFLEX",1,Each,315,D,1,2011-08-11 00:00:00
IL,BREESE POLICE DEPT,5855-01-465-2168,"ILLUMINATOR,INFRARED",1,Each,7786.31,C,1,2013-07-02 00:00:00
IL,BREESE POLICE DEPT,1005-00-726-5655,"PISTOL,CALIBER .45,AUTOMATIC",1,Each,58.71,D,1,2007-10-10 00:00:00
IL,BREESE POLICE DEPT,1005-00-726-5655,"PISTOL,CALIBER .45,AUTOMATIC",1,Each,58.71,D,1,2007-10-10 00:00:00
IL,BREESE POLICE DEPT,1005-00-073-9421,"RIFLE,5.56 MILLIMETER",1,Each,499,D,1,2007-10-10 00:00:00
IL,BREESE POLICE DEPT,5855-01-526-4128,"SIGHT,NIGHT VISION SNIPERSCOPE",1,Each,647.83,D,1,2013-02-27 00:00:00
IL,BREESE POLICE DEPT,5855-01-526-4128,"SIGHT,NIGHT VISION SNIPERSCOPE",1,Each,647.83,D,1,2013-02-27 00:00:00
IL,BREESE POLICE DEPT,5855-01-448-8159,"ILLUMINATOR,INFRARED",1,Each,2386.36,D,1,2013-06-19 00:00:00
IL,BREESE POLICE DEPT,5855-01-465-2168,"ILLUMINATOR,INFRARED",1,Each,7786.31,C,1,2013-04-11 00:00:00
IL,BREESE POLICE DEPT,1005-00-726-5655,"PISTOL,CALIBER .45,AUTOMATIC",1,Each,58.71,D,1,2007-10-10 00:00:00
IL,BREESE POLICE DEPT,1005-00-589-1271,"RIFLE,7.62 MILLIMETER",1,Each,138,D,1,2007-10-10 00:00:00
IL,BREESE POLICE DEPT,1240-01-411-1265,"SIGHT,REFLEX",1,Each,315,D,1,2013-09-23 00:00:00
IL,BREESE POLICE DEPT,1240-01-411-1265,"SIGHT,REFLEX",1,Each,315,D,1,2013-09-23 00:00:00
IL,BREESE POLICE DEPT,1240-01-411-1265,"SIGHT,REFLEX",1,Each,315,D,1,2013-09-23 00:00:00
IL,BREESE POLICE DEPT,1240-01-411-1265,"SIGHT,REFLEX",1,Each,315,D,1,2013-09-23 00:00:00
IL,BREESE POLICE DEPT,1240-01-411-1265,"SIGHT,REFLEX",1,Each,315,D,1,2013-09-23 00:00:00
IL,BREESE POLICE DEPT,1240-01-411-1265,"SIGHT,REFLEX",1,Each,315,D,1,2013-09-23 00:00:00
IL,BREESE POLICE DEPT,1240-01-411-1265,"SIGHT,REFLEX",1,Each,315,D,1,2013-09-23 00:00:00
IL,BREESE POLICE DEPT,1005-00-921-5004,"MAGAZINE,CARTRIDGE",150,Each,12.3,D,1,2013-05-20 00:00:00
IL,BREESE POLICE DEPT,1005-00-921-5004,"MAGAZINE,CARTRIDGE",200,Each,12.3,D,1,2013-06-21 00:00:00
IL,BREESE POLICE DEPT,1005-01-453-5383,"RAIL COVER,9 RIB   ",250,Package,2.14,B,3,2013-07-23 00:00:00
IL,BREESE POLICE DEPT,1005-01-454-9283,"CONVERSION KIT,RIFLE/",8,Kit,776,D,,2017-09-14 00:00:00
IL,BREESE POLICE DEPT,1005-01-484-8000,"SIGHT,REAR",10,Each,54.77,D,1,2014-05-14 00:00:00
IL,BREESE POLICE DEPT,5855-01-465-2168,"ILLUMINATOR,INFRARED",1,Each,7786.31,C,1,2013-04-11 00:00:00
IL,BREESE POLICE DEPT,5855-01-465-2168,"ILLUMINATOR,INFRARED",1,Each,7786.31,C,1,2013-04-11 00:00:00
IL,BREESE POLICE DEPT,1005-00-726-5655,"PISTOL,CALIBER .45,AUTOMATIC",1,Each,58.71,D,1,2007-10-10 00:00:00
IL,BREESE POLICE DEPT,1005-00-726-5655,"PISTOL,CALIBER .45,AUTOMATIC",1,Each,58.71,D,1,2007-10-10 00:00:00
IL,BREESE POLICE DEPT,5855-01-465-2168,"ILLUMINATOR,INFRARED",1,Each,7786.31,C,1,2013-04-11 00:00:00
IL,BREESE POLICE DEPT,1005-00-726-5655,"PISTOL,CALIBER .45,AUTOMATIC",1,Each,58.71,D,1,2012-01-17 00:00:00
IL,BREESE POLICE DEPT,5855-01-465-2170,"ILLUMINATOR,INFRARED",1,Each,8698.97,C,1,2014-06-18 00:00:00
IL,BREESE POLICE DEPT,5855-DS-NIG-HTVI,"NIGHT VISION EQUIP, EMIT, REFLECTED RAD",1,Each,1200,D,,2010-10-23 00:00:00
IL,BREESE POLICE DEPT,1005-00-017-9546,"HANDLE ASSEMBLY,CHARGING",1,Assembly,16.89,D,1,2014-05-13 00:00:00
IL,BREESE POLICE DEPT,1005-01-522-0772,"BUFFER ASSEMBLY,RECOIL",8,Each,25.05,D,1,2014-05-14 00:00:00
IL,BREESE POLICE DEPT,1005-01-442-0160,FORWARD ASSIST ASSEMBLY,1,Each,56.37,D,1,2014-05-13 00:00:00
IL,BREESE POLICE DEPT,1005-00-017-9546,"HANDLE ASSEMBLY,CHARGING",1,Assembly,16.89,D,1,2014-05-13 00:00:00
IL,BREESE POLICE DEPT,1005-00-017-9546,"HANDLE ASSEMBLY,CHARGING",1,Assembly,16.89,D,1,2014-05-13 00:00:00
IL,BREESE POLICE DEPT,1005-00-017-9546,"HANDLE ASSEMBLY,CHARGING",1,Assembly,16.89,D,1,2014-05-13 00:00:00
IL,BREESE POLICE DEPT,1005-01-146-7684,BARREL ASSEMBLY    ,4,Assembly,187.7,D,1,2014-05-08 00:00:00
IL,BREESE POLICE DEPT,1240-01-492-5264,"SIGHT,HOLOGRAPHIC  ",5,Each,506.8,D,1,2014-06-26 00:00:00
IL,BREESE POLICE DEPT,5855-01-465-2170,"ILLUMINATOR,INFRARED",1,Each,8698.97,C,1,2014-06-18 00:00:00
IL,BREESE POLICE DEPT,1005-00-017-9546,"HANDLE ASSEMBLY,CHARGING",1,Assembly,16.89,D,1,2014-05-13 00:00:00
IL,BREESE POLICE DEPT,1005-00-550-8694,"MAGAZINE,CARTRIDGE",8,Each,4.08,D,2,2013-05-30 00:00:00
IL,BREESE POLICE DEPT,1005-01-146-7684,BARREL ASSEMBLY    ,2,Assembly,187.7,D,1,2013-05-20 00:00:00
IL,BREESE POLICE DEPT,1240-01-504-2221,"RANGE FINDER,LASER",1,Each,20501,D,7,2013-07-31 00:00:00
IL,BREESE POLICE DEPT,1005-01-233-8531,"EXTENSION,LOWER    ",4,Each,50.65,D,1,2013-07-02 00:00:00
IL,BREESE POLICE DEPT,1005-01-134-3629,"GUARD,HAND,GUN",3,Each,12.26,B,3,2013-07-09 00:00:00
IL,BREESE POLICE DEPT,1005-01-373-2774,"MAGAZINE,CARTRIDGE",30,Each,38.57,D,1,2013-07-02 00:00:00
IL,BREESE POLICE DEPT,1005-01-234-2297,"GUARD,HAND,GUN",5,Each,28.78,B,3,2013-07-09 00:00:00
IL,BREESE POLICE DEPT,1005-00-937-3078,BUFFER ASSEMBLY    ,5,Each,15.57,D,1,2013-07-09 00:00:00
IL,BREESE POLICE DEPT,5855-01-482-6164,"MOUNT,VIEWER",4,Each,266,B,3,2013-08-09 00:00:00
IL,BREESE POLICE DEPT,1005-01-563-8451,"BIPOD,RIFLE",8,Each,147.26,D,1,2013-07-30 00:00:00
IL,BREESE POLICE DEPT,1005-01-563-0151,"ADAPTER RAIL,WEAPON MOUNTED",50,Each,14.07,D,1,2013-07-05 00:00:00
IL,BREESE POLICE DEPT,1005-01-506-5750,"MOUNT,SIGHT,SMALL ARMS",2,Each,306.18,D,1,2013-07-10 00:00:00
IL,BREESE POLICE DEPT,1005-01-465-5080,"BUTTSTOCK,SUBASSEMBLY",5,Each,43.68,B,3,2013-06-28 00:00:00
IL,BREESE POLICE DEPT,1005-01-541-2476,"ADAPTER RAIL,WEAPON MOUNTED",20,Each,12.03,D,1,2013-06-27 00:00:00
IL,BREESE POLICE DEPT,1005-00-999-1871,"STOCK,GUN,SHOULDER",2,Each,669.74,B,3,2013-06-27 00:00:00
IL,BREESE POLICE DEPT,5855-01-381-6052,COMPASS ASSEMBLY   ,5,Each,61.1,Q,3,2013-08-07 00:00:00
IL,BREESE POLICE DEPT,1005-00-726-5655,"PISTOL,CALIBER .45,AUTOMATIC",1,Each,58.71,D,1,2007-10-10 00:00:00
IL,BREESE POLICE DEPT,1005-01-134-3633,COMPENSATOR        ,10,Each,6.7,D,1,2014-05-14 00:00:00
IL,BREESE POLICE DEPT,1005-00-017-9546,"HANDLE ASSEMBLY,CHARGING",1,Assembly,16.89,D,1,2014-05-13 00:00:00
IL,BREESE POLICE DEPT,1005-01-454-9880,"RECEIVER,UPPER     ",1,Each,79.55,D,1,2014-04-17 00:00:00
IL,BREESE POLICE DEPT,1005-01-454-9880,"RECEIVER,UPPER     ",1,Each,79.55,D,1,2014-04-17 00:00:00
IL,BREESE POLICE DEPT,1005-01-454-9880,"RECEIVER,UPPER     ",1,Each,79.55,D,1,2014-04-17 00:00:00
IL,BREESE POLICE DEPT,1005-01-544-9825,"BUTTSTOCK,SUBASSEMBLY",10,Each,14.44,D,1,2014-04-23 00:00:00
IL,BREESE POLICE DEPT,1005-00-992-7280,"WASHER,LOCK,FLASH SUPPRESSOR",25,Each,1.29,B,3,2014-04-14 00:00:00
IL,BREESE POLICE DEPT,1005-01-454-9880,"RECEIVER,UPPER     ",1,Each,79.55,D,1,2014-04-17 00:00:00
IL,BREESE POLICE DEPT,1005-01-454-9880,"RECEIVER,UPPER     ",1,Each,79.55,D,1,2014-04-17 00:00:00
IL,BREESE POLICE DEPT,1005-01-471-5456,"BARREL,CARBINE",5,Each,122,D,1,2014-04-15 00:00:00
IL,BREESE POLICE DEPT,1005-01-454-9880,"RECEIVER,UPPER     ",1,Each,79.55,D,1,2014-04-17 00:00:00
IL,BREESE POLICE DEPT,1005-01-454-9880,"RECEIVER,UPPER     ",1,Each,79.55,D,1,2014-04-17 00:00:00
IL,BREESE POLICE DEPT,1005-01-454-9880,"RECEIVER,UPPER     ",1,Each,79.55,D,1,2014-04-17 00:00:00
IL,BREESE POLICE DEPT,1005-01-454-9880,"RECEIVER,UPPER     ",1,Each,79.55,D,1,2014-04-17 00:00:00
IL,BREESE POLICE DEPT,1005-00-726-5655,"PISTOL,CALIBER .45,AUTOMATIC",1,Each,58.71,D,1,2012-01-17 00:00:00
IL,BREESE POLICE DEPT,5855-01-526-4128,"SIGHT,NIGHT VISION SNIPERSCOPE",1,Each,647.83,D,1,2013-02-27 00:00:00
IL,BREESE POLICE DEPT,1005-00-726-5655,"PISTOL,CALIBER .45,AUTOMATIC",1,Each,58.71,D,1,2007-10-10 00:00:00
IL,BREESE POLICE DEPT,5855-01-526-4128,"SIGHT,NIGHT VISION SNIPERSCOPE",1,Each,647.83,D,1,2013-02-27 00:00:00
IL,BREESE POLICE DEPT,5855-01-526-4128,"SIGHT,NIGHT VISION SNIPERSCOPE",1,Each,647.83,D,1,2013-02-27 00:00:00
IL,BREESE POLICE DEPT,5855-01-526-4128,"SIGHT,NIGHT VISION SNIPERSCOPE",1,Each,647.83,D,1,2013-02-27 00:00:00
IL,BREESE POLICE DEPT,1240-01-411-1265,"SIGHT,REFLEX",1,Each,315,D,1,2013-09-23 00:00:00
IL,BREESE POLICE DEPT,5855-01-526-4128,"SIGHT,NIGHT VISION SNIPERSCOPE",1,Each,647.83,D,1,2013-02-27 00:00:00
IL,BREESE POLICE DEPT,1240-01-411-1265,"SIGHT,REFLEX",1,Each,315,D,1,2013-09-23 00:00:00
IL,BROADVIEW POLICE DEPT,2320-01-107-7153,"TRUCK,UTILITY",1,Each,63894,C,1,2012-04-30 00:00:00
IL,BROADVIEW POLICE DEPT,2320-01-107-7153,"TRUCK,UTILITY",1,Each,63894,C,1,2012-04-30 00:00:00
IL,BROADVIEW POLICE DEPT,1240-00-930-3833,BINOCULAR,1,Each,278.05,D,1,2012-03-30 00:00:00
IL,BROADVIEW POLICE DEPT,4240-01-393-1257,SPIROMATIC TEST UNIT,1,Each,5354.65,B,3,2012-05-15 00:00:00
IL,BROOKPORT POLICE DEPARTMENT,1005-01-523-5978,"RACK,TALL          ",2,Each,1281.99,B,3,2014-03-07 00:00:00
IL,BROOKPORT POLICE DEPARTMENT,2320-01-107-7155,"TRUCK,UTILITY",1,Each,41061,Q,6,2014-10-23 00:00:00
IL,BYRON POLICE DEPT,1520-01-020-4216,"HELICOPTER,OBSERVATION",1,Each,190817,C,1,2006-11-09 00:00:00
IL,CAIRO POLICE DEPT,2320-01-456-1282,"TRUCK,UTILITY",1,Each,46983,C,1,2013-07-17 00:00:00
IL,CAIRO POLICE DEPT,1005-01-128-9936,"RIFLE,5.56 MILLIMETER",1,Each,749,D,1,2014-10-20 00:00:00
IL,CAIRO POLICE DEPT,1005-01-128-9936,"RIFLE,5.56 MILLIMETER",1,Each,749,D,1,2014-10-20 00:00:00
IL,CAIRO POLICE DEPT,1005-01-128-9936,"RIFLE,5.56 MILLIMETER",1,Each,749,D,1,2014-10-20 00:00:00
IL,CAIRO POLICE DEPT,1005-00-589-1271,"RIFLE,7.62 MILLIMETER",1,Each,138,D,1,2001-05-29 00:00:00
IL,CAIRO POLICE DEPT,2320-01-107-7155,"TRUCK,UTILITY",1,Each,41061,Q,6,2014-09-04 00:00:00
IL,CAIRO POLICE DEPT,1005-01-128-9936,"RIFLE,5.56 MILLIMETER",1,Each,749,D,1,2014-10-20 00:00:00
IL,CAIRO POLICE DEPT,1005-00-589-1271,"RIFLE,7.62 MILLIMETER",1,Each,138,D,1,2001-05-29 00:00:00
IL,CAIRO POLICE DEPT,1005-00-726-5655,"PISTOL,CALIBER .45,AUTOMATIC",1,Each,58.71,D,1,2007-06-21 00:00:00
IL,CAIRO POLICE DEPT,1005-00-726-5655,"PISTOL,CALIBER .45,AUTOMATIC",1,Each,58.71,D,1,2007-06-21 00:00:00
IL,CAIRO POLICE DEPT,1005-00-073-9421,"RIFLE,5.56 MILLIMETER",1,Each,499,D,1,2005-10-27 00:00:00
IL,CAIRO POLICE DEPT,1005-00-589-1271,"RIFLE,7.62 MILLIMETER",1,Each,138,D,1,2001-05-29 00:00:00
IL,CAIRO POLICE DEPT,1005-00-589-1271,"RIFLE,7.62 MILLIMETER",1,Each,138,D,1,2001-05-29 00:00:00
IL,CAIRO POLICE DEPT,1005-00-589-1271,"RIFLE,7.62 MILLIMETER",1,Each,138,D,1,2001-05-29 00:00:00
IL,CAIRO POLICE DEPT,1005-00-073-9421,"RIFLE,5.56 MILLIMETER",1,Each,499,D,1,2007-06-26 00:00:00
IL,CAIRO POLICE DEPT,1005-00-726-5655,"PISTOL,CALIBER .45,AUTOMATIC",1,Each,58.71,D,1,2007-08-07 00:00:00
IL,CAIRO POLICE DEPT,1005-00-726-5655,"PISTOL,CALIBER .45,AUTOMATIC",1,Each,58.71,D,1,2007-06-21 00:00:00
IL,CAIRO POLICE DEPT,1005-00-726-5655,"PISTOL,CALIBER .45,AUTOMATIC",1,Each,58.71,D,1,2007-06-21 00:00:00
IL,CAIRO POLICE DEPT,1005-00-726-5655,"PISTOL,CALIBER .45,AUTOMATIC",1,Each,58.71,D,1,2007-08-07 00:00:00
IL,CAIRO POLICE DEPT,1005-00-726-5655,"PISTOL,CALIBER .45,AUTOMATIC",1,Each,58.71,D,1,2007-08-07 00:00:00
IL,CAIRO POLICE DEPT,2320-01-380-8233,"TRUCK,UTILITY",1,Each,88634,C,1,2013-07-17 00:00:00
IL,CALUMET PARK POLICE DEPT,1005-00-073-9421,"RIFLE,5.56 MILLIMETER",1,Each,499,D,1,2002-09-11 00:00:00
IL,CALUMET PARK POLICE DEPT,1005-00-073-9421,"RIFLE,5.56 MILLIMETER",1,Each,499,D,1,2002-09-11 00:00:00
IL,CALUMET PARK POLICE DEPT,2320-01-128-9551,"TRUCK,UTILITY",1,Each,50458,C,1,2012-05-11 00:00:00
IL,CALUMET PARK POLICE DEPT,2320-01-107-7155,"TRUCK,UTILITY",1,Each,41061,Q,6,2012-05-11 00:00:00
IL,CALUMET PARK POLICE DEPT,1005-00-073-9421,"RIFLE,5.56 MILLIMETER",1,Each,499,D,1,2002-09-11 00:00:00
IL,CAMBRIA POLICE DEPT,2320-01-107-7155,"TRUCK,UTILITY",1,Each,41061,Q,6,2012-08-02 00:00:00
IL,CANTON POLICE DEPT,1005-00-073-9421,"RIFLE,5.56 MILLIMETER",1,Each,499,D,1,2002-09-19 00:00:00
IL,CANTON POLICE DEPT,1005-00-073-9421,"RIFLE,5.56 MILLIMETER",1,Each,499,D,1,2002-09-19 00:00:00
IL,CANTON POLICE DEPT,1005-00-073-9421,"RIFLE,5.56 MILLIMETER",1,Each,499,D,1,2002-09-19 00:00:00
IL,CANTON POLICE DEPT,1005-00-073-9421,"RIFLE,5.56 MILLIMETER",1,Each,499,D,1,2008-07-21 00:00:00
IL,CANTON POLICE DEPT,1005-00-073-9421,"RIFLE,5.56 MILLIMETER",1,Each,499,D,1,2002-09-19 00:00:00
IL,CANTON POLICE DEPT,1005-00-073-9421,"RIFLE,5.56 MILLIMETER",1,Each,499,D,1,2008-07-21 00:00:00
IL,CANTON POLICE DEPT,1005-00-073-9421,"RIFLE,5.56 MILLIMETER",1,Each,499,D,1,2008-07-21 00:00:00
IL,CANTON POLICE DEPT,1005-00-073-9421,"RIFLE,5.56 MILLIMETER",1,Each,499,D,1,2008-07-21 00:00:00
IL,CANTON POLICE DEPT,1005-00-073-9421,"RIFLE,5.56 MILLIMETER",1,Each,499,D,1,2008-07-21 00:00:00
IL,CARLINVILLE POLICE DEPT,1005-00-589-1271,"RIFLE,7.62 MILLIMETER",1,Each,138,D,1,2006-05-02 00:00:00
IL,CARLINVILLE POLICE DEPT,2320-01-107-7155,"TRUCK,UTILITY",1,Each,41061,Q,6,2012-06-14 00:00:00
IL,CARLINVILLE POLICE DEPT,1005-00-073-9421,"RIFLE,5.56 MILLIMETER",1,Each,499,D,1,2006-04-28 00:00:00
IL,CARLINVILLE POLICE DEPT,1005-00-073-9421,"RIFLE,5.56 MILLIMETER",1,Each,499,D,1,2006-04-28 00:00:00
IL,CARLINVILLE POLICE DEPT,2320-01-128-9551,"TRUCK,UTILITY",1,Each,50458,C,1,2012-08-08 00:00:00
IL,CARLINVILLE POLICE DEPT,1005-00-589-1271,"RIFLE,7.62 MILLIMETER",1,Each,138,D,1,2006-05-02 00:00:00
IL,CARLINVILLE POLICE DEPT,1005-00-073-9421,"RIFLE,5.56 MILLIMETER",1,Each,499,D,1,2006-04-28 00:00:00
IL,CARLINVILLE POLICE DEPT,1385-01-574-4707,"UNMANNED VEHICLE,GROUND",1,Each,10000,Q,3,2013-03-21 00:00:00
IL,CARLINVILLE POLICE DEPT,1005-00-589-1271,"RIFLE,7.62 MILLIMETER",1,Each,138,D,1,2006-05-02 00:00:00
IL,CARMI POLICE DEPT,2320-01-107-7155,"TRUCK,UTILITY",1,Each,41061,Q,6,2012-06-15 00:00:00
IL,CARMI POLICE DEPT,2320-01-107-7156,"TRUCK,UTILITY",1,Each,43376,Q,6,2012-06-15 00:00:00
IL,CARMI POLICE DEPT,2320-01-107-7155,"TRUCK,UTILITY",1,Each,41061,Q,6,2012-06-18 00:00:00
IL,CARMI POLICE DEPT,2320-01-128-9551,"TRUCK,UTILITY",1,Each,50458,C,1,2012-06-18 00:00:00
IL,CARMI POLICE DEPT,2320-01-107-7155,"TRUCK,UTILITY",1,Each,41061,Q,6,2012-06-15 00:00:00
IL,CARMI POLICE DEPT,2320-01-128-9551,"TRUCK,UTILITY",1,Each,50458,C,1,2012-06-18 00:00:00
IL,CARROLLTON POLICE DEPT,2320-01-128-9551,"TRUCK,UTILITY",1,Each,50458,C,1,2011-01-21 00:00:00
IL,CARTERVILLE POLICE DEPT,1005-01-128-9936,"RIFLE,5.56 MILLIMETER",1,Each,749,D,1,2014-10-20 00:00:00
IL,CARTERVILLE POLICE DEPT,2320-01-128-9552,"TRUCK,UTILITY",1,Each,49897,C,1,2014-10-28 00:00:00
IL,CARTERVILLE POLICE DEPT,2320-01-128-9552,"TRUCK,UTILITY",1,Each,49897,C,1,2014-10-28 00:00:00
IL,CARTERVILLE POLICE DEPT,1005-01-128-9936,"RIFLE,5.56 MILLIMETER",1,Each,749,D,1,2014-10-20 00:00:00
IL,CARTERVILLE POLICE DEPT,1005-01-128-9936,"RIFLE,5.56 MILLIMETER",1,Each,749,D,1,2014-10-20 00:00:00
IL,CATLIN POLICE DEPT,1005-00-073-9421,"RIFLE,5.56 MILLIMETER",1,Each,499,D,1,2012-01-25 00:00:00
IL,CATLIN POLICE DEPT,1005-00-073-9421,"RIFLE,5.56 MILLIMETER",1,Each,499,D,1,2012-01-25 00:00:00
IL,CAVE-IN-ROCK POLICE DEPT,2320-01-107-7155,"TRUCK,UTILITY",1,Each,41061,Q,6,2013-05-01 00:00:00
IL,CAVE-IN-ROCK POLICE DEPT,2320-01-128-9552,"TRUCK,UTILITY",1,Each,49897,C,1,2013-09-11 00:00:00
IL,CHAMPAIGN COUNTY SHERIFF OFFICE,1005-00-073-9421,"RIFLE,5.56 MILLIMETER",1,Each,499,D,1,2004-05-03 00:00:00
IL,CHAMPAIGN COUNTY SHERIFF OFFICE,1005-00-589-1271,"RIFLE,7.62 MILLIMETER",1,Each,138,D,1,2004-04-28 00:00:00
IL,CHAMPAIGN COUNTY SHERIFF OFFICE,1005-00-589-1271,"RIFLE,7.62 MILLIMETER",1,Each,138,D,1,2004-04-28 00:00:00
IL,CHAMPAIGN COUNTY SHERIFF OFFICE,2355-01-590-1660,MINE RESISTANT VEHICLE,1,Each,733000,C,1,2014-02-13 00:00:00
IL,CHAMPAIGN COUNTY SHERIFF OFFICE,1005-00-073-9421,"RIFLE,5.56 MILLIMETER",1,Each,499,D,1,2004-05-03 00:00:00
IL,CHAMPAIGN COUNTY SHERIFF OFFICE,1005-00-589-1271,"RIFLE,7.62 MILLIMETER",1,Each,138,D,1,2004-04-28 00:00:00
IL,CHAMPAIGN COUNTY SHERIFF OFFICE,1005-00-589-1271,"RIFLE,7.62 MILLIMETER",1,Each,138,D,1,2004-04-28 00:00:00
IL,CHAMPAIGN COUNTY SHERIFF OFFICE,1005-00-073-9421,"RIFLE,5.56 MILLIMETER",1,Each,499,D,1,2004-05-03 00:00:00
IL,CHAMPAIGN COUNTY SHERIFF OFFICE,1005-00-073-9421,"RIFLE,5.56 MILLIMETER",1,Each,499,D,1,2004-05-03 00:00:00
IL,CHAMPAIGN COUNTY SHERIFF OFFICE,1005-00-073-9421,"RIFLE,5.56 MILLIMETER",1,Each,499,D,1,2004-05-03 00:00:00
IL,CHAMPAIGN COUNTY SHERIFF OFFICE,1005-00-589-1271,"RIFLE,7.62 MILLIMETER",1,Each,138,D,1,2004-04-28 00:00:00
IL,CHAMPAIGN COUNTY SHERIFF OFFICE,1005-00-073-9421,"RIFLE,5.56 MILLIMETER",1,Each,499,D,1,2004-05-03 00:00:00
IL,CHAMPAIGN COUNTY SHERIFF OFFICE,1005-00-073-9421,"RIFLE,5.56 MILLIMETER",1,Each,499,D,1,2004-05-03 00:00:00
IL,CHAMPAIGN COUNTY SHERIFF OFFICE,1005-00-589-1271,"RIFLE,7.62 MILLIMETER",1,Each,138,D,1,2004-04-28 00:00:00
IL,CHAMPAIGN COUNTY SHERIFF OFFICE,1005-00-589-1271,"RIFLE,7.62 MILLIMETER",1,Each,138,D,1,2004-04-28 00:00:00
IL,CHAMPAIGN COUNTY SHERIFF OFFICE,1005-00-073-9421,"RIFLE,5.56 MILLIMETER",1,Each,499,D,1,2004-05-03 00:00:00
IL,CHAMPAIGN COUNTY SHERIFF OFFICE,1005-00-589-1271,"RIFLE,7.62 MILLIMETER",1,Each,138,D,1,2004-04-28 00:00:00
IL,CHAMPAIGN COUNTY SHERIFF OFFICE,1005-00-589-1271,"RIFLE,7.62 MILLIMETER",1,Each,138,D,1,2004-04-28 00:00:00
IL,CHAMPAIGN COUNTY SHERIFF OFFICE,1005-00-589-1271,"RIFLE,7.62 MILLIMETER",1,Each,138,D,1,2004-04-28 00:00:00
IL,CHAMPAIGN COUNTY SHERIFF OFFICE,1005-00-589-1271,"RIFLE,7.62 MILLIMETER",1,Each,138,D,1,2004-04-28 00:00:00
IL,CHAMPAIGN COUNTY SHERIFF OFFICE,1005-00-589-1271,"RIFLE,7.62 MILLIMETER",1,Each,138,D,1,2004-04-28 00:00:00
IL,CHAMPAIGN COUNTY SHERIFF OFFICE,1005-00-073-9421,"RIFLE,5.56 MILLIMETER",1,Each,499,D,1,2004-05-03 00:00:00
IL,CHAMPAIGN COUNTY SHERIFF OFFICE,1005-00-589-1271,"RIFLE,7.62 MILLIMETER",1,Each,138,D,1,2004-04-28 00:00:00
IL,CHAMPAIGN COUNTY SHERIFF OFFICE,1005-00-589-1271,"RIFLE,7.62 MILLIMETER",1,Each,138,D,1,2004-04-28 00:00:00
IL,CHAMPAIGN COUNTY SHERIFF OFFICE,1005-00-589-1271,"RIFLE,7.62 MILLIMETER",1,Each,138,D,1,2004-04-28 00:00:00
IL,CHAMPAIGN COUNTY SHERIFF OFFICE,1005-00-073-9421,"RIFLE,5.56 MILLIMETER",1,Each,499,D,1,2004-05-03 00:00:00
IL,CHAMPAIGN COUNTY SHERIFF OFFICE,1005-00-073-9421,"RIFLE,5.56 MILLIMETER",1,Each,499,D,1,2004-05-03 00:00:00
IL,CHAMPAIGN COUNTY SHERIFF OFFICE,1005-00-073-9421,"RIFLE,5.56 MILLIMETER",1,Each,499,D,1,2004-05-03 00:00:00
IL,CHAMPAIGN COUNTY SHERIFF OFFICE,1005-00-589-1271,"RIFLE,7.62 MILLIMETER",1,Each,138,D,1,2004-04-28 00:00:00
IL,CHAMPAIGN COUNTY SHERIFF OFFICE,1005-00-073-9421,"RIFLE,5.56 MILLIMETER",1,Each,499,D,1,2004-05-03 00:00:00
IL,CHAMPAIGN COUNTY SHERIFF OFFICE,1005-00-073-9421,"RIFLE,5.56 MILLIMETER",1,Each,499,D,1,2004-05-03 00:00:00
IL,CHAMPAIGN COUNTY SHERIFF OFFICE,1005-00-073-9421,"RIFLE,5.56 MILLIMETER",1,Each,499,D,1,2004-05-03 00:00:00
IL,CHAMPAIGN COUNTY SHERIFF OFFICE,1005-00-073-9421,"RIFLE,5.56 MILLIMETER",1,Each,499,D,1,2004-05-03 00:00:00
IL,CHAMPAIGN COUNTY SHERIFF OFFICE,1005-00-073-9421,"RIFLE,5.56 MILLIMETER",1,Each,499,D,1,2004-05-03 00:00:00
IL,CHAMPAIGN COUNTY SHERIFF OFFICE,1005-00-073-9421,"RIFLE,5.56 MILLIMETER",1,Each,499,D,1,2004-05-03 00:00:00
IL,CHAMPAIGN COUNTY SHERIFF OFFICE,1005-00-073-9421,"RIFLE,5.56 MILLIMETER",1,Each,499,D,1,2004-05-03 00:00:00
IL,CHAMPAIGN COUNTY SHERIFF OFFICE,1005-00-589-1271,"RIFLE,7.62 MILLIMETER",1,Each,138,D,1,2004-04-28 00:00:00
IL,CHAMPAIGN COUNTY SHERIFF OFFICE,1005-00-073-9421,"RIFLE,5.56 MILLIMETER",1,Each,499,D,1,2004-05-03 00:00:00
IL,CHAMPAIGN COUNTY SHERIFF OFFICE,1005-00-589-1271,"RIFLE,7.62 MILLIMETER",1,Each,138,D,1,2004-04-28 00:00:00
IL,CHAMPAIGN COUNTY SHERIFF OFFICE,1005-00-073-9421,"RIFLE,5.56 MILLIMETER",1,Each,499,D,1,2004-05-03 00:00:00
IL,CHAMPAIGN COUNTY SHERIFF OFFICE,1005-00-073-9421,"RIFLE,5.56 MILLIMETER",1,Each,499,D,1,2004-05-03 00:00:00
IL,CHAMPAIGN COUNTY SHERIFF OFFICE,1005-00-589-1271,"RIFLE,7.62 MILLIMETER",1,Each,138,D,1,2004-04-28 00:00:00
IL,CHAMPAIGN COUNTY SHERIFF OFFICE,1005-00-589-1271,"RIFLE,7.62 MILLIMETER",1,Each,138,D,1,2004-04-28 00:00:00
IL,CHAMPAIGN COUNTY SHERIFF OFFICE,1005-00-589-1271,"RIFLE,7.62 MILLIMETER",1,Each,138,D,1,2004-04-28 00:00:00
IL,CHAMPAIGN COUNTY SHERIFF OFFICE,1005-00-589-1271,"RIFLE,7.62 MILLIMETER",1,Each,138,D,1,2004-04-28 00:00:00
IL,CHAMPAIGN COUNTY SHERIFF OFFICE,1005-00-589-1271,"RIFLE,7.62 MILLIMETER",1,Each,138,D,1,2004-04-28 00:00:00
IL,CHAMPAIGN COUNTY SHERIFF OFFICE,1005-00-073-9421,"RIFLE,5.56 MILLIMETER",1,Each,499,D,1,2004-05-03 00:00:00
IL,CHAMPAIGN COUNTY SHERIFF OFFICE,1005-00-589-1271,"RIFLE,7.62 MILLIMETER",1,Each,138,D,1,2004-04-28 00:00:00
IL,CHAMPAIGN COUNTY SHERIFF OFFICE,1005-00-589-1271,"RIFLE,7.62 MILLIMETER",1,Each,138,D,1,2004-04-28 00:00:00
IL,CHAMPAIGN COUNTY SHERIFF OFFICE,1005-00-073-9421,"RIFLE,5.56 MILLIMETER",1,Each,499,D,1,2004-05-03 00:00:00
IL,CHAMPAIGN COUNTY SHERIFF OFFICE,1005-00-073-9421,"RIFLE,5.56 MILLIMETER",1,Each,499,D,1,2004-05-03 00:00:00
IL,CHAMPAIGN POLICE DEPT,1005-00-073-9421,"RIFLE,5.56 MILLIMETER",1,Each,499,D,1,2003-08-20 00:00:00
IL,CHAMPAIGN POLICE DEPT,1005-00-073-9421,"RIFLE,5.56 MILLIMETER",1,Each,499,D,1,2003-08-20 00:00:00
IL,CHAMPAIGN POLICE DEPT,1005-00-073-9421,"RIFLE,5.56 MILLIMETER",1,Each,499,D,1,2003-08-20 00:00:00
IL,CHAMPAIGN POLICE DEPT,1005-00-073-9421,"RIFLE,5.56 MILLIMETER",1,Each,499,D,1,2003-08-20 00:00:00
IL,CHAMPAIGN POLICE DEPT,1005-00-589-1271,"RIFLE,7.62 MILLIMETER",1,Each,138,D,1,2002-08-21 00:00:00
IL,CHAMPAIGN POLICE DEPT,1005-00-073-9421,"RIFLE,5.56 MILLIMETER",1,Each,499,D,1,2003-08-20 00:00:00
IL,CHAMPAIGN POLICE DEPT,1005-00-073-9421,"RIFLE,5.56 MILLIMETER",1,Each,499,D,1,2003-08-20 00:00:00
IL,CHAMPAIGN POLICE DEPT,1005-00-589-1271,"RIFLE,7.62 MILLIMETER",1,Each,138,D,1,2002-08-21 00:00:00
IL,CHAMPAIGN POLICE DEPT,1005-00-589-1271,"RIFLE,7.62 MILLIMETER",1,Each,138,D,1,2002-08-22 00:00:00
IL,CHAMPAIGN POLICE DEPT,1005-00-073-9421,"RIFLE,5.56 MILLIMETER",1,Each,499,D,1,2003-08-20 00:00:00
IL,CHAMPAIGN POLICE DEPT,1005-00-073-9421,"RIFLE,5.56 MILLIMETER",1,Each,499,D,1,2003-08-20 00:00:00
IL,CHAMPAIGN POLICE DEPT,1005-00-073-9421,"RIFLE,5.56 MILLIMETER",1,Each,499,D,1,2003-08-20 00:00:00
IL,CHAMPAIGN POLICE DEPT,1005-00-589-1271,"RIFLE,7.62 MILLIMETER",1,Each,138,D,1,2002-08-21 00:00:00
IL,CHAMPAIGN POLICE DEPT,1005-00-073-9421,"RIFLE,5.56 MILLIMETER",1,Each,499,D,1,2003-08-20 00:00:00
IL,CHAMPAIGN POLICE DEPT,1005-00-073-9421,"RIFLE,5.56 MILLIMETER",1,Each,499,D,1,2003-08-20 00:00:00
IL,CHAMPAIGN POLICE DEPT,1005-00-073-9421,"RIFLE,5.56 MILLIMETER",1,Each,499,D,1,2003-08-20 00:00:00
IL,CHAMPAIGN POLICE DEPT,1005-00-589-1271,"RIFLE,7.62 MILLIMETER",1,Each,138,D,1,2002-08-21 00:00:00
IL,CHAMPAIGN POLICE DEPT,1005-00-073-9421,"RIFLE,5.56 MILLIMETER",1,Each,499,D,1,2003-08-20 00:00:00
IL,CHAMPAIGN POLICE DEPT,1005-00-589-1271,"RIFLE,7.62 MILLIMETER",1,Each,138,D,1,2005-01-05 00:00:00
IL,CHAMPAIGN POLICE DEPT,1005-00-589-1271,"RIFLE,7.62 MILLIMETER",1,Each,138,D,1,2002-08-22 00:00:00
IL,CHAMPAIGN POLICE DEPT,1005-00-589-1271,"RIFLE,7.62 MILLIMETER",1,Each,138,D,1,2002-08-22 00:00:00
IL,CHAMPAIGN POLICE DEPT,1005-00-073-9421,"RIFLE,5.56 MILLIMETER",1,Each,499,D,1,2003-08-20 00:00:00
IL,CHAMPAIGN POLICE DEPT,1005-00-589-1271,"RIFLE,7.62 MILLIMETER",1,Each,138,D,1,2002-08-22 00:00:00
IL,CHAMPAIGN POLICE DEPT,1005-00-589-1271,"RIFLE,7.62 MILLIMETER",1,Each,138,D,1,2002-08-21 00:00:00
IL,CHAMPAIGN POLICE DEPT,1005-00-073-9421,"RIFLE,5.56 MILLIMETER",1,Each,499,D,1,2003-08-20 00:00:00
IL,CHAMPAIGN POLICE DEPT,1005-00-589-1271,"RIFLE,7.62 MILLIMETER",1,Each,138,D,1,2005-01-05 00:00:00
IL,CHAMPAIGN POLICE DEPT,1005-00-589-1271,"RIFLE,7.62 MILLIMETER",1,Each,138,D,1,2002-08-21 00:00:00
IL,CHAMPAIGN POLICE DEPT,1005-00-073-9421,"RIFLE,5.56 MILLIMETER",1,Each,499,D,1,2003-08-20 00:00:00
IL,CHAMPAIGN POLICE DEPT,1005-00-073-9421,"RIFLE,5.56 MILLIMETER",1,Each,499,D,1,2003-08-20 00:00:00
IL,CHAMPAIGN POLICE DEPT,1005-00-589-1271,"RIFLE,7.62 MILLIMETER",1,Each,138,D,1,2002-08-21 00:00:00
IL,CHAMPAIGN POLICE DEPT,1005-00-589-1271,"RIFLE,7.62 MILLIMETER",1,Each,138,D,1,2002-08-21 00:00:00
IL,CHAMPAIGN POLICE DEPT,1005-00-589-1271,"RIFLE,7.62 MILLIMETER",1,Each,138,D,1,2002-08-22 00:00:00
IL,CHAMPAIGN POLICE DEPT,1005-00-073-9421,"RIFLE,5.56 MILLIMETER",1,Each,499,D,1,2003-08-20 00:00:00
IL,CHAMPAIGN POLICE DEPT,1005-00-589-1271,"RIFLE,7.62 MILLIMETER",1,Each,138,D,1,2002-08-22 00:00:00
IL,CHAMPAIGN POLICE DEPT,1005-00-589-1271,"RIFLE,7.62 MILLIMETER",1,Each,138,D,1,2002-08-22 00:00:00
IL,CHAMPAIGN POLICE DEPT,1005-00-073-9421,"RIFLE,5.56 MILLIMETER",1,Each,499,D,1,2003-08-20 00:00:00
IL,CHAMPAIGN POLICE DEPT,1005-00-073-9421,"RIFLE,5.56 MILLIMETER",1,Each,499,D,1,2003-08-20 00:00:00
IL,CHAMPAIGN POLICE DEPT,1005-00-073-9421,"RIFLE,5.56 MILLIMETER",1,Each,499,D,1,2003-08-20 00:00:00
IL,CHAMPAIGN POLICE DEPT,1005-00-073-9421,"RIFLE,5.56 MILLIMETER",1,Each,499,D,1,2003-08-20 00:00:00
IL,CHAMPAIGN POLICE DEPT,1005-00-073-9421,"RIFLE,5.56 MILLIMETER",1,Each,499,D,1,2003-08-20 00:00:00
IL,CHAMPAIGN POLICE DEPT,1005-00-073-9421,"RIFLE,5.56 MILLIMETER",1,Each,499,D,1,2003-08-20 00:00:00
IL,CHARLESTON POLICE DEPT,1005-00-073-9421,"RIFLE,5.56 MILLIMETER",1,Each,499,D,1,2003-10-14 00:00:00
IL,CHARLESTON POLICE DEPT,1005-01-128-9936,"RIFLE,5.56 MILLIMETER",1,Each,749,D,1,2014-10-20 00:00:00
IL,CHARLESTON POLICE DEPT,1005-01-128-9936,"RIFLE,5.56 MILLIMETER",1,Each,749,D,1,2014-10-20 00:00:00
IL,CHARLESTON POLICE DEPT,1005-01-128-9936,"RIFLE,5.56 MILLIMETER",1,Each,749,D,1,2014-10-20 00:00:00
IL,CHARLESTON POLICE DEPT,1005-01-128-9936,"RIFLE,5.56 MILLIMETER",1,Each,749,D,1,2014-10-20 00:00:00
IL,CHARLESTON POLICE DEPT,1005-01-128-9936,"RIFLE,5.56 MILLIMETER",1,Each,749,D,1,2014-10-20 00:00:00
IL,CHARLESTON POLICE DEPT,1005-01-128-9936,"RIFLE,5.56 MILLIMETER",1,Each,749,D,1,2014-10-20 00:00:00
IL,CHARLESTON POLICE DEPT,1005-00-073-9421,"RIFLE,5.56 MILLIMETER",1,Each,499,D,1,2003-10-14 00:00:00
IL,CHARLESTON POLICE DEPT,1005-00-589-1271,"RIFLE,7.62 MILLIMETER",1,Each,138,D,1,2000-08-15 00:00:00
IL,CHARLESTON POLICE DEPT,1005-00-589-1271,"RIFLE,7.62 MILLIMETER",1,Each,138,D,1,2000-08-15 00:00:00
IL,CHARLESTON POLICE DEPT,1005-00-073-9421,"RIFLE,5.56 MILLIMETER",1,Each,499,D,1,2003-10-14 00:00:00
IL,CHARLESTON POLICE DEPT,1005-00-073-9421,"RIFLE,5.56 MILLIMETER",1,Each,499,D,1,2003-10-14 00:00:00
IL,CHARLESTON POLICE DEPT,1005-00-073-9421,"RIFLE,5.56 MILLIMETER",1,Each,499,D,1,2003-10-14 00:00:00
IL,CHARLESTON POLICE DEPT,1005-00-073-9421,"RIFLE,5.56 MILLIMETER",1,Each,499,D,1,2003-10-14 00:00:00
IL,CHATHAM POLICE DEPT,1240-01-411-1265,"SIGHT,REFLEX",7,Each,315,D,1,2011-05-31 00:00:00
IL,CHATHAM POLICE DEPT,6650-00-267-0390,MAGNIFIER,1,Each,328.78,Q,3,2011-05-07 00:00:00
IL,CHESTER POLICE DEPT,1005-00-073-9421,"RIFLE,5.56 MILLIMETER",1,Each,499,D,1,2005-08-20 00:00:00
IL,CHESTER POLICE DEPT,1005-00-073-9421,"RIFLE,5.56 MILLIMETER",1,Each,499,D,1,2005-08-20 00:00:00
IL,CHESTER POLICE DEPT,1005-00-589-1271,"RIFLE,7.62 MILLIMETER",1,Each,138,D,1,1999-11-10 00:00:00
IL,CHESTER POLICE DEPT,1005-00-073-9421,"RIFLE,5.56 MILLIMETER",1,Each,499,D,1,2005-08-20 00:00:00
IL,CHESTER POLICE DEPT,1005-00-073-9421,"RIFLE,5.56 MILLIMETER",1,Each,499,D,1,2005-08-20 00:00:00
IL,CHESTER POLICE DEPT,1005-00-589-1271,"RIFLE,7.62 MILLIMETER",1,Each,138,D,1,1999-11-10 00:00:00
IL,CHESTER POLICE DEPT,1005-00-589-1271,"RIFLE,7.62 MILLIMETER",1,Each,138,D,1,1999-11-10 00:00:00
IL,CHESTER POLICE DEPT,1005-00-589-1271,"RIFLE,7.62 MILLIMETER",1,Each,138,D,1,1999-11-10 00:00:00
IL,CHICAGO POLICE DEPARTMENT,1005-00-856-6885,"RIFLE,5.56 MILLIMETER",1,Each,120,D,1,2010-01-28 00:00:00
IL,CHICAGO POLICE DEPARTMENT,1005-00-856-6885,"RIFLE,5.56 MILLIMETER",1,Each,120,D,1,2010-01-28 00:00:00
IL,CHICAGO POLICE DEPARTMENT,1005-00-856-6885,"RIFLE,5.56 MILLIMETER",1,Each,120,D,1,2010-01-28 00:00:00
IL,CHICAGO POLICE DEPARTMENT,1005-00-856-6885,"RIFLE,5.56 MILLIMETER",1,Each,120,D,1,2010-01-28 00:00:00
IL,CHICAGO POLICE DEPARTMENT,1005-00-856-6885,"RIFLE,5.56 MILLIMETER",1,Each,120,D,1,2010-01-28 00:00:00
IL,CHICAGO POLICE DEPARTMENT,1005-00-856-6885,"RIFLE,5.56 MILLIMETER",1,Each,120,D,1,2010-01-28 00:00:00
IL,CHICAGO POLICE DEPARTMENT,1005-00-856-6885,"RIFLE,5.56 MILLIMETER",1,Each,120,D,1,2010-01-28 00:00:00
IL,CHICAGO POLICE DEPARTMENT,1005-00-589-1271,"RIFLE,7.62 MILLIMETER",1,Each,138,D,1,2002-08-22 00:00:00
IL,CHICAGO POLICE DEPARTMENT,1005-00-589-1271,"RIFLE,7.62 MILLIMETER",1,Each,138,D,1,2002-08-21 00:00:00
IL,CHICAGO POLICE DEPARTMENT,1005-00-073-9421,"RIFLE,5.56 MILLIMETER",1,Each,499,D,1,2006-09-05 00:00:00
IL,CHICAGO POLICE DEPARTMENT,1005-00-856-6885,"RIFLE,5.56 MILLIMETER",1,Each,120,D,1,2010-01-28 00:00:00
IL,CHICAGO POLICE DEPARTMENT,1005-00-073-9421,"RIFLE,5.56 MILLIMETER",1,Each,499,D,1,2006-09-06 00:00:00
IL,CHICAGO POLICE DEPARTMENT,1005-00-856-6885,"RIFLE,5.56 MILLIMETER",1,Each,120,D,1,2010-01-28 00:00:00
IL,CHICAGO POLICE DEPARTMENT,1005-00-856-6885,"RIFLE,5.56 MILLIMETER",1,Each,120,D,1,2010-01-28 00:00:00
IL,CHICAGO POLICE DEPARTMENT,1005-00-856-6885,"RIFLE,5.56 MILLIMETER",1,Each,120,D,1,2010-01-28 00:00:00
IL,CHICAGO POLICE DEPARTMENT,1005-00-856-6885,"RIFLE,5.56 MILLIMETER",1,Each,120,D,1,2010-01-28 00:00:00
IL,CHICAGO POLICE DEPARTMENT,1005-00-856-6885,"RIFLE,5.56 MILLIMETER",1,Each,120,D,1,2010-01-28 00:00:00
IL,CHICAGO POLICE DEPARTMENT,1005-00-073-9421,"RIFLE,5.56 MILLIMETER",1,Each,499,D,1,2006-09-05 00:00:00
IL,CHICAGO POLICE DEPARTMENT,1005-00-856-6885,"RIFLE,5.56 MILLIMETER",1,Each,120,D,1,2010-01-28 00:00:00
IL,CHICAGO POLICE DEPARTMENT,1005-00-856-6885,"RIFLE,5.56 MILLIMETER",1,Each,120,D,1,2010-01-28 00:00:00
IL,CHICAGO POLICE DEPARTMENT,1005-00-856-6885,"RIFLE,5.56 MILLIMETER",1,Each,120,D,1,2010-01-28 00:00:00
IL,CHICAGO POLICE DEPARTMENT,1005-00-073-9421,"RIFLE,5.56 MILLIMETER",1,Each,499,D,1,2006-09-05 00:00:00
IL,CHICAGO POLICE DEPARTMENT,1005-00-856-6885,"RIFLE,5.56 MILLIMETER",1,Each,120,D,1,2010-01-28 00:00:00
IL,CHICAGO POLICE DEPARTMENT,1005-00-856-6885,"RIFLE,5.56 MILLIMETER",1,Each,120,D,1,2010-01-28 00:00:00
IL,CHICAGO POLICE DEPARTMENT,1005-00-856-6885,"RIFLE,5.56 MILLIMETER",1,Each,120,D,1,2010-01-28 00:00:00
IL,CHICAGO POLICE DEPARTMENT,1005-00-856-6885,"RIFLE,5.56 MILLIMETER",1,Each,120,D,1,2010-01-28 00:00:00
IL,CHICAGO POLICE DEPARTMENT,1005-00-856-6885,"RIFLE,5.56 MILLIMETER",1,Each,120,D,1,2010-01-28 00:00:00
IL,CHICAGO POLICE DEPARTMENT,1005-00-856-6885,"RIFLE,5.56 MILLIMETER",1,Each,120,D,1,2010-01-28 00:00:00
IL,CHICAGO POLICE DEPARTMENT,1005-00-856-6885,"RIFLE,5.56 MILLIMETER",1,Each,120,D,1,2010-01-28 00:00:00
IL,CHICAGO POLICE DEPARTMENT,1005-00-856-6885,"RIFLE,5.56 MILLIMETER",1,Each,120,D,1,2010-01-28 00:00:00
IL,CHICAGO POLICE DEPARTMENT,1005-00-856-6885,"RIFLE,5.56 MILLIMETER",1,Each,120,D,1,2010-01-28 00:00:00
IL,CHICAGO POLICE DEPARTMENT,1005-00-856-6885,"RIFLE,5.56 MILLIMETER",1,Each,120,D,1,2010-01-28 00:00:00
IL,CHICAGO POLICE DEPARTMENT,1005-00-856-6885,"RIFLE,5.56 MILLIMETER",1,Each,120,D,1,2010-01-28 00:00:00
IL,CHICAGO POLICE DEPARTMENT,1005-00-073-9421,"RIFLE,5.56 MILLIMETER",1,Each,499,D,1,2006-09-06 00:00:00
IL,CHICAGO POLICE DEPARTMENT,1005-00-856-6885,"RIFLE,5.56 MILLIMETER",1,Each,120,D,1,2010-01-28 00:00:00
IL,CHICAGO POLICE DEPARTMENT,1005-00-856-6885,"RIFLE,5.56 MILLIMETER",1,Each,120,D,1,2010-01-28 00:00:00
IL,CHICAGO POLICE DEPARTMENT,1005-00-856-6885,"RIFLE,5.56 MILLIMETER",1,Each,120,D,1,2010-01-28 00:00:00
IL,CHICAGO POLICE DEPARTMENT,1005-00-589-1271,"RIFLE,7.62 MILLIMETER",1,Each,138,D,1,2002-08-21 00:00:00
IL,CHICAGO POLICE DEPARTMENT,1005-00-856-6885,"RIFLE,5.56 MILLIMETER",1,Each,120,D,1,2010-01-28 00:00:00
IL,CHICAGO POLICE DEPARTMENT,1005-00-856-6885,"RIFLE,5.56 MILLIMETER",1,Each,120,D,1,2010-01-28 00:00:00
IL,CHICAGO POLICE DEPARTMENT,1005-00-856-6885,"RIFLE,5.56 MILLIMETER",1,Each,120,D,1,2010-01-28 00:00:00
IL,CHICAGO POLICE DEPARTMENT,1005-00-856-6885,"RIFLE,5.56 MILLIMETER",1,Each,120,D,1,2010-01-28 00:00:00
IL,CHICAGO POLICE DEPARTMENT,1005-00-856-6885,"RIFLE,5.56 MILLIMETER",1,Each,120,D,1,2010-01-28 00:00:00
IL,CHICAGO POLICE DEPARTMENT,1005-00-856-6885,"RIFLE,5.56 MILLIMETER",1,Each,120,D,1,2010-01-28 00:00:00
IL,CHICAGO POLICE DEPARTMENT,1005-00-856-6885,"RIFLE,5.56 MILLIMETER",1,Each,120,D,1,2010-01-28 00:00:00
IL,CHICAGO POLICE DEPARTMENT,1005-00-856-6885,"RIFLE,5.56 MILLIMETER",1,Each,120,D,1,2010-01-28 00:00:00
IL,CHICAGO POLICE DEPARTMENT,1005-00-856-6885,"RIFLE,5.56 MILLIMETER",1,Each,120,D,1,2010-01-28 00:00:00
IL,CHICAGO POLICE DEPARTMENT,1005-00-856-6885,"RIFLE,5.56 MILLIMETER",1,Each,120,D,1,2010-01-28 00:00:00
IL,CHICAGO POLICE DEPARTMENT,1005-00-856-6885,"RIFLE,5.56 MILLIMETER",1,Each,120,D,1,2010-01-28 00:00:00
IL,CHICAGO POLICE DEPARTMENT,1005-00-856-6885,"RIFLE,5.56 MILLIMETER",1,Each,120,D,1,2010-01-28 00:00:00
IL,CHICAGO POLICE DEPARTMENT,1005-00-856-6885,"RIFLE,5.56 MILLIMETER",1,Each,120,D,1,2010-01-28 00:00:00
IL,CHICAGO POLICE DEPARTMENT,1005-00-856-6885,"RIFLE,5.56 MILLIMETER",1,Each,120,D,1,2010-01-28 00:00:00
IL,CHICAGO POLICE DEPARTMENT,1005-00-073-9421,"RIFLE,5.56 MILLIMETER",1,Each,499,D,1,2006-09-06 00:00:00
IL,CHICAGO POLICE DEPARTMENT,1005-00-073-9421,"RIFLE,5.56 MILLIMETER",1,Each,499,D,1,2006-09-05 00:00:00
IL,CHICAGO POLICE DEPARTMENT,1005-00-589-1271,"RIFLE,7.62 MILLIMETER",1,Each,138,D,1,2002-08-21 00:00:00
IL,CHICAGO POLICE DEPARTMENT,1005-00-073-9421,"RIFLE,5.56 MILLIMETER",1,Each,499,D,1,2006-09-05 00:00:00
IL,CHICAGO POLICE DEPARTMENT,1005-00-589-1271,"RIFLE,7.62 MILLIMETER",1,Each,138,D,1,2002-08-21 00:00:00
IL,CHICAGO POLICE DEPARTMENT,1005-00-073-9421,"RIFLE,5.56 MILLIMETER",1,Each,499,D,1,2006-09-05 00:00:00
IL,CHICAGO POLICE DEPARTMENT,1005-00-073-9421,"RIFLE,5.56 MILLIMETER",1,Each,499,D,1,2006-09-06 00:00:00
IL,CHICAGO POLICE DEPARTMENT,1005-00-856-6885,"RIFLE,5.56 MILLIMETER",1,Each,120,D,1,2010-01-28 00:00:00
IL,CHICAGO POLICE DEPARTMENT,1005-00-589-1271,"RIFLE,7.62 MILLIMETER",1,Each,138,D,1,2002-08-21 00:00:00
IL,CHICAGO POLICE DEPARTMENT,1005-00-856-6885,"RIFLE,5.56 MILLIMETER",1,Each,120,D,1,2010-01-28 00:00:00
IL,CHICAGO POLICE DEPARTMENT,1005-00-073-9421,"RIFLE,5.56 MILLIMETER",1,Each,499,D,1,2006-09-05 00:00:00
IL,CHICAGO POLICE DEPARTMENT,1005-00-073-9421,"RIFLE,5.56 MILLIMETER",1,Each,499,D,1,2006-09-05 00:00:00
IL,CHICAGO POLICE DEPARTMENT,1005-00-856-6885,"RIFLE,5.56 MILLIMETER",1,Each,120,D,1,2010-01-28 00:00:00
IL,CHICAGO POLICE DEPARTMENT,1005-00-856-6885,"RIFLE,5.56 MILLIMETER",1,Each,120,D,1,2010-01-28 00:00:00
IL,CHICAGO POLICE DEPARTMENT,1005-00-856-6885,"RIFLE,5.56 MILLIMETER",1,Each,120,D,1,2010-01-28 00:00:00
IL,CHICAGO POLICE DEPARTMENT,1005-00-856-6885,"RIFLE,5.56 MILLIMETER",1,Each,120,D,1,2010-01-28 00:00:00
IL,CHICAGO POLICE DEPARTMENT,1005-00-856-6885,"RIFLE,5.56 MILLIMETER",1,Each,120,D,1,2010-01-28 00:00:00
IL,CHICAGO POLICE DEPARTMENT,1005-00-073-9421,"RIFLE,5.56 MILLIMETER",1,Each,499,D,1,2006-09-06 00:00:00
IL,CHICAGO POLICE DEPARTMENT,1005-00-856-6885,"RIFLE,5.56 MILLIMETER",1,Each,120,D,1,2010-01-28 00:00:00
IL,CHICAGO POLICE DEPARTMENT,1005-00-856-6885,"RIFLE,5.56 MILLIMETER",1,Each,120,D,1,2010-01-28 00:00:00
IL,CHICAGO POLICE DEPARTMENT,1005-00-073-9421,"RIFLE,5.56 MILLIMETER",1,Each,499,D,1,2006-09-06 00:00:00
IL,CHICAGO POLICE DEPARTMENT,1005-00-856-6885,"RIFLE,5.56 MILLIMETER",1,Each,120,D,1,2010-01-28 00:00:00
IL,CHICAGO POLICE DEPARTMENT,1005-00-589-1271,"RIFLE,7.62 MILLIMETER",1,Each,138,D,1,2002-08-21 00:00:00
IL,CHICAGO POLICE DEPARTMENT,1005-00-856-6885,"RIFLE,5.56 MILLIMETER",1,Each,120,D,1,2010-01-28 00:00:00
IL,CHICAGO POLICE DEPARTMENT,1005-00-589-1271,"RIFLE,7.62 MILLIMETER",1,Each,138,D,1,2002-08-22 00:00:00
IL,CHICAGO POLICE DEPARTMENT,1005-00-589-1271,"RIFLE,7.62 MILLIMETER",1,Each,138,D,1,2002-08-21 00:00:00
IL,CHICAGO POLICE DEPARTMENT,1005-00-856-6885,"RIFLE,5.56 MILLIMETER",1,Each,120,D,1,2010-01-28 00:00:00
IL,CHICAGO POLICE DEPARTMENT,1005-00-589-1271,"RIFLE,7.62 MILLIMETER",1,Each,138,D,1,2002-08-21 00:00:00
IL,CHICAGO POLICE DEPARTMENT,1005-00-856-6885,"RIFLE,5.56 MILLIMETER",1,Each,120,D,1,2010-01-28 00:00:00
IL,CHICAGO POLICE DEPARTMENT,1005-00-856-6885,"RIFLE,5.56 MILLIMETER",1,Each,120,D,1,2010-01-28 00:00:00
IL,CHICAGO POLICE DEPARTMENT,1005-00-856-6885,"RIFLE,5.56 MILLIMETER",1,Each,120,D,1,2010-01-28 00:00:00
IL,CHICAGO POLICE DEPARTMENT,1005-00-073-9421,"RIFLE,5.56 MILLIMETER",1,Each,499,D,1,2006-09-05 00:00:00
IL,CHICAGO POLICE DEPARTMENT,1005-00-856-6885,"RIFLE,5.56 MILLIMETER",1,Each,120,D,1,2010-01-28 00:00:00
IL,CHICAGO POLICE DEPARTMENT,1005-00-856-6885,"RIFLE,5.56 MILLIMETER",1,Each,120,D,1,2010-01-28 00:00:00
IL,CHICAGO POLICE DEPARTMENT,1005-00-589-1271,"RIFLE,7.62 MILLIMETER",1,Each,138,D,1,2002-08-21 00:00:00
IL,CHICAGO POLICE DEPARTMENT,1005-00-856-6885,"RIFLE,5.56 MILLIMETER",1,Each,120,D,1,2010-01-28 00:00:00
IL,CHICAGO POLICE DEPARTMENT,1005-00-073-9421,"RIFLE,5.56 MILLIMETER",1,Each,499,D,1,2006-09-05 00:00:00
IL,CHICAGO POLICE DEPARTMENT,1005-00-073-9421,"RIFLE,5.56 MILLIMETER",1,Each,499,D,1,2006-09-06 00:00:00
IL,CHICAGO POLICE DEPARTMENT,1005-00-073-9421,"RIFLE,5.56 MILLIMETER",1,Each,499,D,1,2006-09-06 00:00:00
IL,CHICAGO POLICE DEPARTMENT,1005-00-073-9421,"RIFLE,5.56 MILLIMETER",1,Each,499,D,1,2006-09-06 00:00:00
IL,CHICAGO POLICE DEPARTMENT,1005-00-073-9421,"RIFLE,5.56 MILLIMETER",1,Each,499,D,1,2006-09-05 00:00:00
IL,CHICAGO POLICE DEPARTMENT,1005-00-589-1271,"RIFLE,7.62 MILLIMETER",1,Each,138,D,1,2002-08-22 00:00:00
IL,CHICAGO POLICE DEPARTMENT,1005-00-589-1271,"RIFLE,7.62 MILLIMETER",1,Each,138,D,1,2002-08-23 00:00:00
IL,CHICAGO POLICE DEPARTMENT,1005-00-589-1271,"RIFLE,7.62 MILLIMETER",1,Each,138,D,1,2002-08-22 00:00:00
IL,CHICAGO POLICE DEPARTMENT,1005-00-589-1271,"RIFLE,7.62 MILLIMETER",1,Each,138,D,1,2002-08-21 00:00:00
IL,CHICAGO POLICE DEPARTMENT,1005-00-589-1271,"RIFLE,7.62 MILLIMETER",1,Each,138,D,1,2002-08-21 00:00:00
IL,CHICAGO POLICE DEPARTMENT,1005-00-589-1271,"RIFLE,7.62 MILLIMETER",1,Each,138,D,1,2002-08-21 00:00:00
IL,CHICAGO POLICE DEPARTMENT,1005-00-589-1271,"RIFLE,7.62 MILLIMETER",1,Each,138,D,1,2002-08-21 00:00:00
IL,CHICAGO POLICE DEPARTMENT,1005-00-856-6885,"RIFLE,5.56 MILLIMETER",1,Each,120,D,1,2010-01-28 00:00:00
IL,CHICAGO POLICE DEPARTMENT,1005-00-856-6885,"RIFLE,5.56 MILLIMETER",1,Each,120,D,1,2010-01-28 00:00:00
IL,CHICAGO POLICE DEPARTMENT,1005-00-856-6885,"RIFLE,5.56 MILLIMETER",1,Each,120,D,1,2010-01-28 00:00:00
IL,CHICAGO POLICE DEPARTMENT,1005-00-856-6885,"RIFLE,5.56 MILLIMETER",1,Each,120,D,1,2010-01-28 00:00:00
IL,CHICAGO POLICE DEPARTMENT,1005-00-073-9421,"RIFLE,5.56 MILLIMETER",1,Each,499,D,1,2006-09-06 00:00:00
IL,CHICAGO POLICE DEPARTMENT,1005-00-073-9421,"RIFLE,5.56 MILLIMETER",1,Each,499,D,1,2006-09-05 00:00:00
IL,CHICAGO POLICE DEPARTMENT,1005-00-856-6885,"RIFLE,5.56 MILLIMETER",1,Each,120,D,1,2010-01-28 00:00:00
IL,CHICAGO POLICE DEPARTMENT,1005-00-073-9421,"RIFLE,5.56 MILLIMETER",1,Each,499,D,1,2006-09-05 00:00:00
IL,CHICAGO POLICE DEPARTMENT,1005-00-589-1271,"RIFLE,7.62 MILLIMETER",1,Each,138,D,1,2002-08-21 00:00:00
IL,CHICAGO POLICE DEPARTMENT,1005-00-856-6885,"RIFLE,5.56 MILLIMETER",1,Each,120,D,1,2010-01-28 00:00:00
IL,CHICAGO POLICE DEPARTMENT,1005-00-073-9421,"RIFLE,5.56 MILLIMETER",1,Each,499,D,1,2006-09-06 00:00:00
IL,CHICAGO POLICE DEPARTMENT,1005-00-073-9421,"RIFLE,5.56 MILLIMETER",1,Each,499,D,1,2006-09-05 00:00:00
IL,CHICAGO POLICE DEPARTMENT,1005-00-856-6885,"RIFLE,5.56 MILLIMETER",1,Each,120,D,1,2010-01-28 00:00:00
IL,CHICAGO POLICE DEPARTMENT,1005-00-073-9421,"RIFLE,5.56 MILLIMETER",1,Each,499,D,1,2006-09-06 00:00:00
IL,CHICAGO POLICE DEPARTMENT,1005-00-856-6885,"RIFLE,5.56 MILLIMETER",1,Each,120,D,1,2010-01-28 00:00:00
IL,CHICAGO POLICE DEPARTMENT,1005-00-856-6885,"RIFLE,5.56 MILLIMETER",1,Each,120,D,1,2010-01-28 00:00:00
IL,CHICAGO POLICE DEPARTMENT,1005-00-856-6885,"RIFLE,5.56 MILLIMETER",1,Each,120,D,1,2010-01-28 00:00:00
IL,CHICAGO POLICE DEPARTMENT,1005-00-856-6885,"RIFLE,5.56 MILLIMETER",1,Each,120,D,1,2010-01-28 00:00:00
IL,CHICAGO POLICE DEPARTMENT,1005-00-856-6885,"RIFLE,5.56 MILLIMETER",1,Each,120,D,1,2010-01-28 00:00:00
IL,CHICAGO POLICE DEPARTMENT,1005-00-856-6885,"RIFLE,5.56 MILLIMETER",1,Each,120,D,1,2010-01-28 00:00:00
IL,CHICAGO POLICE DEPARTMENT,1005-00-856-6885,"RIFLE,5.56 MILLIMETER",1,Each,120,D,1,2010-01-28 00:00:00
IL,CHICAGO POLICE DEPARTMENT,1005-00-856-6885,"RIFLE,5.56 MILLIMETER",1,Each,120,D,1,2010-01-28 00:00:00
IL,CHICAGO POLICE DEPARTMENT,1005-00-856-6885,"RIFLE,5.56 MILLIMETER",1,Each,120,D,1,2010-01-28 00:00:00
IL,CHICAGO POLICE DEPARTMENT,1005-00-856-6885,"RIFLE,5.56 MILLIMETER",1,Each,120,D,1,2010-01-28 00:00:00
IL,CHICAGO POLICE DEPARTMENT,1005-00-856-6885,"RIFLE,5.56 MILLIMETER",1,Each,120,D,1,2010-01-28 00:00:00
IL,CHICAGO POLICE DEPARTMENT,1005-00-856-6885,"RIFLE,5.56 MILLIMETER",1,Each,120,D,1,2010-01-28 00:00:00
IL,CHICAGO POLICE DEPARTMENT,1005-00-856-6885,"RIFLE,5.56 MILLIMETER",1,Each,120,D,1,2010-01-28 00:00:00
IL,CHICAGO POLICE DEPARTMENT,1005-00-856-6885,"RIFLE,5.56 MILLIMETER",1,Each,120,D,1,2010-01-28 00:00:00
IL,CHICAGO POLICE DEPARTMENT,1005-00-856-6885,"RIFLE,5.56 MILLIMETER",1,Each,120,D,1,2010-01-28 00:00:00
IL,CHICAGO POLICE DEPARTMENT,1005-00-856-6885,"RIFLE,5.56 MILLIMETER",1,Each,120,D,1,2010-01-28 00:00:00
IL,CHICAGO POLICE DEPARTMENT,1005-00-856-6885,"RIFLE,5.56 MILLIMETER",1,Each,120,D,1,2010-01-28 00:00:00
IL,CHICAGO POLICE DEPARTMENT,1005-00-856-6885,"RIFLE,5.56 MILLIMETER",1,Each,120,D,1,2010-01-28 00:00:00
IL,CHICAGO POLICE DEPARTMENT,1005-00-856-6885,"RIFLE,5.56 MILLIMETER",1,Each,120,D,1,2010-01-28 00:00:00
IL,CHICAGO POLICE DEPARTMENT,1005-00-856-6885,"RIFLE,5.56 MILLIMETER",1,Each,120,D,1,2010-01-28 00:00:00
IL,CHICAGO POLICE DEPARTMENT,1005-00-856-6885,"RIFLE,5.56 MILLIMETER",1,Each,120,D,1,2010-01-28 00:00:00
IL,CHICAGO POLICE DEPARTMENT,1005-00-856-6885,"RIFLE,5.56 MILLIMETER",1,Each,120,D,1,2010-01-28 00:00:00
IL,CHICAGO POLICE DEPARTMENT,1005-00-856-6885,"RIFLE,5.56 MILLIMETER",1,Each,120,D,1,2010-01-28 00:00:00
IL,CHICAGO POLICE DEPARTMENT,1005-00-856-6885,"RIFLE,5.56 MILLIMETER",1,Each,120,D,1,2010-01-28 00:00:00
IL,CHICAGO POLICE DEPARTMENT,1005-00-856-6885,"RIFLE,5.56 MILLIMETER",1,Each,120,D,1,2010-01-28 00:00:00
IL,CHICAGO POLICE DEPARTMENT,1005-00-856-6885,"RIFLE,5.56 MILLIMETER",1,Each,120,D,1,2010-01-28 00:00:00
IL,CHICAGO POLICE DEPARTMENT,1005-00-073-9421,"RIFLE,5.56 MILLIMETER",1,Each,499,D,1,2006-09-06 00:00:00
IL,CHICAGO POLICE DEPARTMENT,1005-00-856-6885,"RIFLE,5.56 MILLIMETER",1,Each,120,D,1,2010-01-28 00:00:00
IL,CHICAGO POLICE DEPARTMENT,1005-00-589-1271,"RIFLE,7.62 MILLIMETER",1,Each,138,D,1,2002-08-21 00:00:00
IL,CHICAGO POLICE DEPARTMENT,1005-00-589-1271,"RIFLE,7.62 MILLIMETER",1,Each,138,D,1,2002-08-21 00:00:00
IL,CHICAGO POLICE DEPARTMENT,1005-00-073-9421,"RIFLE,5.56 MILLIMETER",1,Each,499,D,1,2006-09-05 00:00:00
IL,CHICAGO POLICE DEPARTMENT,1005-00-589-1271,"RIFLE,7.62 MILLIMETER",1,Each,138,D,1,2002-08-21 00:00:00
IL,CHICAGO POLICE DEPARTMENT,1005-00-856-6885,"RIFLE,5.56 MILLIMETER",1,Each,120,D,1,2010-01-28 00:00:00
IL,CHICAGO POLICE DEPARTMENT,1005-00-073-9421,"RIFLE,5.56 MILLIMETER",1,Each,499,D,1,2006-09-05 00:00:00
IL,CHICAGO POLICE DEPARTMENT,1005-00-073-9421,"RIFLE,5.56 MILLIMETER",1,Each,499,D,1,2006-09-06 00:00:00
IL,CHICAGO POLICE DEPARTMENT,1005-00-073-9421,"RIFLE,5.56 MILLIMETER",1,Each,499,D,1,2006-09-06 00:00:00
IL,CHICAGO POLICE DEPARTMENT,1005-00-073-9421,"RIFLE,5.56 MILLIMETER",1,Each,499,D,1,2006-09-05 00:00:00
IL,CHICAGO POLICE DEPARTMENT,1005-00-073-9421,"RIFLE,5.56 MILLIMETER",1,Each,499,D,1,2006-09-06 00:00:00
IL,CHICAGO POLICE DEPARTMENT,1005-00-856-6885,"RIFLE,5.56 MILLIMETER",1,Each,120,D,1,2010-01-28 00:00:00
IL,CHICAGO POLICE DEPARTMENT,1005-00-856-6885,"RIFLE,5.56 MILLIMETER",1,Each,120,D,1,2010-01-28 00:00:00
IL,CHICAGO POLICE DEPARTMENT,1005-00-073-9421,"RIFLE,5.56 MILLIMETER",1,Each,499,D,1,2006-09-06 00:00:00
IL,CHICAGO POLICE DEPARTMENT,1005-00-856-6885,"RIFLE,5.56 MILLIMETER",1,Each,120,D,1,2010-01-28 00:00:00
IL,CHICAGO POLICE DEPARTMENT,1005-00-856-6885,"RIFLE,5.56 MILLIMETER",1,Each,120,D,1,2010-01-28 00:00:00
IL,CHICAGO POLICE DEPARTMENT,1005-00-856-6885,"RIFLE,5.56 MILLIMETER",1,Each,120,D,1,2010-01-28 00:00:00
IL,CHICAGO POLICE DEPARTMENT,1005-00-073-9421,"RIFLE,5.56 MILLIMETER",1,Each,499,D,1,2006-09-06 00:00:00
IL,CHICAGO POLICE DEPARTMENT,1005-00-073-9421,"RIFLE,5.56 MILLIMETER",1,Each,499,D,1,2006-09-05 00:00:00
IL,CHICAGO POLICE DEPARTMENT,1005-00-856-6885,"RIFLE,5.56 MILLIMETER",1,Each,120,D,1,2010-01-28 00:00:00
IL,CHICAGO POLICE DEPARTMENT,1005-00-856-6885,"RIFLE,5.56 MILLIMETER",1,Each,120,D,1,2010-01-28 00:00:00
IL,CHICAGO POLICE DEPARTMENT,1005-00-856-6885,"RIFLE,5.56 MILLIMETER",1,Each,120,D,1,2010-01-28 00:00:00
IL,CHICAGO POLICE DEPARTMENT,1005-00-856-6885,"RIFLE,5.56 MILLIMETER",1,Each,120,D,1,2010-01-28 00:00:00
IL,CHICAGO POLICE DEPARTMENT,1005-00-856-6885,"RIFLE,5.56 MILLIMETER",1,Each,120,D,1,2010-01-28 00:00:00
IL,CHICAGO POLICE DEPARTMENT,1005-00-856-6885,"RIFLE,5.56 MILLIMETER",1,Each,120,D,1,2010-01-28 00:00:00
IL,CHICAGO POLICE DEPARTMENT,1005-00-856-6885,"RIFLE,5.56 MILLIMETER",1,Each,120,D,1,2010-01-28 00:00:00
IL,CHICAGO POLICE DEPARTMENT,1005-00-856-6885,"RIFLE,5.56 MILLIMETER",1,Each,120,D,1,2010-01-28 00:00:00
IL,CHICAGO POLICE DEPARTMENT,1005-00-589-1271,"RIFLE,7.62 MILLIMETER",1,Each,138,D,1,2002-08-23 00:00:00
IL,CHICAGO POLICE DEPARTMENT,1005-00-856-6885,"RIFLE,5.56 MILLIMETER",1,Each,120,D,1,2010-01-28 00:00:00
IL,CHICAGO POLICE DEPARTMENT,1005-00-856-6885,"RIFLE,5.56 MILLIMETER",1,Each,120,D,1,2010-01-28 00:00:00
IL,CHICAGO POLICE DEPARTMENT,1005-00-856-6885,"RIFLE,5.56 MILLIMETER",1,Each,120,D,1,2010-01-28 00:00:00
IL,CHICAGO POLICE DEPARTMENT,1005-00-856-6885,"RIFLE,5.56 MILLIMETER",1,Each,120,D,1,2010-01-28 00:00:00
IL,CHICAGO POLICE DEPARTMENT,1005-00-856-6885,"RIFLE,5.56 MILLIMETER",1,Each,120,D,1,2010-01-28 00:00:00
IL,CHICAGO POLICE DEPARTMENT,1005-00-856-6885,"RIFLE,5.56 MILLIMETER",1,Each,120,D,1,2010-01-28 00:00:00
IL,CHICAGO POLICE DEPARTMENT,1005-00-856-6885,"RIFLE,5.56 MILLIMETER",1,Each,120,D,1,2010-01-28 00:00:00
IL,CHICAGO POLICE DEPARTMENT,1005-00-073-9421,"RIFLE,5.56 MILLIMETER",1,Each,499,D,1,2006-09-05 00:00:00
IL,CHICAGO POLICE DEPARTMENT,1005-00-856-6885,"RIFLE,5.56 MILLIMETER",1,Each,120,D,1,2010-01-28 00:00:00
IL,CHICAGO POLICE DEPARTMENT,1005-00-856-6885,"RIFLE,5.56 MILLIMETER",1,Each,120,D,1,2010-01-28 00:00:00
IL,CHICAGO POLICE DEPARTMENT,1005-00-856-6885,"RIFLE,5.56 MILLIMETER",1,Each,120,D,1,2010-01-28 00:00:00
IL,CHICAGO POLICE DEPARTMENT,1005-00-856-6885,"RIFLE,5.56 MILLIMETER",1,Each,120,D,1,2010-01-28 00:00:00
IL,CHICAGO POLICE DEPARTMENT,1005-00-856-6885,"RIFLE,5.56 MILLIMETER",1,Each,120,D,1,2010-01-28 00:00:00
IL,CHICAGO POLICE DEPARTMENT,1005-00-073-9421,"RIFLE,5.56 MILLIMETER",1,Each,499,D,1,2006-09-06 00:00:00
IL,CHICAGO POLICE DEPARTMENT,1005-00-073-9421,"RIFLE,5.56 MILLIMETER",1,Each,499,D,1,2006-09-05 00:00:00
IL,CHICAGO POLICE DEPARTMENT,1005-00-589-1271,"RIFLE,7.62 MILLIMETER",1,Each,138,D,1,2002-08-23 00:00:00
IL,CHICAGO POLICE DEPARTMENT,1005-00-073-9421,"RIFLE,5.56 MILLIMETER",1,Each,499,D,1,2006-09-06 00:00:00
IL,CHICAGO POLICE DEPARTMENT,1005-00-856-6885,"RIFLE,5.56 MILLIMETER",1,Each,120,D,1,2010-01-28 00:00:00
IL,CHICAGO POLICE DEPARTMENT,1005-00-073-9421,"RIFLE,5.56 MILLIMETER",1,Each,499,D,1,2006-09-05 00:00:00
IL,CHICAGO POLICE DEPARTMENT,1005-00-856-6885,"RIFLE,5.56 MILLIMETER",1,Each,120,D,1,2010-01-28 00:00:00
IL,CHICAGO POLICE DEPARTMENT,1005-00-589-1271,"RIFLE,7.62 MILLIMETER",1,Each,138,D,1,2002-08-22 00:00:00
IL,CHICAGO POLICE DEPARTMENT,1005-00-073-9421,"RIFLE,5.56 MILLIMETER",1,Each,499,D,1,2006-09-05 00:00:00
IL,CHICAGO POLICE DEPARTMENT,1005-00-856-6885,"RIFLE,5.56 MILLIMETER",1,Each,120,D,1,2010-01-28 00:00:00
IL,CHICAGO POLICE DEPARTMENT,1005-00-073-9421,"RIFLE,5.56 MILLIMETER",1,Each,499,D,1,2006-09-05 00:00:00
IL,CHICAGO POLICE DEPARTMENT,1005-00-856-6885,"RIFLE,5.56 MILLIMETER",1,Each,120,D,1,2010-01-28 00:00:00
IL,CHICAGO POLICE DEPARTMENT,1005-00-856-6885,"RIFLE,5.56 MILLIMETER",1,Each,120,D,1,2010-01-28 00:00:00
IL,CHICAGO POLICE DEPARTMENT,1005-00-856-6885,"RIFLE,5.56 MILLIMETER",1,Each,120,D,1,2010-01-28 00:00:00
IL,CHICAGO POLICE DEPARTMENT,1005-00-856-6885,"RIFLE,5.56 MILLIMETER",1,Each,120,D,1,2010-01-28 00:00:00
IL,CHICAGO POLICE DEPARTMENT,1005-00-856-6885,"RIFLE,5.56 MILLIMETER",1,Each,120,D,1,2010-01-28 00:00:00
IL,CHICAGO POLICE DEPARTMENT,1005-00-856-6885,"RIFLE,5.56 MILLIMETER",1,Each,120,D,1,2010-01-28 00:00:00
IL,CHICAGO POLICE DEPARTMENT,1005-00-856-6885,"RIFLE,5.56 MILLIMETER",1,Each,120,D,1,2010-01-28 00:00:00
IL,CHICAGO POLICE DEPARTMENT,1005-00-856-6885,"RIFLE,5.56 MILLIMETER",1,Each,120,D,1,2010-01-28 00:00:00
IL,CHICAGO POLICE DEPARTMENT,1005-00-589-1271,"RIFLE,7.62 MILLIMETER",1,Each,138,D,1,2002-08-21 00:00:00
IL,CHICAGO POLICE DEPARTMENT,1005-00-589-1271,"RIFLE,7.62 MILLIMETER",1,Each,138,D,1,2002-08-21 00:00:00
IL,CHICAGO POLICE DEPARTMENT,1005-00-856-6885,"RIFLE,5.56 MILLIMETER",1,Each,120,D,1,2010-01-28 00:00:00
IL,CHICAGO POLICE DEPARTMENT,1005-00-856-6885,"RIFLE,5.56 MILLIMETER",1,Each,120,D,1,2010-01-28 00:00:00
IL,CHICAGO POLICE DEPARTMENT,1005-00-589-1271,"RIFLE,7.62 MILLIMETER",1,Each,138,D,1,2002-08-23 00:00:00
IL,CHICAGO POLICE DEPARTMENT,1005-00-073-9421,"RIFLE,5.56 MILLIMETER",1,Each,499,D,1,2006-09-06 00:00:00
IL,CHICAGO POLICE DEPARTMENT,1005-00-073-9421,"RIFLE,5.56 MILLIMETER",1,Each,499,D,1,2006-09-05 00:00:00
IL,CHICAGO POLICE DEPARTMENT,1005-00-856-6885,"RIFLE,5.56 MILLIMETER",1,Each,120,D,1,2010-01-28 00:00:00
IL,CHICAGO POLICE DEPARTMENT,1005-00-073-9421,"RIFLE,5.56 MILLIMETER",1,Each,499,D,1,2006-09-05 00:00:00
IL,CHICAGO POLICE DEPARTMENT,1005-00-073-9421,"RIFLE,5.56 MILLIMETER",1,Each,499,D,1,2006-09-06 00:00:00
IL,CHICAGO POLICE DEPARTMENT,1005-00-073-9421,"RIFLE,5.56 MILLIMETER",1,Each,499,D,1,2006-09-06 00:00:00
IL,CHICAGO POLICE DEPARTMENT,1005-00-856-6885,"RIFLE,5.56 MILLIMETER",1,Each,120,D,1,2010-01-28 00:00:00
IL,CHICAGO POLICE DEPARTMENT,1005-00-073-9421,"RIFLE,5.56 MILLIMETER",1,Each,499,D,1,2006-09-06 00:00:00
IL,CHICAGO POLICE DEPARTMENT,1005-00-073-9421,"RIFLE,5.56 MILLIMETER",1,Each,499,D,1,2006-09-06 00:00:00
IL,CHICAGO POLICE DEPARTMENT,1005-00-073-9421,"RIFLE,5.56 MILLIMETER",1,Each,499,D,1,2006-09-05 00:00:00
IL,CHICAGO POLICE DEPARTMENT,1005-00-073-9421,"RIFLE,5.56 MILLIMETER",1,Each,499,D,1,2006-09-05 00:00:00
IL,CHICAGO POLICE DEPARTMENT,1005-00-073-9421,"RIFLE,5.56 MILLIMETER",1,Each,499,D,1,2006-09-05 00:00:00
IL,CHICAGO POLICE DEPARTMENT,1005-00-856-6885,"RIFLE,5.56 MILLIMETER",1,Each,120,D,1,2010-01-28 00:00:00
IL,CHICAGO POLICE DEPARTMENT,1005-00-856-6885,"RIFLE,5.56 MILLIMETER",1,Each,120,D,1,2010-01-28 00:00:00
IL,CHICAGO POLICE DEPARTMENT,1005-00-073-9421,"RIFLE,5.56 MILLIMETER",1,Each,499,D,1,2006-09-05 00:00:00
IL,CHICAGO POLICE DEPARTMENT,1005-00-856-6885,"RIFLE,5.56 MILLIMETER",1,Each,120,D,1,2010-01-28 00:00:00
IL,CHICAGO POLICE DEPARTMENT,1005-00-856-6885,"RIFLE,5.56 MILLIMETER",1,Each,120,D,1,2010-01-28 00:00:00
IL,CHICAGO POLICE DEPARTMENT,1005-00-856-6885,"RIFLE,5.56 MILLIMETER",1,Each,120,D,1,2010-01-28 00:00:00
IL,CHICAGO POLICE DEPARTMENT,1005-00-856-6885,"RIFLE,5.56 MILLIMETER",1,Each,120,D,1,2010-01-28 00:00:00
IL,CHICAGO POLICE DEPARTMENT,1005-00-073-9421,"RIFLE,5.56 MILLIMETER",1,Each,499,D,1,2006-09-05 00:00:00
IL,CHICAGO POLICE DEPARTMENT,1005-00-856-6885,"RIFLE,5.56 MILLIMETER",1,Each,120,D,1,2010-01-28 00:00:00
IL,CHICAGO POLICE DEPARTMENT,1005-00-589-1271,"RIFLE,7.62 MILLIMETER",1,Each,138,D,1,2002-08-21 00:00:00
IL,CHICAGO POLICE DEPARTMENT,5855-01-017-7366,NIGHT VISION SIGHT ASSEMBLY,1,Each,3207,F,1,2005-07-13 00:00:00
IL,CHICAGO POLICE DEPARTMENT,1005-00-856-6885,"RIFLE,5.56 MILLIMETER",1,Each,120,D,1,2010-01-28 00:00:00
IL,CHICAGO POLICE DEPARTMENT,1005-00-589-1271,"RIFLE,7.62 MILLIMETER",1,Each,138,D,1,2002-08-22 00:00:00
IL,CHICAGO POLICE DEPARTMENT,1005-00-589-1271,"RIFLE,7.62 MILLIMETER",1,Each,138,D,1,2002-08-21 00:00:00
IL,CHICAGO POLICE DEPARTMENT,1005-00-589-1271,"RIFLE,7.62 MILLIMETER",1,Each,138,D,1,2002-08-21 00:00:00
IL,CHICAGO POLICE DEPARTMENT,1005-00-073-9421,"RIFLE,5.56 MILLIMETER",1,Each,499,D,1,2006-09-05 00:00:00
IL,CHICAGO POLICE DEPARTMENT,1005-00-073-9421,"RIFLE,5.56 MILLIMETER",1,Each,499,D,1,2006-09-05 00:00:00
IL,CHICAGO POLICE DEPARTMENT,1005-00-589-1271,"RIFLE,7.62 MILLIMETER",1,Each,138,D,1,2002-08-21 00:00:00
IL,CHICAGO POLICE DEPARTMENT,1005-00-856-6885,"RIFLE,5.56 MILLIMETER",1,Each,120,D,1,2010-01-28 00:00:00
IL,CHICAGO POLICE DEPARTMENT,1005-00-856-6885,"RIFLE,5.56 MILLIMETER",1,Each,120,D,1,2010-01-28 00:00:00
IL,CHICAGO POLICE DEPARTMENT,1005-00-856-6885,"RIFLE,5.56 MILLIMETER",1,Each,120,D,1,2010-01-28 00:00:00
IL,CHICAGO POLICE DEPARTMENT,1005-00-073-9421,"RIFLE,5.56 MILLIMETER",1,Each,499,D,1,2006-09-05 00:00:00
IL,CHICAGO POLICE DEPARTMENT,1005-00-073-9421,"RIFLE,5.56 MILLIMETER",1,Each,499,D,1,2006-09-05 00:00:00
IL,CHICAGO POLICE DEPARTMENT,1005-00-073-9421,"RIFLE,5.56 MILLIMETER",1,Each,499,D,1,2006-09-05 00:00:00
IL,CHICAGO POLICE DEPARTMENT,1005-00-856-6885,"RIFLE,5.56 MILLIMETER",1,Each,120,D,1,2010-01-28 00:00:00
IL,CHICAGO POLICE DEPARTMENT,1005-00-856-6885,"RIFLE,5.56 MILLIMETER",1,Each,120,D,1,2010-01-28 00:00:00
IL,CHICAGO POLICE DEPARTMENT,1005-00-856-6885,"RIFLE,5.56 MILLIMETER",1,Each,120,D,1,2010-01-28 00:00:00
IL,CHICAGO POLICE DEPARTMENT,1005-00-856-6885,"RIFLE,5.56 MILLIMETER",1,Each,120,D,1,2010-01-28 00:00:00
IL,CHICAGO POLICE DEPARTMENT,1005-00-856-6885,"RIFLE,5.56 MILLIMETER",1,Each,120,D,1,2010-01-28 00:00:00
IL,CHICAGO POLICE DEPARTMENT,1005-00-073-9421,"RIFLE,5.56 MILLIMETER",1,Each,499,D,1,2006-09-05 00:00:00
IL,CHICAGO POLICE DEPARTMENT,1005-00-856-6885,"RIFLE,5.56 MILLIMETER",1,Each,120,D,1,2010-01-28 00:00:00
IL,CHICAGO POLICE DEPARTMENT,1005-00-856-6885,"RIFLE,5.56 MILLIMETER",1,Each,120,D,1,2010-01-28 00:00:00
IL,CHICAGO POLICE DEPARTMENT,1005-00-856-6885,"RIFLE,5.56 MILLIMETER",1,Each,120,D,1,2010-01-28 00:00:00
IL,CHICAGO POLICE DEPARTMENT,1005-00-856-6885,"RIFLE,5.56 MILLIMETER",1,Each,120,D,1,2010-01-28 00:00:00
IL,CHICAGO POLICE DEPARTMENT,1005-00-073-9421,"RIFLE,5.56 MILLIMETER",1,Each,499,D,1,2006-09-05 00:00:00
IL,CHICAGO POLICE DEPARTMENT,1005-00-856-6885,"RIFLE,5.56 MILLIMETER",1,Each,120,D,1,2010-01-28 00:00:00
IL,CHICAGO POLICE DEPARTMENT,1005-00-856-6885,"RIFLE,5.56 MILLIMETER",1,Each,120,D,1,2010-01-28 00:00:00
IL,CHICAGO POLICE DEPARTMENT,1005-00-856-6885,"RIFLE,5.56 MILLIMETER",1,Each,120,D,1,2010-01-28 00:00:00
IL,CHICAGO POLICE DEPARTMENT,1005-00-856-6885,"RIFLE,5.56 MILLIMETER",1,Each,120,D,1,2010-01-28 00:00:00
IL,CHICAGO POLICE DEPARTMENT,1005-00-856-6885,"RIFLE,5.56 MILLIMETER",1,Each,120,D,1,2010-01-28 00:00:00
IL,CHICAGO POLICE DEPARTMENT,1005-00-856-6885,"RIFLE,5.56 MILLIMETER",1,Each,120,D,1,2010-01-28 00:00:00
IL,CHICAGO POLICE DEPARTMENT,1005-00-856-6885,"RIFLE,5.56 MILLIMETER",1,Each,120,D,1,2010-01-28 00:00:00
IL,CHICAGO POLICE DEPARTMENT,1005-00-856-6885,"RIFLE,5.56 MILLIMETER",1,Each,120,D,1,2010-01-28 00:00:00
IL,CHICAGO POLICE DEPARTMENT,1005-00-856-6885,"RIFLE,5.56 MILLIMETER",1,Each,120,D,1,2010-01-28 00:00:00
IL,CHICAGO POLICE DEPARTMENT,1005-00-856-6885,"RIFLE,5.56 MILLIMETER",1,Each,120,D,1,2010-01-28 00:00:00
IL,CHICAGO POLICE DEPARTMENT,1005-00-856-6885,"RIFLE,5.56 MILLIMETER",1,Each,120,D,1,2010-01-28 00:00:00
IL,CHICAGO POLICE DEPARTMENT,1005-00-856-6885,"RIFLE,5.56 MILLIMETER",1,Each,120,D,1,2010-01-28 00:00:00
IL,CHICAGO POLICE DEPARTMENT,1005-00-073-9421,"RIFLE,5.56 MILLIMETER",1,Each,499,D,1,2006-09-06 00:00:00
IL,CHICAGO POLICE DEPARTMENT,1005-00-856-6885,"RIFLE,5.56 MILLIMETER",1,Each,120,D,1,2010-01-28 00:00:00
IL,CHICAGO POLICE DEPARTMENT,1005-00-073-9421,"RIFLE,5.56 MILLIMETER",1,Each,499,D,1,2006-09-05 00:00:00
IL,CHICAGO POLICE DEPARTMENT,1005-00-856-6885,"RIFLE,5.56 MILLIMETER",1,Each,120,D,1,2010-01-28 00:00:00
IL,CHICAGO POLICE DEPARTMENT,1005-00-073-9421,"RIFLE,5.56 MILLIMETER",1,Each,499,D,1,2006-09-05 00:00:00
IL,CHICAGO POLICE DEPARTMENT,1005-00-856-6885,"RIFLE,5.56 MILLIMETER",1,Each,120,D,1,2010-01-28 00:00:00
IL,CHICAGO POLICE DEPARTMENT,1005-00-856-6885,"RIFLE,5.56 MILLIMETER",1,Each,120,D,1,2010-01-28 00:00:00
IL,CHICAGO POLICE DEPARTMENT,1005-00-856-6885,"RIFLE,5.56 MILLIMETER",1,Each,120,D,1,2010-01-28 00:00:00
IL,CHICAGO POLICE DEPARTMENT,1005-00-856-6885,"RIFLE,5.56 MILLIMETER",1,Each,120,D,1,2010-01-28 00:00:00
IL,CHICAGO POLICE DEPARTMENT,1005-00-856-6885,"RIFLE,5.56 MILLIMETER",1,Each,120,D,1,2010-01-28 00:00:00
IL,CHICAGO POLICE DEPARTMENT,1005-00-856-6885,"RIFLE,5.56 MILLIMETER",1,Each,120,D,1,2010-01-28 00:00:00
IL,CHICAGO POLICE DEPARTMENT,1005-00-589-1271,"RIFLE,7.62 MILLIMETER",1,Each,138,D,1,2002-08-21 00:00:00
IL,CHICAGO POLICE DEPARTMENT,1005-00-073-9421,"RIFLE,5.56 MILLIMETER",1,Each,499,D,1,2006-09-06 00:00:00
IL,CHICAGO POLICE DEPARTMENT,1005-00-073-9421,"RIFLE,5.56 MILLIMETER",1,Each,499,D,1,2006-09-05 00:00:00
IL,CHICAGO POLICE DEPARTMENT,1005-00-073-9421,"RIFLE,5.56 MILLIMETER",1,Each,499,D,1,2006-09-05 00:00:00
IL,CHICAGO POLICE DEPARTMENT,1005-00-856-6885,"RIFLE,5.56 MILLIMETER",1,Each,120,D,1,2010-01-28 00:00:00
IL,CHICAGO POLICE DEPARTMENT,1005-00-856-6885,"RIFLE,5.56 MILLIMETER",1,Each,120,D,1,2010-01-28 00:00:00
IL,CHICAGO POLICE DEPARTMENT,1005-00-856-6885,"RIFLE,5.56 MILLIMETER",1,Each,120,D,1,2010-01-28 00:00:00
IL,CHICAGO POLICE DEPARTMENT,1005-00-856-6885,"RIFLE,5.56 MILLIMETER",1,Each,120,D,1,2010-01-28 00:00:00
IL,CHICAGO POLICE DEPARTMENT,1005-00-073-9421,"RIFLE,5.56 MILLIMETER",1,Each,499,D,1,2006-09-05 00:00:00
IL,CHICAGO POLICE DEPARTMENT,1005-00-589-1271,"RIFLE,7.62 MILLIMETER",1,Each,138,D,1,2002-08-21 00:00:00
IL,CHICAGO POLICE DEPARTMENT,1005-00-856-6885,"RIFLE,5.56 MILLIMETER",1,Each,120,D,1,2010-01-28 00:00:00
IL,CHICAGO POLICE DEPARTMENT,1005-00-856-6885,"RIFLE,5.56 MILLIMETER",1,Each,120,D,1,2010-01-28 00:00:00
IL,CHICAGO POLICE DEPARTMENT,1005-00-856-6885,"RIFLE,5.56 MILLIMETER",1,Each,120,D,1,2010-01-28 00:00:00
IL,CHICAGO POLICE DEPARTMENT,1005-00-856-6885,"RIFLE,5.56 MILLIMETER",1,Each,120,D,1,2010-01-28 00:00:00
IL,CHICAGO POLICE DEPARTMENT,1005-00-073-9421,"RIFLE,5.56 MILLIMETER",1,Each,499,D,1,2006-09-06 00:00:00
IL,CHICAGO POLICE DEPARTMENT,1005-00-073-9421,"RIFLE,5.56 MILLIMETER",1,Each,499,D,1,2006-09-05 00:00:00
IL,CHICAGO POLICE DEPARTMENT,1005-00-856-6885,"RIFLE,5.56 MILLIMETER",1,Each,120,D,1,2010-01-28 00:00:00
IL,CHICAGO POLICE DEPARTMENT,1005-00-856-6885,"RIFLE,5.56 MILLIMETER",1,Each,120,D,1,2010-01-28 00:00:00
IL,CHICAGO POLICE DEPARTMENT,1005-00-856-6885,"RIFLE,5.56 MILLIMETER",1,Each,120,D,1,2010-01-28 00:00:00
IL,CHICAGO POLICE DEPARTMENT,1005-00-856-6885,"RIFLE,5.56 MILLIMETER",1,Each,120,D,1,2010-01-28 00:00:00
IL,CHICAGO POLICE DEPARTMENT,1005-00-856-6885,"RIFLE,5.56 MILLIMETER",1,Each,120,D,1,2010-01-28 00:00:00
IL,CHICAGO POLICE DEPARTMENT,1005-00-856-6885,"RIFLE,5.56 MILLIMETER",1,Each,120,D,1,2010-01-28 00:00:00
IL,CHICAGO POLICE DEPARTMENT,1005-00-856-6885,"RIFLE,5.56 MILLIMETER",1,Each,120,D,1,2010-01-28 00:00:00
IL,CHICAGO POLICE DEPARTMENT,1005-00-856-6885,"RIFLE,5.56 MILLIMETER",1,Each,120,D,1,2010-01-28 00:00:00
IL,CHICAGO POLICE DEPARTMENT,1005-00-856-6885,"RIFLE,5.56 MILLIMETER",1,Each,120,D,1,2010-01-28 00:00:00
IL,CHICAGO POLICE DEPARTMENT,1005-00-589-1271,"RIFLE,7.62 MILLIMETER",1,Each,138,D,1,2002-08-22 00:00:00
IL,CHICAGO POLICE DEPARTMENT,1005-00-073-9421,"RIFLE,5.56 MILLIMETER",1,Each,499,D,1,2006-09-05 00:00:00
IL,CHICAGO POLICE DEPARTMENT,1005-00-856-6885,"RIFLE,5.56 MILLIMETER",1,Each,120,D,1,2010-01-28 00:00:00
IL,CHICAGO POLICE DEPARTMENT,1005-00-856-6885,"RIFLE,5.56 MILLIMETER",1,Each,120,D,1,2010-01-28 00:00:00
IL,CHICAGO POLICE DEPARTMENT,1005-00-589-1271,"RIFLE,7.62 MILLIMETER",1,Each,138,D,1,2002-08-21 00:00:00
IL,CHICAGO POLICE DEPARTMENT,1005-00-073-9421,"RIFLE,5.56 MILLIMETER",1,Each,499,D,1,2006-09-06 00:00:00
IL,CHICAGO POLICE DEPARTMENT,1005-00-073-9421,"RIFLE,5.56 MILLIMETER",1,Each,499,D,1,2006-09-06 00:00:00
IL,CHICAGO POLICE DEPARTMENT,1005-00-856-6885,"RIFLE,5.56 MILLIMETER",1,Each,120,D,1,2010-01-28 00:00:00
IL,CHICAGO POLICE DEPARTMENT,1005-00-073-9421,"RIFLE,5.56 MILLIMETER",1,Each,499,D,1,2006-09-05 00:00:00
IL,CHICAGO POLICE DEPARTMENT,1005-00-073-9421,"RIFLE,5.56 MILLIMETER",1,Each,499,D,1,2006-09-05 00:00:00
IL,CHICAGO POLICE DEPARTMENT,1005-00-073-9421,"RIFLE,5.56 MILLIMETER",1,Each,499,D,1,2006-09-06 00:00:00
IL,CHICAGO POLICE DEPARTMENT,1005-00-856-6885,"RIFLE,5.56 MILLIMETER",1,Each,120,D,1,2010-01-28 00:00:00
IL,CHICAGO POLICE DEPARTMENT,1005-00-856-6885,"RIFLE,5.56 MILLIMETER",1,Each,120,D,1,2010-01-28 00:00:00
IL,CHICAGO POLICE DEPARTMENT,1005-00-856-6885,"RIFLE,5.56 MILLIMETER",1,Each,120,D,1,2010-01-28 00:00:00
IL,CHICAGO POLICE DEPARTMENT,1005-00-856-6885,"RIFLE,5.56 MILLIMETER",1,Each,120,D,1,2010-01-28 00:00:00
IL,CHICAGO POLICE DEPARTMENT,1005-00-856-6885,"RIFLE,5.56 MILLIMETER",1,Each,120,D,1,2010-01-28 00:00:00
IL,CHICAGO POLICE DEPARTMENT,1005-00-073-9421,"RIFLE,5.56 MILLIMETER",1,Each,499,D,1,2006-09-05 00:00:00
IL,CHICAGO POLICE DEPARTMENT,1005-00-073-9421,"RIFLE,5.56 MILLIMETER",1,Each,499,D,1,2006-09-06 00:00:00
IL,CHICAGO POLICE DEPARTMENT,1005-00-073-9421,"RIFLE,5.56 MILLIMETER",1,Each,499,D,1,2006-09-05 00:00:00
IL,CHICAGO POLICE DEPARTMENT,1005-00-073-9421,"RIFLE,5.56 MILLIMETER",1,Each,499,D,1,2006-09-06 00:00:00
IL,CHICAGO POLICE DEPARTMENT,1005-00-856-6885,"RIFLE,5.56 MILLIMETER",1,Each,120,D,1,2010-01-28 00:00:00
IL,CHICAGO POLICE DEPARTMENT,1005-00-073-9421,"RIFLE,5.56 MILLIMETER",1,Each,499,D,1,2006-09-05 00:00:00
IL,CHICAGO POLICE DEPARTMENT,1005-00-073-9421,"RIFLE,5.56 MILLIMETER",1,Each,499,D,1,2006-09-06 00:00:00
IL,CHICAGO POLICE DEPARTMENT,1240-01-490-7312,"SIGHT,REFLEX",1,Each,1170.55,D,1,2010-09-05 00:00:00
IL,CHICAGO POLICE DEPARTMENT,4220-01-251-6467,"SUIT,IMMERSION     ",16,Each,358.69,B,3,2010-01-21 00:00:00
IL,CHICAGO POLICE DEPARTMENT,1005-01-562-0901,FULL AUTO TRIGGER K,12,Each,426.9,D,1,2009-10-14 00:00:00
IL,CHICAGO POLICE DEPARTMENT,1005-01-452-6771,"ADAPTER RAIL,WEAPON MOUNTED,M5",355,Each,200.02,B,3,2010-03-12 00:00:00
IL,CHICAGO POLICE DEPARTMENT,8470-01-492-8834,"HELMET,GROUND TROOPS",17,Each,307.39,D,1,2009-10-22 00:00:00
IL,CHICAGO POLICE DEPARTMENT,1005-00-073-9421,"RIFLE,5.56 MILLIMETER",1,Each,499,D,1,2006-09-06 00:00:00
IL,CHICAGO POLICE DEPARTMENT,1005-00-073-9421,"RIFLE,5.56 MILLIMETER",1,Each,499,D,1,2006-09-06 00:00:00
IL,CHICAGO POLICE DEPARTMENT,1005-00-073-9421,"RIFLE,5.56 MILLIMETER",1,Each,499,D,1,2006-09-05 00:00:00
IL,CHICAGO POLICE DEPARTMENT,1005-00-856-6885,"RIFLE,5.56 MILLIMETER",1,Each,120,D,1,2010-01-28 00:00:00
IL,CHICAGO POLICE DEPARTMENT,1005-00-856-6885,"RIFLE,5.56 MILLIMETER",1,Each,120,D,1,2010-01-28 00:00:00
IL,CHICAGO POLICE DEPARTMENT,1005-00-856-6885,"RIFLE,5.56 MILLIMETER",1,Each,120,D,1,2010-01-28 00:00:00
IL,CHICAGO POLICE DEPARTMENT,1005-00-856-6885,"RIFLE,5.56 MILLIMETER",1,Each,120,D,1,2010-01-28 00:00:00
IL,CHICAGO POLICE DEPARTMENT,1005-00-856-6885,"RIFLE,5.56 MILLIMETER",1,Each,120,D,1,2010-01-28 00:00:00
IL,CHICAGO POLICE DEPARTMENT,1005-00-856-6885,"RIFLE,5.56 MILLIMETER",1,Each,120,D,1,2010-01-28 00:00:00
IL,CHICAGO POLICE DEPARTMENT,1005-00-856-6885,"RIFLE,5.56 MILLIMETER",1,Each,120,D,1,2010-01-28 00:00:00
IL,CHICAGO POLICE DEPARTMENT,1005-00-856-6885,"RIFLE,5.56 MILLIMETER",1,Each,120,D,1,2010-01-28 00:00:00
IL,CHICAGO POLICE DEPARTMENT,1005-00-856-6885,"RIFLE,5.56 MILLIMETER",1,Each,120,D,1,2010-01-28 00:00:00
IL,CHICAGO POLICE DEPARTMENT,1005-00-856-6885,"RIFLE,5.56 MILLIMETER",1,Each,120,D,1,2010-01-28 00:00:00
IL,CHICAGO POLICE DEPARTMENT,1005-00-856-6885,"RIFLE,5.56 MILLIMETER",1,Each,120,D,1,2010-01-28 00:00:00
IL,CHICAGO POLICE DEPARTMENT,1005-00-856-6885,"RIFLE,5.56 MILLIMETER",1,Each,120,D,1,2010-01-28 00:00:00
IL,CHICAGO POLICE DEPARTMENT,1005-00-856-6885,"RIFLE,5.56 MILLIMETER",1,Each,120,D,1,2010-01-28 00:00:00
IL,CHICAGO POLICE DEPARTMENT,1005-00-856-6885,"RIFLE,5.56 MILLIMETER",1,Each,120,D,1,2010-01-28 00:00:00
IL,CHICAGO POLICE DEPARTMENT,1005-00-856-6885,"RIFLE,5.56 MILLIMETER",1,Each,120,D,1,2010-01-28 00:00:00
IL,CHICAGO POLICE DEPARTMENT,1005-00-856-6885,"RIFLE,5.56 MILLIMETER",1,Each,120,D,1,2010-01-28 00:00:00
IL,CHICAGO POLICE DEPARTMENT,1005-00-856-6885,"RIFLE,5.56 MILLIMETER",1,Each,120,D,1,2010-01-28 00:00:00
IL,CHICAGO POLICE DEPARTMENT,1005-00-856-6885,"RIFLE,5.56 MILLIMETER",1,Each,120,D,1,2010-01-28 00:00:00
IL,CHICAGO POLICE DEPARTMENT,1005-00-856-6885,"RIFLE,5.56 MILLIMETER",1,Each,120,D,1,2010-01-28 00:00:00
IL,CHICAGO POLICE DEPARTMENT,1005-00-856-6885,"RIFLE,5.56 MILLIMETER",1,Each,120,D,1,2010-01-28 00:00:00
IL,CHICAGO POLICE DEPARTMENT,1005-00-856-6885,"RIFLE,5.56 MILLIMETER",1,Each,120,D,1,2010-01-28 00:00:00
IL,CHICAGO POLICE DEPARTMENT,1005-00-856-6885,"RIFLE,5.56 MILLIMETER",1,Each,120,D,1,2010-01-28 00:00:00
IL,CHICAGO POLICE DEPARTMENT,1005-00-856-6885,"RIFLE,5.56 MILLIMETER",1,Each,120,D,1,2010-01-28 00:00:00
IL,CHICAGO POLICE DEPARTMENT,1005-00-073-9421,"RIFLE,5.56 MILLIMETER",1,Each,499,D,1,2006-09-06 00:00:00
IL,CHICAGO POLICE DEPARTMENT,1005-00-856-6885,"RIFLE,5.56 MILLIMETER",1,Each,120,D,1,2010-01-28 00:00:00
IL,CHICAGO POLICE DEPARTMENT,1005-00-856-6885,"RIFLE,5.56 MILLIMETER",1,Each,120,D,1,2010-01-28 00:00:00
IL,CHICAGO POLICE DEPARTMENT,1005-00-073-9421,"RIFLE,5.56 MILLIMETER",1,Each,499,D,1,2006-09-05 00:00:00
IL,CHICAGO POLICE DEPARTMENT,1005-00-073-9421,"RIFLE,5.56 MILLIMETER",1,Each,499,D,1,2006-09-06 00:00:00
IL,CHICAGO POLICE DEPARTMENT,1005-00-856-6885,"RIFLE,5.56 MILLIMETER",1,Each,120,D,1,2010-01-28 00:00:00
IL,CHICAGO POLICE DEPARTMENT,1005-00-073-9421,"RIFLE,5.56 MILLIMETER",1,Each,499,D,1,2006-09-05 00:00:00
IL,CHICAGO POLICE DEPARTMENT,1005-00-856-6885,"RIFLE,5.56 MILLIMETER",1,Each,120,D,1,2010-01-28 00:00:00
IL,CHICAGO POLICE DEPARTMENT,1005-00-073-9421,"RIFLE,5.56 MILLIMETER",1,Each,499,D,1,2006-09-06 00:00:00
IL,CHICAGO POLICE DEPARTMENT,1005-00-856-6885,"RIFLE,5.56 MILLIMETER",1,Each,120,D,1,2010-01-28 00:00:00
IL,CHICAGO POLICE DEPARTMENT,1005-00-856-6885,"RIFLE,5.56 MILLIMETER",1,Each,120,D,1,2010-01-28 00:00:00
IL,CHICAGO POLICE DEPARTMENT,1005-00-856-6885,"RIFLE,5.56 MILLIMETER",1,Each,120,D,1,2010-01-28 00:00:00
IL,CHICAGO POLICE DEPARTMENT,1005-00-856-6885,"RIFLE,5.56 MILLIMETER",1,Each,120,D,1,2010-01-28 00:00:00
IL,CHICAGO POLICE DEPARTMENT,1005-00-589-1271,"RIFLE,7.62 MILLIMETER",1,Each,138,D,1,2002-08-21 00:00:00
IL,CHICAGO POLICE DEPARTMENT,1005-00-856-6885,"RIFLE,5.56 MILLIMETER",1,Each,120,D,1,2010-01-28 00:00:00
IL,CHICAGO POLICE DEPARTMENT,1005-00-589-1271,"RIFLE,7.62 MILLIMETER",1,Each,138,D,1,2002-08-21 00:00:00
IL,CHICAGO POLICE DEPARTMENT,1005-00-589-1271,"RIFLE,7.62 MILLIMETER",1,Each,138,D,1,2002-08-23 00:00:00
IL,CHICAGO POLICE DEPARTMENT,1005-00-073-9421,"RIFLE,5.56 MILLIMETER",1,Each,499,D,1,2006-09-05 00:00:00
IL,CHICAGO POLICE DEPARTMENT,1005-00-856-6885,"RIFLE,5.56 MILLIMETER",1,Each,120,D,1,2010-01-28 00:00:00
IL,CHICAGO POLICE DEPARTMENT,1005-00-073-9421,"RIFLE,5.56 MILLIMETER",1,Each,499,D,1,2006-09-06 00:00:00
IL,CHICAGO POLICE DEPARTMENT,2355-01-552-5344,MINE RESISTANT VEHICLE,1,Each,610764,C,1,2009-12-09 00:00:00
IL,CHICAGO POLICE DEPARTMENT,1005-00-856-6885,"RIFLE,5.56 MILLIMETER",1,Each,120,D,1,2010-01-28 00:00:00
IL,CHICAGO POLICE DEPARTMENT,1005-00-073-9421,"RIFLE,5.56 MILLIMETER",1,Each,499,D,1,2006-09-05 00:00:00
IL,CHICAGO POLICE DEPARTMENT,1005-00-073-9421,"RIFLE,5.56 MILLIMETER",1,Each,499,D,1,2006-09-05 00:00:00
IL,CHRISTIAN COUNTY SHERIFF OFFICE,1005-00-856-6885,"RIFLE,5.56 MILLIMETER",1,Each,120,D,1,2009-08-14 00:00:00
IL,CHRISTIAN COUNTY SHERIFF OFFICE,1005-00-073-9421,"RIFLE,5.56 MILLIMETER",1,Each,499,D,1,2012-01-11 00:00:00
IL,CHRISTIAN COUNTY SHERIFF OFFICE,1005-00-589-1271,"RIFLE,7.62 MILLIMETER",1,Each,138,D,1,2008-08-27 00:00:00
IL,CHRISTIAN COUNTY SHERIFF OFFICE,1005-00-856-6885,"RIFLE,5.56 MILLIMETER",1,Each,120,D,1,2009-08-14 00:00:00
IL,CHRISTIAN COUNTY SHERIFF OFFICE,1005-00-073-9421,"RIFLE,5.56 MILLIMETER",1,Each,499,D,1,2012-01-11 00:00:00
IL,CHRISTIAN COUNTY SHERIFF OFFICE,1005-00-856-6885,"RIFLE,5.56 MILLIMETER",1,Each,120,D,1,2009-08-14 00:00:00
IL,CHRISTIAN COUNTY SHERIFF OFFICE,1005-00-073-9421,"RIFLE,5.56 MILLIMETER",1,Each,499,D,1,2012-01-11 00:00:00
IL,CHRISTIAN COUNTY SHERIFF OFFICE,1005-00-726-5655,"PISTOL,CALIBER .45,AUTOMATIC",1,Each,58.71,D,1,2008-08-27 00:00:00
IL,CHRISTIAN COUNTY SHERIFF OFFICE,1005-00-073-9421,"RIFLE,5.56 MILLIMETER",1,Each,499,D,1,2012-01-11 00:00:00
IL,CHRISTIAN COUNTY SHERIFF OFFICE,1005-00-073-9421,"RIFLE,5.56 MILLIMETER",1,Each,499,D,1,2012-01-11 00:00:00
IL,CHRISTIAN COUNTY SHERIFF OFFICE,1005-00-073-9421,"RIFLE,5.56 MILLIMETER",1,Each,499,D,1,2012-01-11 00:00:00
IL,CHRISTIAN COUNTY SHERIFF OFFICE,1005-00-073-9421,"RIFLE,5.56 MILLIMETER",1,Each,499,D,1,2012-01-11 00:00:00
IL,CHRISTIAN COUNTY SHERIFF OFFICE,1005-00-073-9421,"RIFLE,5.56 MILLIMETER",1,Each,499,D,1,2012-01-11 00:00:00
IL,CHRISTIAN COUNTY SHERIFF OFFICE,1005-00-726-5655,"PISTOL,CALIBER .45,AUTOMATIC",1,Each,58.71,D,1,2008-08-27 00:00:00
IL,CHRISTIAN COUNTY SHERIFF OFFICE,1005-00-726-5655,"PISTOL,CALIBER .45,AUTOMATIC",1,Each,58.71,D,1,2008-08-27 00:00:00
IL,CHRISTIAN COUNTY SHERIFF OFFICE,1005-00-589-1271,"RIFLE,7.62 MILLIMETER",1,Each,138,D,1,2008-08-27 00:00:00
IL,CHRISTIAN COUNTY SHERIFF OFFICE,1005-00-726-5655,"PISTOL,CALIBER .45,AUTOMATIC",1,Each,58.71,D,1,2008-08-27 00:00:00
IL,CHRISTIAN COUNTY SHERIFF OFFICE,1005-00-589-1271,"RIFLE,7.62 MILLIMETER",1,Each,138,D,1,2008-08-27 00:00:00
IL,CICERO POLICE DEPT,1005-00-589-1271,"RIFLE,7.62 MILLIMETER",1,Each,138,D,1,2000-05-18 00:00:00
IL,CICERO POLICE DEPT,1005-00-073-9421,"RIFLE,5.56 MILLIMETER",1,Each,499,D,1,2002-09-26 00:00:00
IL,CICERO POLICE DEPT,1005-00-073-9421,"RIFLE,5.56 MILLIMETER",1,Each,499,D,1,2002-09-26 00:00:00
IL,CICERO POLICE DEPT,1005-00-073-9421,"RIFLE,5.56 MILLIMETER",1,Each,499,D,1,2002-09-26 00:00:00
IL,CICERO POLICE DEPT,1005-00-073-9421,"RIFLE,5.56 MILLIMETER",1,Each,499,D,1,2002-09-26 00:00:00
IL,CICERO POLICE DEPT,1005-00-073-9421,"RIFLE,5.56 MILLIMETER",1,Each,499,D,1,2002-09-26 00:00:00
IL,CICERO POLICE DEPT,1005-00-073-9421,"RIFLE,5.56 MILLIMETER",1,Each,499,D,1,2002-09-26 00:00:00
IL,CICERO POLICE DEPT,1005-00-073-9421,"RIFLE,5.56 MILLIMETER",1,Each,499,D,1,2002-09-26 00:00:00
IL,CICERO POLICE DEPT,1005-00-589-1271,"RIFLE,7.62 MILLIMETER",1,Each,138,D,1,2000-05-18 00:00:00
IL,CICERO POLICE DEPT,1005-00-073-9421,"RIFLE,5.56 MILLIMETER",1,Each,499,D,1,2002-09-26 00:00:00
IL,CLINTON COUNTY SHERIFF OFFICE,1005-01-454-9880,"RECEIVER,UPPER     ",1,Each,79.55,D,1,2014-04-25 00:00:00
IL,CLINTON COUNTY SHERIFF OFFICE,1005-01-134-3633,COMPENSATOR        ,1,Each,6.7,D,1,2014-04-25 00:00:00
IL,CLINTON COUNTY SHERIFF OFFICE,1005-01-134-3633,COMPENSATOR        ,1,Each,6.7,D,1,2014-04-25 00:00:00
IL,CLINTON COUNTY SHERIFF OFFICE,1005-01-574-0567,"SIGHT,REAR",2,Each,32.47,B,3,2014-05-01 00:00:00
IL,CLINTON COUNTY SHERIFF OFFICE,1005-01-233-8531,"EXTENSION,LOWER    ",11,Each,50.65,D,1,2014-05-01 00:00:00
IL,CLINTON COUNTY SHERIFF OFFICE,1240-01-576-6134,"SIGHT,REFLEX",13,Each,450,D,1,2014-04-08 00:00:00
IL,CLINTON COUNTY SHERIFF OFFICE,1005-01-233-8529,BARREL AND FRONT SIGHT ASSEMBLY,1,Each,115,D,1,2014-03-27 00:00:00
IL,CLINTON COUNTY SHERIFF OFFICE,5310-01-233-8625,"NUT,PLAIN,ROUND",4,Each,4.22,B,3,2014-04-03 00:00:00
IL,CLINTON COUNTY SHERIFF OFFICE,1005-01-382-6795,"RECEIVER,CARTRIDGE",1,Each,87.96,D,1,2014-04-01 00:00:00
IL,CLINTON COUNTY SHERIFF OFFICE,1005-01-601-8013,"MOUNT,GUN",25,Each,196.8,D,1,2014-04-17 00:00:00
IL,CLINTON COUNTY SHERIFF OFFICE,5360-01-233-8617,"SPRING,HELICAL,COMPRESSION",1,Each,1.85,B,3,2014-04-14 00:00:00
IL,CLINTON COUNTY SHERIFF OFFICE,5310-01-233-8625,"NUT,PLAIN,ROUND",1,Each,4.22,B,3,2014-04-14 00:00:00
IL,CLINTON COUNTY SHERIFF OFFICE,1005-01-522-0772,"BUFFER ASSEMBLY,RECOIL",11,Each,25.05,D,1,2014-04-15 00:00:00
IL,CLINTON COUNTY SHERIFF OFFICE,1005-01-234-2297,"GUARD,HAND,GUN",1,Each,28.78,B,3,2014-04-07 00:00:00
IL,CLINTON COUNTY SHERIFF OFFICE,5855-01-228-0937,NIGHT VISION GOGGLE,1,Each,3578,F,1,2012-02-22 00:00:00
IL,CLINTON COUNTY SHERIFF OFFICE,5855-01-228-0937,NIGHT VISION GOGGLE,1,Each,3578,F,1,2012-02-22 00:00:00
IL,CLINTON COUNTY SHERIFF OFFICE,5855-01-228-0937,NIGHT VISION GOGGLE,1,Each,3578,F,1,2012-02-22 00:00:00
IL,CLINTON COUNTY SHERIFF OFFICE,5855-01-228-0937,NIGHT VISION GOGGLE,1,Each,3578,F,1,2012-02-22 00:00:00
IL,CLINTON COUNTY SHERIFF OFFICE,5855-01-017-7366,NIGHT VISION SIGHT ASSEMBLY,1,Each,3207,F,1,2012-02-22 00:00:00
IL,CLINTON COUNTY SHERIFF OFFICE,5855-01-017-7366,NIGHT VISION SIGHT ASSEMBLY,1,Each,3207,F,1,2012-02-22 00:00:00
IL,CLINTON COUNTY SHERIFF OFFICE,5855-01-228-0937,NIGHT VISION GOGGLE,1,Each,3578,F,1,2012-02-22 00:00:00
IL,CLINTON COUNTY SHERIFF OFFICE,5855-01-228-0937,NIGHT VISION GOGGLE,1,Each,3578,F,1,2012-02-22 00:00:00
IL,CLINTON COUNTY SHERIFF OFFICE,5855-01-017-7366,NIGHT VISION SIGHT ASSEMBLY,1,Each,3207,F,1,2012-02-22 00:00:00
IL,CLINTON COUNTY SHERIFF OFFICE,5855-01-228-0937,NIGHT VISION GOGGLE,1,Each,3578,F,1,2012-02-22 00:00:00
IL,CLINTON COUNTY SHERIFF OFFICE,5855-01-017-7366,NIGHT VISION SIGHT ASSEMBLY,1,Each,3207,F,1,2012-02-22 00:00:00
IL,CLINTON COUNTY SHERIFF OFFICE,1005-01-382-6795,"RECEIVER,CARTRIDGE",1,Each,87.96,D,1,2014-04-25 00:00:00
IL,CLINTON COUNTY SHERIFF OFFICE,1005-01-454-9880,"RECEIVER,UPPER     ",1,Each,79.55,D,1,2014-04-25 00:00:00
IL,CLINTON COUNTY SHERIFF OFFICE,1005-01-134-3633,COMPENSATOR        ,1,Each,6.7,D,1,2014-04-25 00:00:00
IL,CLINTON COUNTY SHERIFF OFFICE,5305-01-484-7075,"SCREW,CAP,HEXAGON HEAD",5,Each,2.09,B,3,2014-05-08 00:00:00
IL,CLINTON COUNTY SHERIFF OFFICE,1005-01-134-3633,COMPENSATOR        ,1,Each,6.7,D,1,2014-04-25 00:00:00
IL,CLINTON COUNTY SHERIFF OFFICE,1005-01-134-3633,COMPENSATOR        ,1,Each,6.7,D,1,2014-04-25 00:00:00
IL,CLINTON COUNTY SHERIFF OFFICE,1005-01-506-5750,"MOUNT,SIGHT,SMALL ARMS",26,Each,306.18,D,1,2014-03-25 00:00:00
IL,CLINTON COUNTY SHERIFF OFFICE,1005-01-148-4805,"GRIP,RIFLE",1,Each,1.78,B,3,2014-04-24 00:00:00
IL,CLINTON COUNTY SHERIFF OFFICE,1005-01-233-8529,BARREL AND FRONT SIGHT ASSEMBLY,2,Each,115,D,1,2014-03-26 00:00:00
IL,CLINTON COUNTY SHERIFF OFFICE,5855-01-422-5413,"GOGGLES,NIGHTVISIO ",1,Each,2748,F,1,2014-03-26 00:00:00
IL,CLINTON COUNTY SHERIFF OFFICE,1005-00-921-5004,"MAGAZINE,CARTRIDGE",20,Each,12.3,D,1,2014-04-16 00:00:00
IL,CLINTON COUNTY SHERIFF OFFICE,1005-01-134-3633,COMPENSATOR        ,1,Each,6.7,D,1,2014-04-25 00:00:00
IL,CLINTON COUNTY SHERIFF OFFICE,1005-01-454-9880,"RECEIVER,UPPER     ",1,Each,79.55,D,1,2014-04-25 00:00:00
IL,CLINTON COUNTY SHERIFF OFFICE,4710-01-233-8637,"TUBE,BENT,METALLIC",1,Each,8.49,D,1,2014-04-25 00:00:00
IL,CLINTON COUNTY SHERIFF OFFICE,1005-01-234-2297,"GUARD,HAND,GUN",1,Each,28.78,B,3,2014-04-05 00:00:00
IL,CLINTON COUNTY SHERIFF OFFICE,1005-00-073-9421,"RIFLE,5.56 MILLIMETER",1,Each,499,D,1,2008-05-09 00:00:00
IL,CLINTON COUNTY SHERIFF OFFICE,1005-00-073-9421,"RIFLE,5.56 MILLIMETER",1,Each,499,D,1,2008-05-09 00:00:00
IL,CLINTON COUNTY SHERIFF OFFICE,1005-00-073-9421,"RIFLE,5.56 MILLIMETER",1,Each,499,D,1,2008-05-09 00:00:00
IL,CLINTON COUNTY SHERIFF OFFICE,1005-00-856-6885,"RIFLE,5.56 MILLIMETER",1,Each,120,D,1,2010-03-22 00:00:00
IL,CLINTON COUNTY SHERIFF OFFICE,1005-00-856-6885,"RIFLE,5.56 MILLIMETER",1,Each,120,D,1,2010-03-22 00:00:00
IL,CLINTON COUNTY SHERIFF OFFICE,1005-00-856-6885,"RIFLE,5.56 MILLIMETER",1,Each,120,D,1,2010-03-22 00:00:00
IL,CLINTON COUNTY SHERIFF OFFICE,1005-00-856-6885,"RIFLE,5.56 MILLIMETER",1,Each,120,D,1,2010-03-22 00:00:00
IL,CLINTON COUNTY SHERIFF OFFICE,4933-01-394-7781,"BORE LIGHT SYSTEM,LASER",10,Each,649,D,1,2012-01-22 00:00:00
IL,CLINTON COUNTY SHERIFF OFFICE,5855-01-420-0821,"ILLUMINATOR,INFRARED",14,Each,1604.22,D,1,2010-05-19 00:00:00
IL,CLINTON COUNTY SHERIFF OFFICE,5855-01-422-5413,"GOGGLES,NIGHTVISIO ",1,Each,2748,F,1,2014-03-26 00:00:00
IL,CLINTON COUNTY SHERIFF OFFICE,5855-01-422-5413,"GOGGLES,NIGHTVISIO ",1,Each,2748,F,1,2014-03-26 00:00:00
IL,CLINTON COUNTY SHERIFF OFFICE,5855-01-422-5413,"GOGGLES,NIGHTVISIO ",1,Each,2748,F,1,2014-03-26 00:00:00
IL,CLINTON COUNTY SHERIFF OFFICE,5855-01-523-7713,"SIGHT,THERMAL",1,Each,9412,D,1,2014-07-08 00:00:00
IL,CLINTON COUNTY SHERIFF OFFICE,5855-01-523-7713,"SIGHT,THERMAL",1,Each,9412,D,1,2014-07-08 00:00:00
IL,CLINTON COUNTY SHERIFF OFFICE,1240-01-411-1265,"SIGHT,REFLEX",10,Each,315,D,1,2014-11-06 00:00:00
IL,CLINTON COUNTY SHERIFF OFFICE,1005-00-945-9756,"PINTLE,MOUNT",3,Each,50.83,D,1,2014-12-11 00:00:00
IL,CLINTON COUNTY SHERIFF OFFICE,1005-01-522-0772,"BUFFER ASSEMBLY,RECOIL",7,Each,25.05,D,1,2015-02-12 00:00:00
IL,CLINTON COUNTY SHERIFF OFFICE,1005-00-978-1022,"COVER,EJECTION PORT ASSEMBLY",4,Each,5.59,D,1,2015-02-18 00:00:00
IL,CLINTON COUNTY SHERIFF OFFICE,1005-01-382-6795,"RECEIVER,CARTRIDGE",5,Each,87.96,D,1,2014-11-20 00:00:00
IL,CLINTON COUNTY SHERIFF OFFICE,1005-01-233-8531,"EXTENSION,LOWER    ",10,Each,50.65,D,1,2015-03-27 00:00:00
IL,CLINTON COUNTY SHERIFF OFFICE,1005-01-563-0155,"ADAPTOR,M4 MOUNTING",20,Each,361,D,1,2014-12-11 00:00:00
IL,CLINTON COUNTY SHERIFF OFFICE,1005-01-453-4223,"RAIL COVER,4 RIB   ",100,Each,0.99,B,3,2014-12-11 00:00:00
IL,CLINTON COUNTY SHERIFF OFFICE,1095-01-526-7860,"FIRING DEVICE,NON-LETHAL",6,Each,1093,D,1,2015-03-25 00:00:00
IL,CLINTON COUNTY SHERIFF OFFICE,1005-01-233-8531,"EXTENSION,LOWER    ",7,Each,50.65,D,1,2015-03-24 00:00:00
IL,CLINTON COUNTY SHERIFF OFFICE,1005-00-921-5004,"MAGAZINE,CARTRIDGE",60,Each,12.3,D,1,2015-03-25 00:00:00
IL,CLINTON COUNTY SHERIFF OFFICE,4710-01-233-8637,"TUBE,BENT,METALLIC",20,Each,8.49,D,1,2015-02-18 00:00:00
IL,CLINTON COUNTY SHERIFF OFFICE,1005-01-452-3527,"ADAPTER RAIL,WEAPON MOUNTED,M4",15,Each,75.01,D,7,2015-03-06 00:00:00
IL,CLINTON COUNTY SHERIFF OFFICE,1005-01-260-2665,"BIPOD,RIFLE",1,Each,146.29,D,1,2014-08-01 00:00:00
IL,CLINTON COUNTY SHERIFF OFFICE,1005-01-233-8529,BARREL AND FRONT SIGHT ASSEMBLY,6,Each,115,D,1,2014-08-28 00:00:00
IL,CLINTON COUNTY SHERIFF OFFICE,5855-01-523-7713,"SIGHT,THERMAL",1,Each,9412,D,1,2014-07-08 00:00:00
IL,CLINTON COUNTY SHERIFF OFFICE,5310-01-233-8625,"NUT,PLAIN,ROUND",4,Each,4.22,B,3,2014-11-06 00:00:00
IL,CLINTON COUNTY SHERIFF OFFICE,1240-21-920-2492,MOUNT ASSEMBLY M145,15,Each,426,B,3,2014-08-14 00:00:00
IL,CLINTON COUNTY SHERIFF OFFICE,1005-00-921-5004,"MAGAZINE,CARTRIDGE",49,Each,12.3,D,1,2014-07-03 00:00:00
IL,CLINTON COUNTY SHERIFF OFFICE,1005-00-628-9048,"MAGAZINE,CARTRIDGE",28,Each,15.95,D,1,2014-07-09 00:00:00
IL,CLINTON COUNTY SHERIFF OFFICE,1005-01-484-8000,"SIGHT,REAR",14,Each,54.77,D,1,2014-08-28 00:00:00
IL,CLINTON COUNTY SHERIFF OFFICE,1005-01-544-9825,"BUTTSTOCK,SUBASSEMBLY",25,Each,14.44,D,1,2014-04-23 00:00:00
IL,CLINTON COUNTY SHERIFF OFFICE,1005-01-233-8529,BARREL AND FRONT SIGHT ASSEMBLY,1,Each,115,D,1,2014-03-27 00:00:00
IL,CLINTON COUNTY SHERIFF OFFICE,1005-01-134-3633,COMPENSATOR        ,1,Each,6.7,D,1,2014-05-01 00:00:00
IL,CLINTON COUNTY SHERIFF OFFICE,1005-01-233-8531,"EXTENSION,LOWER    ",2,Each,50.65,D,1,2014-05-01 00:00:00
IL,CLINTON COUNTY SHERIFF OFFICE,1005-01-587-9334,"MOUNT,RIFLE",4,Each,160,B,3,2014-04-16 00:00:00
IL,CLINTON COUNTY SHERIFF OFFICE,4710-01-233-8637,"TUBE,BENT,METALLIC",1,Each,8.49,D,1,2014-04-25 00:00:00
IL,CLINTON COUNTY SHERIFF OFFICE,1005-01-134-3633,COMPENSATOR        ,1,Each,6.7,D,1,2014-04-25 00:00:00
IL,CLINTON COUNTY SHERIFF OFFICE,1005-01-134-3633,COMPENSATOR        ,1,Each,6.7,D,1,2014-04-25 00:00:00
IL,CLINTON COUNTY SHERIFF OFFICE,1005-01-233-8529,BARREL AND FRONT SIGHT ASSEMBLY,1,Each,115,D,1,2014-03-27 00:00:00
IL,CLINTON COUNTY SHERIFF OFFICE,1005-01-148-4805,"GRIP,RIFLE",10,Each,1.78,B,3,2014-04-24 00:00:00
IL,CLINTON COUNTY SHERIFF OFFICE,1005-01-484-8000,"SIGHT,REAR",25,Each,54.77,D,1,2014-04-16 00:00:00
IL,CLINTON COUNTY SHERIFF OFFICE,1005-00-992-7280,"WASHER,LOCK,FLASH SUPPRESSOR",20,Each,1.29,B,3,2014-04-14 00:00:00
IL,CLINTON COUNTY SHERIFF OFFICE,1005-01-471-5456,"BARREL,CARBINE",3,Each,122,D,1,2014-04-02 00:00:00
IL,CLINTON COUNTY SHERIFF OFFICE,1005-01-382-6795,"RECEIVER,CARTRIDGE",1,Each,87.96,D,1,2014-04-25 00:00:00
IL,COAL VALLEY POLICE DEPT,1005-00-073-9421,"RIFLE,5.56 MILLIMETER",1,Each,499,D,1,2005-03-24 00:00:00
IL,COAL VALLEY POLICE DEPT,1005-00-073-9421,"RIFLE,5.56 MILLIMETER",1,Each,499,D,1,2004-02-27 00:00:00
IL,COAL VALLEY POLICE DEPT,1005-00-589-1271,"RIFLE,7.62 MILLIMETER",1,Each,138,D,1,2003-12-31 00:00:00
IL,COBDEN POLICE DEPT,1005-01-128-9936,"RIFLE,5.56 MILLIMETER",1,Each,749,D,1,2014-10-20 00:00:00
IL,COBDEN POLICE DEPT,1240-01-576-6134,"SIGHT,REFLEX",2,Each,450,D,1,2014-05-13 00:00:00
IL,COBDEN POLICE DEPT,1005-00-589-1271,"RIFLE,7.62 MILLIMETER",1,Each,138,D,1,2000-05-17 00:00:00
IL,COBDEN POLICE DEPT,1005-00-589-1271,"RIFLE,7.62 MILLIMETER",1,Each,138,D,1,2000-05-17 00:00:00
IL,COBDEN POLICE DEPT,1005-00-726-5655,"PISTOL,CALIBER .45,AUTOMATIC",1,Each,58.71,D,1,2008-05-29 00:00:00
IL,COBDEN POLICE DEPT,1005-00-726-5655,"PISTOL,CALIBER .45,AUTOMATIC",1,Each,58.71,D,1,2008-05-29 00:00:00
IL,COBDEN POLICE DEPT,1005-00-726-5655,"PISTOL,CALIBER .45,AUTOMATIC",1,Each,58.71,D,1,2008-05-29 00:00:00
IL,COBDEN POLICE DEPT,1005-00-726-5655,"PISTOL,CALIBER .45,AUTOMATIC",1,Each,58.71,D,1,2008-05-29 00:00:00
IL,COBDEN POLICE DEPT,1005-00-726-5655,"PISTOL,CALIBER .45,AUTOMATIC",1,Each,58.71,D,1,2008-05-29 00:00:00
IL,COBDEN POLICE DEPT,1005-00-726-5655,"PISTOL,CALIBER .45,AUTOMATIC",1,Each,58.71,D,1,2008-05-29 00:00:00
IL,COBDEN POLICE DEPT,1005-00-726-5655,"PISTOL,CALIBER .45,AUTOMATIC",1,Each,58.71,D,1,2008-05-29 00:00:00
IL,COBDEN POLICE DEPT,1005-00-726-5655,"PISTOL,CALIBER .45,AUTOMATIC",1,Each,58.71,D,1,2008-05-29 00:00:00
IL,COBDEN POLICE DEPT,1240-01-540-3690,"SIGHT,REFLEX",2,Each,365,D,1,2017-04-17 00:00:00
IL,COBDEN POLICE DEPT,1005-00-726-5655,"PISTOL,CALIBER .45,AUTOMATIC",1,Each,58.71,D,1,2008-05-29 00:00:00
IL,COBDEN POLICE DEPT,1005-00-726-5655,"PISTOL,CALIBER .45,AUTOMATIC",1,Each,58.71,D,1,2008-05-29 00:00:00
IL,COBDEN POLICE DEPT,1240-01-440-5189,"SIGHT ASSEMBLY,REFLEX",6,Each,341,D,1,2015-08-17 00:00:00
IL,COBDEN POLICE DEPT,1240-01-577-5861,"RANGE FINDER,LASER",1,Each,7223,D,1,2015-06-12 00:00:00
IL,COBDEN POLICE DEPT,1240-01-411-1265,"SIGHT,REFLEX",3,Each,315,D,1,2015-07-30 00:00:00
IL,COBDEN POLICE DEPT,1240-01-540-2890,ACOG KIT           ,5,Each,170,D,1,2015-08-03 00:00:00
IL,COBDEN POLICE DEPT,1240-01-540-3690,"SIGHT,REFLEX",3,Each,365,D,1,2015-08-11 00:00:00
IL,COBDEN POLICE DEPT,1240-01-440-5189,"SIGHT ASSEMBLY,REFLEX",6,Each,341,D,1,2015-08-17 00:00:00
IL,COBDEN POLICE DEPT,1240-01-440-5189,"SIGHT ASSEMBLY,REFLEX",6,Each,341,D,1,2015-08-17 00:00:00
IL,COBDEN POLICE DEPT,1005-01-128-9936,"RIFLE,5.56 MILLIMETER",1,Each,749,D,1,2014-10-20 00:00:00
IL,COBDEN POLICE DEPT,1005-01-128-9936,"RIFLE,5.56 MILLIMETER",1,Each,749,D,1,2014-10-20 00:00:00
IL,COBDEN POLICE DEPT,1005-01-128-9936,"RIFLE,5.56 MILLIMETER",1,Each,749,D,1,2014-10-20 00:00:00
IL,COBDEN POLICE DEPT,2320-01-128-9551,"TRUCK,UTILITY",1,Each,50458,C,1,2014-05-14 00:00:00
IL,COBDEN POLICE DEPT,1005-01-128-9936,"RIFLE,5.56 MILLIMETER",1,Each,749,D,1,2014-10-20 00:00:00
IL,COBDEN POLICE DEPT,2320-01-107-7155,"TRUCK,UTILITY",1,Each,41061,Q,6,2014-04-17 00:00:00
IL,COBDEN POLICE DEPT,2320-01-107-7155,"TRUCK,UTILITY",1,Each,41061,Q,6,2014-04-17 00:00:00
IL,COLES COUNTY SHERIFFS DEPT,2320-01-128-9551,"TRUCK,UTILITY",1,Each,50458,C,1,2012-07-26 00:00:00
IL,COLES COUNTY SHERIFFS DEPT,1005-00-726-5655,"PISTOL,CALIBER .45,AUTOMATIC",1,Each,58.71,D,1,2007-06-25 00:00:00
IL,COLES COUNTY SHERIFFS DEPT,1005-00-073-9421,"RIFLE,5.56 MILLIMETER",1,Each,499,D,1,2007-06-22 00:00:00
IL,COLES COUNTY SHERIFFS DEPT,1005-00-073-9421,"RIFLE,5.56 MILLIMETER",1,Each,499,D,1,2007-06-22 00:00:00
IL,COLES COUNTY SHERIFFS DEPT,1005-00-073-9421,"RIFLE,5.56 MILLIMETER",1,Each,499,D,1,2007-06-22 00:00:00
IL,COLES COUNTY SHERIFFS DEPT,1005-00-726-5655,"PISTOL,CALIBER .45,AUTOMATIC",1,Each,58.71,D,1,2007-06-25 00:00:00
IL,COLES COUNTY SHERIFFS DEPT,1005-00-726-5655,"PISTOL,CALIBER .45,AUTOMATIC",1,Each,58.71,D,1,2007-06-25 00:00:00
IL,COLES COUNTY SHERIFFS DEPT,1005-00-726-5655,"PISTOL,CALIBER .45,AUTOMATIC",1,Each,58.71,D,1,2007-06-25 00:00:00
IL,COLES COUNTY SHERIFFS DEPT,1005-00-073-9421,"RIFLE,5.56 MILLIMETER",1,Each,499,D,1,2007-06-22 00:00:00
IL,COLES COUNTY SHERIFFS DEPT,1005-00-589-1271,"RIFLE,7.62 MILLIMETER",1,Each,138,D,1,2000-07-17 00:00:00
IL,COLES COUNTY SHERIFFS DEPT,1005-00-589-1271,"RIFLE,7.62 MILLIMETER",1,Each,138,D,1,2000-07-17 00:00:00
IL,COLES COUNTY SHERIFFS DEPT,1005-00-073-9421,"RIFLE,5.56 MILLIMETER",1,Each,499,D,1,2007-06-22 00:00:00
IL,COLES COUNTY SHERIFFS DEPT,1005-00-726-5655,"PISTOL,CALIBER .45,AUTOMATIC",1,Each,58.71,D,1,2007-06-25 00:00:00
IL,COLES COUNTY SHERIFFS DEPT,1005-00-726-5655,"PISTOL,CALIBER .45,AUTOMATIC",1,Each,58.71,D,1,2007-06-25 00:00:00
IL,COLES COUNTY SHERIFFS DEPT,1005-00-726-5655,"PISTOL,CALIBER .45,AUTOMATIC",1,Each,58.71,D,1,2007-06-25 00:00:00
IL,COLES COUNTY SHERIFFS DEPT,1005-00-726-5655,"PISTOL,CALIBER .45,AUTOMATIC",1,Each,58.71,D,1,2007-06-25 00:00:00
IL,COLES COUNTY SHERIFFS DEPT,1005-00-073-9421,"RIFLE,5.56 MILLIMETER",1,Each,499,D,1,2007-06-22 00:00:00
IL,COLLEGE OF DUPAGE PD HI_ED,1005-00-856-6885,"RIFLE,5.56 MILLIMETER",1,Each,120,D,1,2011-09-12 00:00:00
IL,COLLEGE OF DUPAGE PD HI_ED,1005-00-856-6885,"RIFLE,5.56 MILLIMETER",1,Each,120,D,1,2010-09-21 00:00:00
IL,COLLEGE OF DUPAGE PD HI_ED,1005-00-856-6885,"RIFLE,5.56 MILLIMETER",1,Each,120,D,1,2011-09-12 00:00:00
IL,COLLEGE OF DUPAGE PD HI_ED,1005-00-856-6885,"RIFLE,5.56 MILLIMETER",1,Each,120,D,1,2011-09-12 00:00:00
IL,COLLEGE OF DUPAGE PD HI_ED,1005-00-856-6885,"RIFLE,5.56 MILLIMETER",1,Each,120,D,1,2011-09-12 00:00:00
IL,COLLEGE OF DUPAGE PD HI_ED,1005-00-856-6885,"RIFLE,5.56 MILLIMETER",1,Each,120,D,1,2011-09-12 00:00:00
IL,COLLEGE OF DUPAGE PD HI_ED,1005-00-856-6885,"RIFLE,5.56 MILLIMETER",1,Each,120,D,1,2011-09-12 00:00:00
IL,COLLEGE OF DUPAGE PD HI_ED,1005-00-856-6885,"RIFLE,5.56 MILLIMETER",1,Each,120,D,1,2011-09-12 00:00:00
IL,COLLEGE OF DUPAGE PD HI_ED,1005-00-856-6885,"RIFLE,5.56 MILLIMETER",1,Each,120,D,1,2010-09-21 00:00:00
IL,COLLEGE OF DUPAGE PD HI_ED,1005-00-856-6885,"RIFLE,5.56 MILLIMETER",1,Each,120,D,1,2011-09-12 00:00:00
IL,COLLEGE OF DUPAGE PD HI_ED,1005-00-856-6885,"RIFLE,5.56 MILLIMETER",1,Each,120,D,1,2011-09-12 00:00:00
IL,COLLEGE OF DUPAGE PD HI_ED,1005-00-856-6885,"RIFLE,5.56 MILLIMETER",1,Each,120,D,1,2010-09-21 00:00:00
IL,COLLEGE OF DUPAGE PD HI_ED,1005-00-856-6885,"RIFLE,5.56 MILLIMETER",1,Each,120,D,1,2010-09-21 00:00:00
IL,COLLEGE OF DUPAGE PD HI_ED,1005-00-856-6885,"RIFLE,5.56 MILLIMETER",1,Each,120,D,1,2011-09-12 00:00:00
IL,COLLINSVILLE POLICE DEPT,1005-00-073-9421,"RIFLE,5.56 MILLIMETER",1,Each,499,D,1,2002-09-10 00:00:00
IL,COLLINSVILLE POLICE DEPT,1005-00-073-9421,"RIFLE,5.56 MILLIMETER",1,Each,499,D,1,2002-09-10 00:00:00
IL,COLLINSVILLE POLICE DEPT,1005-00-073-9421,"RIFLE,5.56 MILLIMETER",1,Each,499,D,1,2002-09-10 00:00:00
IL,COLLINSVILLE POLICE DEPT,1005-00-073-9421,"RIFLE,5.56 MILLIMETER",1,Each,499,D,1,2002-09-10 00:00:00
IL,COLLINSVILLE POLICE DEPT,1005-00-073-9421,"RIFLE,5.56 MILLIMETER",1,Each,499,D,1,2002-09-10 00:00:00
IL,COLLINSVILLE POLICE DEPT,1005-00-073-9421,"RIFLE,5.56 MILLIMETER",1,Each,499,D,1,2002-09-10 00:00:00
IL,COLLINSVILLE POLICE DEPT,1005-00-073-9421,"RIFLE,5.56 MILLIMETER",1,Each,499,D,1,2002-09-10 00:00:00
IL,COLLINSVILLE POLICE DEPT,1005-00-073-9421,"RIFLE,5.56 MILLIMETER",1,Each,499,D,1,2002-09-10 00:00:00
IL,COLUMBIA POLICE DEPARTTMENT,2320-01-128-9551,"TRUCK,UTILITY",1,Each,50458,C,1,2011-09-15 00:00:00
IL,COLUMBIA POLICE DEPARTTMENT,5855-01-228-0936,NIGHT VISION GOGGLE,1,Each,4300,F,1,2012-02-22 00:00:00
IL,COLUMBIA POLICE DEPARTTMENT,1005-00-073-9421,"RIFLE,5.56 MILLIMETER",1,Each,499,D,1,2005-06-24 00:00:00
IL,COLUMBIA POLICE DEPARTTMENT,1005-00-073-9421,"RIFLE,5.56 MILLIMETER",1,Each,499,D,1,2005-06-24 00:00:00
IL,COLUMBIA POLICE DEPARTTMENT,1005-00-073-9421,"RIFLE,5.56 MILLIMETER",1,Each,499,D,1,2012-05-21 00:00:00
IL,COLUMBIA POLICE DEPARTTMENT,1005-00-073-9421,"RIFLE,5.56 MILLIMETER",1,Each,499,D,1,2003-11-05 00:00:00
IL,COLUMBIA POLICE DEPARTTMENT,1005-00-073-9421,"RIFLE,5.56 MILLIMETER",1,Each,499,D,1,2003-11-05 00:00:00
IL,COLUMBIA POLICE DEPARTTMENT,1005-00-073-9421,"RIFLE,5.56 MILLIMETER",1,Each,499,D,1,2005-06-24 00:00:00
IL,COLUMBIA POLICE DEPARTTMENT,1005-00-073-9421,"RIFLE,5.56 MILLIMETER",1,Each,499,D,1,2003-11-05 00:00:00
IL,COLUMBIA POLICE DEPARTTMENT,1005-00-073-9421,"RIFLE,5.56 MILLIMETER",1,Each,499,D,1,2012-05-21 00:00:00
IL,COLUMBIA POLICE DEPARTTMENT,5855-01-228-0936,NIGHT VISION GOGGLE,1,Each,4300,F,1,2012-02-22 00:00:00
IL,COLUMBIA POLICE DEPARTTMENT,5855-01-228-0936,NIGHT VISION GOGGLE,1,Each,4300,F,1,2012-02-22 00:00:00
IL,COLUMBIA POLICE DEPARTTMENT,5855-01-228-0936,NIGHT VISION GOGGLE,1,Each,4300,F,1,2012-02-22 00:00:00
IL,COLUMBIA POLICE DEPARTTMENT,5855-01-228-0936,NIGHT VISION GOGGLE,1,Each,4300,F,1,2012-02-22 00:00:00
IL,COLUMBIA POLICE DEPARTTMENT,5855-01-228-0936,NIGHT VISION GOGGLE,1,Each,4300,F,1,2012-02-22 00:00:00
IL,COLUMBIA POLICE DEPARTTMENT,5855-01-398-4315,"INFRARED EQUIPMENT,SUBASSEMBLY",2,Each,503,D,1,2005-06-29 00:00:00
IL,COLUMBIA POLICE DEPARTTMENT,5855-01-228-0936,NIGHT VISION GOGGLE,1,Each,4300,F,1,2012-02-22 00:00:00
IL,COLUMBIA POLICE DEPARTTMENT,2320-01-107-7155,"TRUCK,UTILITY",1,Each,41061,Q,6,2012-02-09 00:00:00
IL,COOK CO HOMELAND SEC  EMER MGMT,2320-01-107-7155,"TRUCK,UTILITY",1,Each,41061,Q,6,2012-03-02 00:00:00
IL,COOK CO HOMELAND SEC  EMER MGMT,2320-01-107-7153,"TRUCK,UTILITY",1,Each,63894,C,1,2012-01-05 00:00:00
IL,COOK CO HOMELAND SEC  EMER MGMT,2320-01-107-7153,"TRUCK,UTILITY",1,Each,63894,C,1,2012-04-30 00:00:00
IL,COOK CO HOMELAND SEC  EMER MGMT,2320-01-107-7155,"TRUCK,UTILITY",1,Each,41061,Q,6,2012-02-21 00:00:00
IL,COOK CO HOMELAND SEC  EMER MGMT,4940-01-333-8470,"SHOP EQUIPMENT,CONTACT MAINTENANCE",1,Each,46793,A,1,2012-04-03 00:00:00
IL,COOK CO HOMELAND SEC  EMER MGMT,2320-01-107-7153,"TRUCK,UTILITY",1,Each,63894,C,1,2012-02-21 00:00:00
IL,COOK CO HOMELAND SEC  EMER MGMT,4940-01-333-8470,"SHOP EQUIPMENT,CONTACT MAINTENANCE",1,Each,46793,A,1,2012-04-03 00:00:00
IL,COOK CO HOMELAND SEC  EMER MGMT,2320-01-107-7155,"TRUCK,UTILITY",1,Each,41061,Q,6,2012-02-21 00:00:00
IL,COOK CO HOMELAND SEC  EMER MGMT,2320-01-107-7155,"TRUCK,UTILITY",1,Each,41061,Q,6,2012-02-21 00:00:00
IL,COOK CO HOMELAND SEC  EMER MGMT,2320-01-107-7153,"TRUCK,UTILITY",1,Each,63894,C,1,2012-04-30 00:00:00
IL,COOK CO HOMELAND SEC  EMER MGMT,4940-01-333-8471,"SHOP EQUIPMENT,CONTACT MAINTENANCE",1,Each,72357,A,1,2012-04-04 00:00:00
IL,COOK CO HOMELAND SEC  EMER MGMT,2320-01-107-7153,"TRUCK,UTILITY",1,Each,63894,C,1,2012-04-30 00:00:00
IL,COOK CO HOMELAND SEC  EMER MGMT,2320-01-107-7153,"TRUCK,UTILITY",1,Each,63894,C,1,2012-04-30 00:00:00
IL,COOK CO HOMELAND SEC  EMER MGMT,2320-01-107-7155,"TRUCK,UTILITY",1,Each,41061,Q,6,2012-02-21 00:00:00
IL,COOK CO HOMELAND SEC  EMER MGMT,2320-01-371-9577,"TRUCK,UTILITY",1,Each,47023,Q,6,2012-03-02 00:00:00
IL,COOK CO HOMELAND SEC  EMER MGMT,2320-01-107-7155,"TRUCK,UTILITY",1,Each,41061,Q,6,2012-02-21 00:00:00
IL,COOK CO HOMELAND SEC  EMER MGMT,2510-01-257-3904,"DOOR,VEHICULAR",1,Assembly,1251.53,D,1,2012-03-05 00:00:00
IL,COOK CO HOMELAND SEC  EMER MGMT,8465-01-416-3207,"SPECTACLES SET,BALLISTIC AND LASER PROTECTIVE",6,Each,28.66,D,1,2012-02-18 00:00:00
IL,COOK CO HOMELAND SEC  EMER MGMT,2320-01-107-7153,"TRUCK,UTILITY",1,Each,63894,C,1,2012-04-30 00:00:00
IL,COOK CO HOMELAND SEC  EMER MGMT,2320-01-107-7153,"TRUCK,UTILITY",1,Each,63894,C,1,2012-04-30 00:00:00
IL,COOK CO HOMELAND SEC  EMER MGMT,2320-01-371-9577,"TRUCK,UTILITY",1,Each,47023,Q,6,2012-03-02 00:00:00
IL,COOK CO HOMELAND SEC  EMER MGMT,2320-01-413-3739,"TRUCK,UTILITY",1,Each,192513,C,1,2012-04-02 00:00:00
IL,COOK CO HOMELAND SEC  EMER MGMT,2355-DS-COM-BTV2,ONLY COMPLETE COMBAT/ASSAULT/TACTICAL WHEELED VEHICLES,1,Each,460000,D,,2012-06-08 00:00:00
IL,COOK COUNTY SHERIFFS OFFICE,1005-00-073-9421,"RIFLE,5.56 MILLIMETER",1,Each,499,D,1,2008-04-14 00:00:00
IL,COOK COUNTY SHERIFFS OFFICE,1005-00-073-9421,"RIFLE,5.56 MILLIMETER",1,Each,499,D,1,2008-04-14 00:00:00
IL,COOK COUNTY SHERIFFS OFFICE,1005-00-073-9421,"RIFLE,5.56 MILLIMETER",1,Each,499,D,1,2008-04-14 00:00:00
IL,COOK COUNTY SHERIFFS OFFICE,1005-00-073-9421,"RIFLE,5.56 MILLIMETER",1,Each,499,D,1,2008-04-15 00:00:00
IL,COOK COUNTY SHERIFFS OFFICE,1005-00-073-9421,"RIFLE,5.56 MILLIMETER",1,Each,499,D,1,2008-04-14 00:00:00
IL,COOK COUNTY SHERIFFS OFFICE,1005-00-589-1271,"RIFLE,7.62 MILLIMETER",1,Each,138,D,1,2000-04-05 00:00:00
IL,COOK COUNTY SHERIFFS OFFICE,1005-00-589-1271,"RIFLE,7.62 MILLIMETER",1,Each,138,D,1,2000-04-05 00:00:00
IL,COOK COUNTY SHERIFFS OFFICE,1005-00-589-1271,"RIFLE,7.62 MILLIMETER",1,Each,138,D,1,2000-04-05 00:00:00
IL,COOK COUNTY SHERIFFS OFFICE,1005-00-589-1271,"RIFLE,7.62 MILLIMETER",1,Each,138,D,1,2000-04-06 00:00:00
IL,COOK COUNTY SHERIFFS OFFICE,1005-00-589-1271,"RIFLE,7.62 MILLIMETER",1,Each,138,D,1,2000-04-05 00:00:00
IL,COOK COUNTY SHERIFFS OFFICE,1005-00-589-1271,"RIFLE,7.62 MILLIMETER",1,Each,138,D,1,2000-04-05 00:00:00
IL,COOK COUNTY SHERIFFS OFFICE,1005-00-589-1271,"RIFLE,7.62 MILLIMETER",1,Each,138,D,1,2000-04-05 00:00:00
IL,COOK COUNTY SHERIFFS OFFICE,1005-00-589-1271,"RIFLE,7.62 MILLIMETER",1,Each,138,D,1,2000-04-05 00:00:00
IL,COOK COUNTY SHERIFFS OFFICE,1005-00-073-9421,"RIFLE,5.56 MILLIMETER",1,Each,499,D,1,2008-04-15 00:00:00
IL,COOK COUNTY SHERIFFS OFFICE,1005-00-073-9421,"RIFLE,5.56 MILLIMETER",1,Each,499,D,1,2008-04-15 00:00:00
IL,COOK COUNTY SHERIFFS OFFICE,1005-00-073-9421,"RIFLE,5.56 MILLIMETER",1,Each,499,D,1,2008-04-15 00:00:00
IL,COOK COUNTY SHERIFFS OFFICE,1005-00-073-9421,"RIFLE,5.56 MILLIMETER",1,Each,499,D,1,2008-04-15 00:00:00
IL,COOK COUNTY SHERIFFS OFFICE,1005-00-073-9421,"RIFLE,5.56 MILLIMETER",1,Each,499,D,1,2008-04-14 00:00:00
IL,COOK COUNTY SHERIFFS OFFICE,1005-00-073-9421,"RIFLE,5.56 MILLIMETER",1,Each,499,D,1,2008-04-14 00:00:00
IL,COOK COUNTY SHERIFFS OFFICE,1005-00-073-9421,"RIFLE,5.56 MILLIMETER",1,Each,499,D,1,2008-04-15 00:00:00
IL,COOK COUNTY SHERIFFS OFFICE,1005-00-073-9421,"RIFLE,5.56 MILLIMETER",1,Each,499,D,1,2008-04-15 00:00:00
IL,COOK COUNTY SHERIFFS OFFICE,1005-00-073-9421,"RIFLE,5.56 MILLIMETER",1,Each,499,D,1,2008-04-14 00:00:00
IL,COOK COUNTY SHERIFFS OFFICE,1005-00-073-9421,"RIFLE,5.56 MILLIMETER",1,Each,499,D,1,2008-04-15 00:00:00
IL,COOK COUNTY SHERIFFS OFFICE,1005-00-073-9421,"RIFLE,5.56 MILLIMETER",1,Each,499,D,1,2008-04-15 00:00:00
IL,COOK COUNTY SHERIFFS OFFICE,1005-00-073-9421,"RIFLE,5.56 MILLIMETER",1,Each,499,D,1,2008-04-15 00:00:00
IL,COOK COUNTY SHERIFFS OFFICE,1005-00-073-9421,"RIFLE,5.56 MILLIMETER",1,Each,499,D,1,2008-04-15 00:00:00
IL,COOK COUNTY SHERIFFS OFFICE,1005-00-073-9421,"RIFLE,5.56 MILLIMETER",1,Each,499,D,1,2008-04-15 00:00:00
IL,COOK COUNTY SHERIFFS OFFICE,1005-00-073-9421,"RIFLE,5.56 MILLIMETER",1,Each,499,D,1,2008-04-16 00:00:00
IL,COOK COUNTY SHERIFFS OFFICE,1005-00-073-9421,"RIFLE,5.56 MILLIMETER",1,Each,499,D,1,2008-04-15 00:00:00
IL,COOK COUNTY SHERIFFS OFFICE,1005-00-073-9421,"RIFLE,5.56 MILLIMETER",1,Each,499,D,1,2008-04-14 00:00:00
IL,COOK COUNTY SHERIFFS OFFICE,1005-00-073-9421,"RIFLE,5.56 MILLIMETER",1,Each,499,D,1,2008-04-15 00:00:00
IL,COOK COUNTY SHERIFFS OFFICE,1005-00-073-9421,"RIFLE,5.56 MILLIMETER",1,Each,499,D,1,2008-04-14 00:00:00
IL,COOK COUNTY SHERIFFS OFFICE,1005-00-589-1271,"RIFLE,7.62 MILLIMETER",1,Each,138,D,1,2000-04-05 00:00:00
IL,COOK COUNTY SHERIFFS OFFICE,1005-00-073-9421,"RIFLE,5.56 MILLIMETER",1,Each,499,D,1,2008-04-14 00:00:00
IL,COOK COUNTY SHERIFFS OFFICE,1005-00-073-9421,"RIFLE,5.56 MILLIMETER",1,Each,499,D,1,2008-04-14 00:00:00
IL,COOK COUNTY SHERIFFS OFFICE,1005-00-589-1271,"RIFLE,7.62 MILLIMETER",1,Each,138,D,1,2000-04-05 00:00:00
IL,COOK COUNTY SHERIFFS OFFICE,1005-00-073-9421,"RIFLE,5.56 MILLIMETER",1,Each,499,D,1,2008-04-14 00:00:00
IL,COOK COUNTY SHERIFFS OFFICE,1005-00-589-1271,"RIFLE,7.62 MILLIMETER",1,Each,138,D,1,2000-04-05 00:00:00
IL,COOK COUNTY SHERIFFS OFFICE,1005-00-589-1271,"RIFLE,7.62 MILLIMETER",1,Each,138,D,1,2000-04-05 00:00:00
IL,COOK COUNTY SHERIFFS OFFICE,1005-00-589-1271,"RIFLE,7.62 MILLIMETER",1,Each,138,D,1,2000-04-05 00:00:00
IL,COOK COUNTY SHERIFFS OFFICE,1005-00-589-1271,"RIFLE,7.62 MILLIMETER",1,Each,138,D,1,2000-04-05 00:00:00
IL,COOK COUNTY SHERIFFS OFFICE,1005-00-589-1271,"RIFLE,7.62 MILLIMETER",1,Each,138,D,1,2000-04-05 00:00:00
IL,COOK COUNTY SHERIFFS OFFICE,1005-00-589-1271,"RIFLE,7.62 MILLIMETER",1,Each,138,D,1,2000-04-05 00:00:00
IL,COOK COUNTY SHERIFFS OFFICE,1005-00-589-1271,"RIFLE,7.62 MILLIMETER",1,Each,138,D,1,2000-04-05 00:00:00
IL,COOK COUNTY SHERIFFS OFFICE,1005-00-589-1271,"RIFLE,7.62 MILLIMETER",1,Each,138,D,1,2000-04-05 00:00:00
IL,COOK COUNTY SHERIFFS OFFICE,1005-00-589-1271,"RIFLE,7.62 MILLIMETER",1,Each,138,D,1,2000-04-05 00:00:00
IL,COOK COUNTY SHERIFFS OFFICE,1005-00-589-1271,"RIFLE,7.62 MILLIMETER",1,Each,138,D,1,2000-04-05 00:00:00
IL,COOK COUNTY SHERIFFS OFFICE,1005-00-589-1271,"RIFLE,7.62 MILLIMETER",1,Each,138,D,1,2000-04-06 00:00:00
IL,COOK COUNTY SHERIFFS OFFICE,1005-00-589-1271,"RIFLE,7.62 MILLIMETER",1,Each,138,D,1,2000-04-05 00:00:00
IL,COOK COUNTY SHERIFFS OFFICE,1005-00-073-9421,"RIFLE,5.56 MILLIMETER",1,Each,499,D,1,2008-04-14 00:00:00
IL,COOK COUNTY SHERIFFS OFFICE,1005-00-073-9421,"RIFLE,5.56 MILLIMETER",1,Each,499,D,1,2008-04-14 00:00:00
IL,COOK COUNTY SHERIFFS OFFICE,1005-00-073-9421,"RIFLE,5.56 MILLIMETER",1,Each,499,D,1,2008-04-14 00:00:00
IL,COOK COUNTY SHERIFFS OFFICE,1005-00-073-9421,"RIFLE,5.56 MILLIMETER",1,Each,499,D,1,2008-04-14 00:00:00
IL,COOK COUNTY SHERIFFS OFFICE,1005-00-073-9421,"RIFLE,5.56 MILLIMETER",1,Each,499,D,1,2008-04-14 00:00:00
IL,COOK COUNTY SHERIFFS OFFICE,1005-00-073-9421,"RIFLE,5.56 MILLIMETER",1,Each,499,D,1,2008-04-15 00:00:00
IL,COOK COUNTY SHERIFFS OFFICE,1005-00-073-9421,"RIFLE,5.56 MILLIMETER",1,Each,499,D,1,2008-04-14 00:00:00
IL,COOK COUNTY SHERIFFS OFFICE,1005-00-073-9421,"RIFLE,5.56 MILLIMETER",1,Each,499,D,1,2008-04-14 00:00:00
IL,COOK COUNTY SHERIFFS OFFICE,1005-00-073-9421,"RIFLE,5.56 MILLIMETER",1,Each,499,D,1,2008-04-15 00:00:00
IL,COOK COUNTY SHERIFFS OFFICE,1005-00-073-9421,"RIFLE,5.56 MILLIMETER",1,Each,499,D,1,2008-04-14 00:00:00
IL,COOK COUNTY SHERIFFS OFFICE,1005-00-073-9421,"RIFLE,5.56 MILLIMETER",1,Each,499,D,1,2008-04-15 00:00:00
IL,COOK COUNTY SHERIFFS OFFICE,1005-00-073-9421,"RIFLE,5.56 MILLIMETER",1,Each,499,D,1,2008-04-15 00:00:00
IL,COOK COUNTY SHERIFFS OFFICE,1005-00-073-9421,"RIFLE,5.56 MILLIMETER",1,Each,499,D,1,2008-04-14 00:00:00
IL,COOK COUNTY SHERIFFS OFFICE,1005-00-073-9421,"RIFLE,5.56 MILLIMETER",1,Each,499,D,1,2008-04-15 00:00:00
IL,COOK COUNTY SHERIFFS OFFICE,1005-00-073-9421,"RIFLE,5.56 MILLIMETER",1,Each,499,D,1,2008-04-15 00:00:00
IL,COOK COUNTY SHERIFFS OFFICE,1005-00-073-9421,"RIFLE,5.56 MILLIMETER",1,Each,499,D,1,2008-04-14 00:00:00
IL,COOK COUNTY SHERIFFS OFFICE,1005-00-073-9421,"RIFLE,5.56 MILLIMETER",1,Each,499,D,1,2008-04-14 00:00:00
IL,COOK COUNTY SHERIFFS OFFICE,1005-00-073-9421,"RIFLE,5.56 MILLIMETER",1,Each,499,D,1,2008-04-14 00:00:00
IL,COOK COUNTY SHERIFFS OFFICE,1005-00-073-9421,"RIFLE,5.56 MILLIMETER",1,Each,499,D,1,2008-04-15 00:00:00
IL,COOK COUNTY SHERIFFS OFFICE,1005-00-589-1271,"RIFLE,7.62 MILLIMETER",1,Each,138,D,1,2000-04-05 00:00:00
IL,COOK COUNTY SHERIFFS OFFICE,1005-00-073-9421,"RIFLE,5.56 MILLIMETER",1,Each,499,D,1,2008-04-14 00:00:00
IL,COOK COUNTY SHERIFFS OFFICE,1005-00-073-9421,"RIFLE,5.56 MILLIMETER",1,Each,499,D,1,2008-04-14 00:00:00
IL,COOK COUNTY SHERIFFS OFFICE,1005-00-073-9421,"RIFLE,5.56 MILLIMETER",1,Each,499,D,1,2008-04-14 00:00:00
IL,COOK COUNTY SHERIFFS OFFICE,1005-00-073-9421,"RIFLE,5.56 MILLIMETER",1,Each,499,D,1,2008-04-14 00:00:00
IL,COOK COUNTY SHERIFFS OFFICE,1005-00-073-9421,"RIFLE,5.56 MILLIMETER",1,Each,499,D,1,2008-04-14 00:00:00
IL,COOK COUNTY SHERIFFS OFFICE,1005-00-589-1271,"RIFLE,7.62 MILLIMETER",1,Each,138,D,1,2000-04-06 00:00:00
IL,COOK COUNTY SHERIFFS OFFICE,1005-00-589-1271,"RIFLE,7.62 MILLIMETER",1,Each,138,D,1,2000-04-05 00:00:00
IL,COOK COUNTY SHERIFFS OFFICE,1005-00-589-1271,"RIFLE,7.62 MILLIMETER",1,Each,138,D,1,2000-04-05 00:00:00
IL,COOK COUNTY SHERIFFS OFFICE,1005-00-589-1271,"RIFLE,7.62 MILLIMETER",1,Each,138,D,1,2000-04-05 00:00:00
IL,COOK COUNTY SHERIFFS OFFICE,1005-00-589-1271,"RIFLE,7.62 MILLIMETER",1,Each,138,D,1,2000-04-05 00:00:00
IL,COOK COUNTY SHERIFFS OFFICE,1005-00-589-1271,"RIFLE,7.62 MILLIMETER",1,Each,138,D,1,2000-04-05 00:00:00
IL,COOK COUNTY SHERIFFS OFFICE,1005-00-073-9421,"RIFLE,5.56 MILLIMETER",1,Each,499,D,1,2008-04-15 00:00:00
IL,COOK COUNTY SHERIFFS OFFICE,1005-00-073-9421,"RIFLE,5.56 MILLIMETER",1,Each,499,D,1,2008-04-15 00:00:00
IL,COOK COUNTY SHERIFFS OFFICE,1005-00-073-9421,"RIFLE,5.56 MILLIMETER",1,Each,499,D,1,2008-04-14 00:00:00
IL,COOK COUNTY SHERIFFS OFFICE,1005-00-073-9421,"RIFLE,5.56 MILLIMETER",1,Each,499,D,1,2008-04-14 00:00:00
IL,COOK COUNTY SHERIFFS OFFICE,1005-00-073-9421,"RIFLE,5.56 MILLIMETER",1,Each,499,D,1,2008-04-14 00:00:00
IL,COOK COUNTY SHERIFFS OFFICE,1005-00-073-9421,"RIFLE,5.56 MILLIMETER",1,Each,499,D,1,2008-04-15 00:00:00
IL,COOK COUNTY SHERIFFS OFFICE,1005-00-073-9421,"RIFLE,5.56 MILLIMETER",1,Each,499,D,1,2008-04-15 00:00:00
IL,COOK COUNTY SHERIFFS OFFICE,1005-00-073-9421,"RIFLE,5.56 MILLIMETER",1,Each,499,D,1,2008-04-14 00:00:00
IL,COOK COUNTY SHERIFFS OFFICE,1005-00-073-9421,"RIFLE,5.56 MILLIMETER",1,Each,499,D,1,2008-04-14 00:00:00
IL,COOK COUNTY SHERIFFS OFFICE,1005-00-073-9421,"RIFLE,5.56 MILLIMETER",1,Each,499,D,1,2008-04-15 00:00:00
IL,COOK COUNTY SHERIFFS OFFICE,1005-00-073-9421,"RIFLE,5.56 MILLIMETER",1,Each,499,D,1,2008-04-14 00:00:00
IL,COOK COUNTY SHERIFFS OFFICE,1005-00-073-9421,"RIFLE,5.56 MILLIMETER",1,Each,499,D,1,2008-04-15 00:00:00
IL,COOK COUNTY SHERIFFS OFFICE,1005-00-073-9421,"RIFLE,5.56 MILLIMETER",1,Each,499,D,1,2008-04-15 00:00:00
IL,COOK COUNTY SHERIFFS OFFICE,1005-00-073-9421,"RIFLE,5.56 MILLIMETER",1,Each,499,D,1,2008-04-15 00:00:00
IL,COOK COUNTY SHERIFFS OFFICE,1005-00-073-9421,"RIFLE,5.56 MILLIMETER",1,Each,499,D,1,2008-04-14 00:00:00
IL,COOK COUNTY SHERIFFS OFFICE,1005-00-073-9421,"RIFLE,5.56 MILLIMETER",1,Each,499,D,1,2008-04-14 00:00:00
IL,COOK COUNTY SHERIFFS OFFICE,1005-00-073-9421,"RIFLE,5.56 MILLIMETER",1,Each,499,D,1,2008-04-14 00:00:00
IL,COOK COUNTY SHERIFFS OFFICE,1005-00-073-9421,"RIFLE,5.56 MILLIMETER",1,Each,499,D,1,2008-04-15 00:00:00
IL,COOK COUNTY SHERIFFS OFFICE,1005-00-073-9421,"RIFLE,5.56 MILLIMETER",1,Each,499,D,1,2008-04-14 00:00:00
IL,COOK COUNTY SHERIFFS OFFICE,1005-00-073-9421,"RIFLE,5.56 MILLIMETER",1,Each,499,D,1,2008-04-15 00:00:00
IL,COOK COUNTY SHERIFFS OFFICE,1005-00-073-9421,"RIFLE,5.56 MILLIMETER",1,Each,499,D,1,2008-04-14 00:00:00
IL,COOK COUNTY SHERIFFS OFFICE,1005-00-073-9421,"RIFLE,5.56 MILLIMETER",1,Each,499,D,1,2008-04-14 00:00:00
IL,COOK COUNTY SHERIFFS OFFICE,1005-00-073-9421,"RIFLE,5.56 MILLIMETER",1,Each,499,D,1,2008-04-14 00:00:00
IL,COOK COUNTY SHERIFFS OFFICE,1005-00-073-9421,"RIFLE,5.56 MILLIMETER",1,Each,499,D,1,2008-04-15 00:00:00
IL,COOK COUNTY SHERIFFS OFFICE,1005-00-073-9421,"RIFLE,5.56 MILLIMETER",1,Each,499,D,1,2008-04-14 00:00:00
IL,COOK COUNTY SHERIFFS OFFICE,1005-00-073-9421,"RIFLE,5.56 MILLIMETER",1,Each,499,D,1,2008-04-14 00:00:00
IL,COOK COUNTY SHERIFFS OFFICE,1005-00-073-9421,"RIFLE,5.56 MILLIMETER",1,Each,499,D,1,2008-04-14 00:00:00
IL,COOK COUNTY SHERIFFS OFFICE,1005-00-073-9421,"RIFLE,5.56 MILLIMETER",1,Each,499,D,1,2008-04-14 00:00:00
IL,COOK COUNTY SHERIFFS OFFICE,1005-00-073-9421,"RIFLE,5.56 MILLIMETER",1,Each,499,D,1,2008-04-14 00:00:00
IL,COOK COUNTY SHERIFFS OFFICE,1005-00-073-9421,"RIFLE,5.56 MILLIMETER",1,Each,499,D,1,2008-04-14 00:00:00
IL,COOK COUNTY SHERIFFS OFFICE,1005-00-073-9421,"RIFLE,5.56 MILLIMETER",1,Each,499,D,1,2008-04-15 00:00:00
IL,COOK COUNTY SHERIFFS OFFICE,1005-00-073-9421,"RIFLE,5.56 MILLIMETER",1,Each,499,D,1,2008-04-15 00:00:00
IL,COOK COUNTY SHERIFFS OFFICE,1005-00-073-9421,"RIFLE,5.56 MILLIMETER",1,Each,499,D,1,2008-04-15 00:00:00
IL,COOK COUNTY SHERIFFS OFFICE,1005-00-073-9421,"RIFLE,5.56 MILLIMETER",1,Each,499,D,1,2008-04-14 00:00:00
IL,COOK COUNTY SHERIFFS OFFICE,1005-00-073-9421,"RIFLE,5.56 MILLIMETER",1,Each,499,D,1,2008-04-15 00:00:00
IL,COOK COUNTY SHERIFFS OFFICE,1005-00-073-9421,"RIFLE,5.56 MILLIMETER",1,Each,499,D,1,2008-04-14 00:00:00
IL,COOK COUNTY SHERIFFS OFFICE,1005-00-073-9421,"RIFLE,5.56 MILLIMETER",1,Each,499,D,1,2008-04-14 00:00:00
IL,COOK COUNTY SHERIFFS OFFICE,1005-00-073-9421,"RIFLE,5.56 MILLIMETER",1,Each,499,D,1,2008-04-14 00:00:00
IL,COOK COUNTY SHERIFFS OFFICE,1005-00-073-9421,"RIFLE,5.56 MILLIMETER",1,Each,499,D,1,2008-04-15 00:00:00
IL,COOK COUNTY SHERIFFS OFFICE,1005-00-073-9421,"RIFLE,5.56 MILLIMETER",1,Each,499,D,1,2008-04-14 00:00:00
IL,COOK COUNTY SHERIFFS OFFICE,1005-00-073-9421,"RIFLE,5.56 MILLIMETER",1,Each,499,D,1,2008-04-14 00:00:00
IL,COOK COUNTY SHERIFFS OFFICE,1005-00-073-9421,"RIFLE,5.56 MILLIMETER",1,Each,499,D,1,2008-04-14 00:00:00
IL,COOK COUNTY SHERIFFS OFFICE,1005-00-073-9421,"RIFLE,5.56 MILLIMETER",1,Each,499,D,1,2008-04-15 00:00:00
IL,COOK COUNTY SHERIFFS OFFICE,1005-00-073-9421,"RIFLE,5.56 MILLIMETER",1,Each,499,D,1,2008-04-14 00:00:00
IL,COOK COUNTY SHERIFFS OFFICE,1005-00-073-9421,"RIFLE,5.56 MILLIMETER",1,Each,499,D,1,2008-04-14 00:00:00
IL,COOK COUNTY SHERIFFS OFFICE,1005-00-073-9421,"RIFLE,5.56 MILLIMETER",1,Each,499,D,1,2008-04-15 00:00:00
IL,COOK COUNTY SHERIFFS OFFICE,1005-00-073-9421,"RIFLE,5.56 MILLIMETER",1,Each,499,D,1,2008-04-15 00:00:00
IL,COOK COUNTY SHERIFFS OFFICE,1005-00-073-9421,"RIFLE,5.56 MILLIMETER",1,Each,499,D,1,2008-04-15 00:00:00
IL,COOK COUNTY SHERIFFS OFFICE,1005-00-073-9421,"RIFLE,5.56 MILLIMETER",1,Each,499,D,1,2008-04-15 00:00:00
IL,COOK COUNTY SHERIFFS OFFICE,1005-00-073-9421,"RIFLE,5.56 MILLIMETER",1,Each,499,D,1,2008-04-15 00:00:00
IL,COOK COUNTY SHERIFFS OFFICE,1005-00-073-9421,"RIFLE,5.56 MILLIMETER",1,Each,499,D,1,2008-04-14 00:00:00
IL,COOK COUNTY SHERIFFS OFFICE,1005-00-073-9421,"RIFLE,5.56 MILLIMETER",1,Each,499,D,1,2008-04-14 00:00:00
IL,COOK COUNTY SHERIFFS OFFICE,1005-00-073-9421,"RIFLE,5.56 MILLIMETER",1,Each,499,D,1,2008-04-16 00:00:00
IL,COOK COUNTY SHERIFFS OFFICE,1005-00-073-9421,"RIFLE,5.56 MILLIMETER",1,Each,499,D,1,2008-04-15 00:00:00
IL,COOK COUNTY SHERIFFS OFFICE,1005-00-073-9421,"RIFLE,5.56 MILLIMETER",1,Each,499,D,1,2008-04-15 00:00:00
IL,COOK COUNTY SHERIFFS OFFICE,1005-00-073-9421,"RIFLE,5.56 MILLIMETER",1,Each,499,D,1,2008-04-14 00:00:00
IL,COOK COUNTY SHERIFFS OFFICE,1005-00-589-1271,"RIFLE,7.62 MILLIMETER",1,Each,138,D,1,2000-04-05 00:00:00
IL,COOK COUNTY SHERIFFS OFFICE,1005-00-589-1271,"RIFLE,7.62 MILLIMETER",1,Each,138,D,1,2000-04-05 00:00:00
IL,COOK COUNTY SHERIFFS OFFICE,1005-00-589-1271,"RIFLE,7.62 MILLIMETER",1,Each,138,D,1,2000-04-05 00:00:00
IL,COOK COUNTY SHERIFFS OFFICE,1005-00-589-1271,"RIFLE,7.62 MILLIMETER",1,Each,138,D,1,2000-04-06 00:00:00
IL,COOK COUNTY SHERIFFS OFFICE,1005-00-589-1271,"RIFLE,7.62 MILLIMETER",1,Each,138,D,1,2000-04-06 00:00:00
IL,COOK COUNTY SHERIFFS OFFICE,1005-00-589-1271,"RIFLE,7.62 MILLIMETER",1,Each,138,D,1,2000-04-05 00:00:00
IL,COOK COUNTY SHERIFFS OFFICE,1005-00-589-1271,"RIFLE,7.62 MILLIMETER",1,Each,138,D,1,2000-04-05 00:00:00
IL,COOK COUNTY SHERIFFS OFFICE,1005-00-589-1271,"RIFLE,7.62 MILLIMETER",1,Each,138,D,1,2000-04-05 00:00:00
IL,COOK COUNTY SHERIFFS OFFICE,1005-00-589-1271,"RIFLE,7.62 MILLIMETER",1,Each,138,D,1,2000-04-05 00:00:00
IL,COOK COUNTY SHERIFFS OFFICE,1005-00-589-1271,"RIFLE,7.62 MILLIMETER",1,Each,138,D,1,2000-04-06 00:00:00
IL,COOK COUNTY SHERIFFS OFFICE,1005-00-589-1271,"RIFLE,7.62 MILLIMETER",1,Each,138,D,1,2000-04-05 00:00:00
IL,COOK COUNTY SHERIFFS OFFICE,1005-00-589-1271,"RIFLE,7.62 MILLIMETER",1,Each,138,D,1,2000-04-05 00:00:00
IL,COOK COUNTY SHERIFFS OFFICE,1005-00-589-1271,"RIFLE,7.62 MILLIMETER",1,Each,138,D,1,2000-04-05 00:00:00
IL,COOK COUNTY SHERIFFS OFFICE,1005-00-589-1271,"RIFLE,7.62 MILLIMETER",1,Each,138,D,1,2000-04-05 00:00:00
IL,COOK COUNTY SHERIFFS OFFICE,1005-00-589-1271,"RIFLE,7.62 MILLIMETER",1,Each,138,D,1,2000-04-05 00:00:00
IL,COOK COUNTY SHERIFFS OFFICE,1005-00-589-1271,"RIFLE,7.62 MILLIMETER",1,Each,138,D,1,2000-04-06 00:00:00
IL,COOK COUNTY SHERIFFS OFFICE,1005-00-589-1271,"RIFLE,7.62 MILLIMETER",1,Each,138,D,1,2000-04-05 00:00:00
IL,COOK COUNTY SHERIFFS OFFICE,1005-00-589-1271,"RIFLE,7.62 MILLIMETER",1,Each,138,D,1,2000-04-05 00:00:00
IL,COOK COUNTY SHERIFFS OFFICE,1005-00-589-1271,"RIFLE,7.62 MILLIMETER",1,Each,138,D,1,2000-04-05 00:00:00
IL,COOK COUNTY SHERIFFS OFFICE,1005-00-589-1271,"RIFLE,7.62 MILLIMETER",1,Each,138,D,1,2000-04-05 00:00:00
IL,COOK COUNTY SHERIFFS OFFICE,1005-00-589-1271,"RIFLE,7.62 MILLIMETER",1,Each,138,D,1,2000-04-05 00:00:00
IL,COULTERVILLE POLICE DEPT,1080-00-103-1233,"CAMOUFLAGE SCREENING SYSTEM,SNOW LIGHT WEIGHT RADAR SCATTERING",1,Each,662,D,1,2010-01-28 00:00:00
IL,COULTERVILLE POLICE DEPT,1005-00-073-9421,"RIFLE,5.56 MILLIMETER",1,Each,499,D,1,2005-11-30 00:00:00
IL,COULTERVILLE POLICE DEPT,1005-00-589-1271,"RIFLE,7.62 MILLIMETER",1,Each,138,D,1,2005-12-01 00:00:00
IL,COULTERVILLE POLICE DEPT,1080-01-266-1827,CAMOUFLAGE SCREENING SYSTEM,1,Each,940,D,1,2010-01-27 00:00:00
IL,COUNTRY CLUB HILLS POLICE DEPT,1005-00-073-9421,"RIFLE,5.56 MILLIMETER",1,Each,499,D,1,2005-01-05 00:00:00
IL,COUNTRY CLUB HILLS POLICE DEPT,1005-00-589-1271,"RIFLE,7.62 MILLIMETER",1,Each,138,D,1,1994-04-14 00:00:00
IL,COUNTRY CLUB HILLS POLICE DEPT,1005-00-589-1271,"RIFLE,7.62 MILLIMETER",1,Each,138,D,1,2003-08-06 00:00:00
IL,COUNTRY CLUB HILLS POLICE DEPT,1005-00-589-1271,"RIFLE,7.62 MILLIMETER",1,Each,138,D,1,1994-04-14 00:00:00
IL,COUNTRY CLUB HILLS POLICE DEPT,1005-00-073-9421,"RIFLE,5.56 MILLIMETER",1,Each,499,D,1,2005-01-05 00:00:00
IL,COUNTRY CLUB HILLS POLICE DEPT,1005-00-589-1271,"RIFLE,7.62 MILLIMETER",1,Each,138,D,1,1994-04-14 00:00:00
IL,COUNTRY CLUB HILLS POLICE DEPT,1005-00-073-9421,"RIFLE,5.56 MILLIMETER",1,Each,499,D,1,2005-01-05 00:00:00
IL,COUNTRY CLUB HILLS POLICE DEPT,1005-00-073-9421,"RIFLE,5.56 MILLIMETER",1,Each,499,D,1,2005-01-05 00:00:00
IL,COUNTRY CLUB HILLS POLICE DEPT,1005-00-073-9421,"RIFLE,5.56 MILLIMETER",1,Each,499,D,1,2005-01-05 00:00:00
IL,COUNTRY CLUB HILLS POLICE DEPT,1005-00-589-1271,"RIFLE,7.62 MILLIMETER",1,Each,138,D,1,1994-04-14 00:00:00
IL,COUNTRY CLUB HILLS POLICE DEPT,1005-00-589-1271,"RIFLE,7.62 MILLIMETER",1,Each,138,D,1,2003-08-06 00:00:00
IL,COUNTRY CLUB HILLS POLICE DEPT,1005-00-589-1271,"RIFLE,7.62 MILLIMETER",1,Each,138,D,1,2003-08-06 00:00:00
IL,COUNTRY CLUB HILLS POLICE DEPT,1005-00-589-1271,"RIFLE,7.62 MILLIMETER",1,Each,138,D,1,2003-08-06 00:00:00
IL,COUNTRY CLUB HILLS POLICE DEPT,1005-00-073-9421,"RIFLE,5.56 MILLIMETER",1,Each,499,D,1,2005-01-05 00:00:00
IL,COUNTRY CLUB HILLS POLICE DEPT,1005-00-589-1271,"RIFLE,7.62 MILLIMETER",1,Each,138,D,1,1994-04-14 00:00:00
IL,COWDEN POLICE DEPT,1005-00-073-9421,"RIFLE,5.56 MILLIMETER",1,Each,499,D,1,2007-06-21 00:00:00
IL,CRAINVILLE POLICE DEPT,1005-00-073-9421,"RIFLE,5.56 MILLIMETER",1,Each,499,D,1,2003-07-01 00:00:00
IL,CRAWFORD COUNTY SHERIFFS OFFICE,1240-01-411-1265,"SIGHT,REFLEX",20,Each,315,D,1,2012-06-20 00:00:00
IL,CREST HILL POLICE DEPT,1005-00-073-9421,"RIFLE,5.56 MILLIMETER",1,Each,499,D,1,1998-07-01 00:00:00
IL,CREST HILL POLICE DEPT,1005-00-073-9421,"RIFLE,5.56 MILLIMETER",1,Each,499,D,1,1998-07-01 00:00:00
IL,CREST HILL POLICE DEPT,1005-00-073-9421,"RIFLE,5.56 MILLIMETER",1,Each,499,D,1,1998-07-01 00:00:00
IL,CREST HILL POLICE DEPT,1005-00-073-9421,"RIFLE,5.56 MILLIMETER",1,Each,499,D,1,2006-01-03 00:00:00
IL,CREST HILL POLICE DEPT,1005-00-073-9421,"RIFLE,5.56 MILLIMETER",1,Each,499,D,1,1998-07-01 00:00:00
IL,CRETE POLICE DEPARTMENT,1005-00-073-9421,"RIFLE,5.56 MILLIMETER",1,Each,499,D,1,2012-01-10 00:00:00
IL,CRETE POLICE DEPARTMENT,1005-00-073-9421,"RIFLE,5.56 MILLIMETER",1,Each,499,D,1,2012-01-10 00:00:00
IL,CRETE POLICE DEPARTMENT,1005-00-073-9421,"RIFLE,5.56 MILLIMETER",1,Each,499,D,1,2007-12-18 00:00:00
IL,CRETE POLICE DEPARTMENT,1005-00-073-9421,"RIFLE,5.56 MILLIMETER",1,Each,499,D,1,2012-01-10 00:00:00
IL,CRETE POLICE DEPARTMENT,1005-00-073-9421,"RIFLE,5.56 MILLIMETER",1,Each,499,D,1,2012-01-10 00:00:00
IL,CRETE POLICE DEPARTMENT,1095-01-526-7860,"FIRING DEVICE,NON-LETHAL",4,Each,1093,D,1,2015-04-20 00:00:00
IL,CRETE POLICE DEPARTMENT,1005-00-073-9421,"RIFLE,5.56 MILLIMETER",1,Each,499,D,1,2012-01-10 00:00:00
IL,CRETE POLICE DEPARTMENT,1005-00-073-9421,"RIFLE,5.56 MILLIMETER",1,Each,499,D,1,2012-01-10 00:00:00
IL,CRETE POLICE DEPARTMENT,1005-00-073-9421,"RIFLE,5.56 MILLIMETER",1,Each,499,D,1,2012-01-10 00:00:00
IL,CRETE POLICE DEPARTMENT,1005-00-073-9421,"RIFLE,5.56 MILLIMETER",1,Each,499,D,1,2012-01-10 00:00:00
IL,CRETE POLICE DEPARTMENT,1005-00-073-9421,"RIFLE,5.56 MILLIMETER",1,Each,499,D,1,2012-01-10 00:00:00
IL,CRETE POLICE DEPARTMENT,1005-00-073-9421,"RIFLE,5.56 MILLIMETER",1,Each,499,D,1,2012-01-10 00:00:00
IL,CRETE POLICE DEPARTMENT,1005-00-073-9421,"RIFLE,5.56 MILLIMETER",1,Each,499,D,1,2007-12-18 00:00:00
IL,CRETE POLICE DEPARTMENT,1005-00-073-9421,"RIFLE,5.56 MILLIMETER",1,Each,499,D,1,2012-01-10 00:00:00
IL,CRETE POLICE DEPARTMENT,1005-00-073-9421,"RIFLE,5.56 MILLIMETER",1,Each,499,D,1,2007-12-18 00:00:00
IL,CRETE POLICE DEPARTMENT,1005-00-073-9421,"RIFLE,5.56 MILLIMETER",1,Each,499,D,1,2012-01-10 00:00:00
IL,CRETE POLICE DEPARTMENT,1005-00-073-9421,"RIFLE,5.56 MILLIMETER",1,Each,499,D,1,2012-01-10 00:00:00
IL,CRETE POLICE DEPARTMENT,1005-00-073-9421,"RIFLE,5.56 MILLIMETER",1,Each,499,D,1,2012-01-10 00:00:00
IL,CRETE POLICE DEPARTMENT,1005-00-073-9421,"RIFLE,5.56 MILLIMETER",1,Each,499,D,1,2012-01-10 00:00:00
IL,CRETE POLICE DEPARTMENT,1005-00-073-9421,"RIFLE,5.56 MILLIMETER",1,Each,499,D,1,2012-01-10 00:00:00
IL,CRETE POLICE DEPARTMENT,1005-00-073-9421,"RIFLE,5.56 MILLIMETER",1,Each,499,D,1,2012-01-10 00:00:00
IL,CRETE POLICE DEPARTMENT,1005-00-073-9421,"RIFLE,5.56 MILLIMETER",1,Each,499,D,1,2012-01-10 00:00:00
IL,CRETE POLICE DEPARTMENT,1005-00-073-9421,"RIFLE,5.56 MILLIMETER",1,Each,499,D,1,2007-12-18 00:00:00
IL,CRETE POLICE DEPARTMENT,1005-00-073-9421,"RIFLE,5.56 MILLIMETER",1,Each,499,D,1,2012-01-10 00:00:00
IL,CRETE POLICE DEPARTMENT,1005-00-073-9421,"RIFLE,5.56 MILLIMETER",1,Each,499,D,1,2012-01-10 00:00:00
IL,CREVE COEUR POLICE DEPT,1005-00-726-5655,"PISTOL,CALIBER .45,AUTOMATIC",1,Each,58.71,D,1,2002-10-24 00:00:00
IL,CREVE COEUR POLICE DEPT,1005-00-726-5655,"PISTOL,CALIBER .45,AUTOMATIC",1,Each,58.71,D,1,2002-10-24 00:00:00
IL,CREVE COEUR POLICE DEPT,1005-00-589-1271,"RIFLE,7.62 MILLIMETER",1,Each,138,D,1,2002-10-24 00:00:00
IL,CREVE COEUR POLICE DEPT,1005-00-856-6885,"RIFLE,5.56 MILLIMETER",1,Each,120,D,1,2011-01-06 00:00:00
IL,CREVE COEUR POLICE DEPT,1005-00-073-9421,"RIFLE,5.56 MILLIMETER",1,Each,499,D,1,2002-09-12 00:00:00
IL,CREVE COEUR POLICE DEPT,1005-00-856-6885,"RIFLE,5.56 MILLIMETER",1,Each,120,D,1,2011-01-06 00:00:00
IL,CREVE COEUR POLICE DEPT,1005-00-856-6885,"RIFLE,5.56 MILLIMETER",1,Each,120,D,1,2011-01-06 00:00:00
IL,CREVE COEUR POLICE DEPT,5895-01-540-4543,"COMPUTER,LAPTOP    ",2,Each,2262,D,1,2012-11-10 00:00:00
IL,CREVE COEUR POLICE DEPT,1095-01-529-4911,"PISTOL,ELECTRICAL IMPULSE",15,Each,800,D,1,2013-02-20 00:00:00
IL,CREVE COEUR POLICE DEPT,6510-01-562-3325,"BANDAGE,GAUZE,IMPREGNATED",100,Each,57.18,A,1,2016-12-30 00:00:00
IL,CREVE COEUR POLICE DEPT,1005-00-073-9421,"RIFLE,5.56 MILLIMETER",1,Each,499,D,1,2002-09-12 00:00:00
IL,CREVE COEUR POLICE DEPT,1005-00-073-9421,"RIFLE,5.56 MILLIMETER",1,Each,499,D,1,2002-09-12 00:00:00
IL,CREVE COEUR POLICE DEPT,6230-DS-LIG-HT01,"ELECTRIC PORTABLE, HAND LIGHTING EQUIP",5,Each,114.35,A,,2017-04-12 00:00:00
IL,CREVE COEUR POLICE DEPT,8465-01-117-8699,"BAG,DUFFEL",12,Each,23.31,A,1,2017-12-08 00:00:00
IL,CREVE COEUR POLICE DEPT,7025-DS-FLA-TPAN,FLAT PANEL MONITOR,1,Each,300,A,,2017-10-17 00:00:00
IL,CREVE COEUR POLICE DEPT,7830-DS-BIC-YCEE,"BICYCLE, EXERCISE",2,Each,0,A,,2017-12-08 00:00:00
IL,CREVE COEUR POLICE DEPT,5180-01-483-0249,"TOOL KIT,GENERAL MECHANICS",5,Set,1780,A,1,2017-12-08 00:00:00
IL,CREVE COEUR POLICE DEPT,7025-DS-PRI-NT05,PRINTER,1,Each,299.78,A,,2017-12-08 00:00:00
IL,CREVE COEUR POLICE DEPT,6115-DS-GEN-ERA1,"GENERATORS AND GENERATOR SETS, ELECTRICA",1,Each,82365.76,A,,2017-09-27 00:00:00
IL,CREVE COEUR POLICE DEPT,1005-01-146-7684,BARREL ASSEMBLY    ,2,Assembly,187.7,D,1,2010-01-29 00:00:00
IL,CREVE COEUR POLICE DEPT,1005-01-452-6771,"ADAPTER RAIL,WEAPON MOUNTED,M5",16,Each,200.02,B,3,2010-02-12 00:00:00
IL,CREVE COEUR POLICE DEPT,1005-00-073-9421,"RIFLE,5.56 MILLIMETER",1,Each,499,D,1,2002-09-12 00:00:00
IL,CREVE COEUR POLICE DEPT,1005-01-134-3633,COMPENSATOR        ,1,Each,6.7,D,1,2010-02-12 00:00:00
IL,CRYSTAL LAKE PARK DISTRICT POLICE,1005-00-073-9421,"RIFLE,5.56 MILLIMETER",1,Each,499,D,1,2003-06-11 00:00:00
IL,CRYSTAL LAKE PARK DISTRICT POLICE,1005-00-073-9421,"RIFLE,5.56 MILLIMETER",1,Each,499,D,1,2003-06-11 00:00:00
IL,CRYSTAL LAKE PARK DISTRICT POLICE,1005-00-073-9421,"RIFLE,5.56 MILLIMETER",1,Each,499,D,1,2003-06-11 00:00:00
IL,DANVERS POLICE DEPT,1005-00-073-9421,"RIFLE,5.56 MILLIMETER",1,Each,499,D,1,2006-09-29 00:00:00
IL,DANVERS POLICE DEPT,1005-00-589-1271,"RIFLE,7.62 MILLIMETER",1,Each,138,D,1,2001-01-22 00:00:00
IL,DANVILLE DEPT OF PUBLIC SAFETY LEA,1005-00-073-9421,"RIFLE,5.56 MILLIMETER",1,Each,499,D,1,2005-05-16 00:00:00
IL,DANVILLE DEPT OF PUBLIC SAFETY LEA,1005-00-073-9421,"RIFLE,5.56 MILLIMETER",1,Each,499,D,1,2005-05-16 00:00:00
IL,DANVILLE DEPT OF PUBLIC SAFETY LEA,1005-00-073-9421,"RIFLE,5.56 MILLIMETER",1,Each,499,D,1,2005-05-16 00:00:00
IL,DANVILLE DEPT OF PUBLIC SAFETY LEA,1005-00-589-1271,"RIFLE,7.62 MILLIMETER",1,Each,138,D,1,2005-05-10 00:00:00
IL,DANVILLE DEPT OF PUBLIC SAFETY LEA,1005-00-073-9421,"RIFLE,5.56 MILLIMETER",1,Each,499,D,1,2005-05-16 00:00:00
IL,DANVILLE DEPT OF PUBLIC SAFETY LEA,1005-00-073-9421,"RIFLE,5.56 MILLIMETER",1,Each,499,D,1,2005-05-16 00:00:00
IL,DANVILLE DEPT OF PUBLIC SAFETY LEA,1005-00-073-9421,"RIFLE,5.56 MILLIMETER",1,Each,499,D,1,2005-05-16 00:00:00
IL,DANVILLE DEPT OF PUBLIC SAFETY LEA,1005-00-073-9421,"RIFLE,5.56 MILLIMETER",1,Each,499,D,1,2005-05-16 00:00:00
IL,DANVILLE DEPT OF PUBLIC SAFETY LEA,1005-00-073-9421,"RIFLE,5.56 MILLIMETER",1,Each,499,D,1,2005-05-16 00:00:00
IL,DANVILLE DEPT OF PUBLIC SAFETY LEA,1005-00-073-9421,"RIFLE,5.56 MILLIMETER",1,Each,499,D,1,2005-05-16 00:00:00
IL,DANVILLE DEPT OF PUBLIC SAFETY LEA,1005-00-589-1271,"RIFLE,7.62 MILLIMETER",1,Each,138,D,1,2005-05-10 00:00:00
IL,DANVILLE DEPT OF PUBLIC SAFETY LEA,1005-00-073-9421,"RIFLE,5.56 MILLIMETER",1,Each,499,D,1,2005-05-16 00:00:00
IL,DANVILLE DEPT OF PUBLIC SAFETY LEA,1005-00-073-9421,"RIFLE,5.56 MILLIMETER",1,Each,499,D,1,2005-05-16 00:00:00
IL,DANVILLE DEPT OF PUBLIC SAFETY LEA,1005-00-073-9421,"RIFLE,5.56 MILLIMETER",1,Each,499,D,1,2005-05-16 00:00:00
IL,DANVILLE DEPT OF PUBLIC SAFETY LEA,1005-00-073-9421,"RIFLE,5.56 MILLIMETER",1,Each,499,D,1,2005-05-16 00:00:00
IL,DANVILLE DEPT OF PUBLIC SAFETY LEA,1005-00-073-9421,"RIFLE,5.56 MILLIMETER",1,Each,499,D,1,2005-05-16 00:00:00
IL,DANVILLE DEPT OF PUBLIC SAFETY LEA,1005-00-073-9421,"RIFLE,5.56 MILLIMETER",1,Each,499,D,1,2005-05-16 00:00:00
IL,DANVILLE DEPT OF PUBLIC SAFETY LEA,1005-00-073-9421,"RIFLE,5.56 MILLIMETER",1,Each,499,D,1,2005-05-16 00:00:00
IL,DANVILLE DEPT OF PUBLIC SAFETY LEA,1005-00-589-1271,"RIFLE,7.62 MILLIMETER",1,Each,138,D,1,2005-05-10 00:00:00
IL,DANVILLE DEPT OF PUBLIC SAFETY LEA,1005-00-073-9421,"RIFLE,5.56 MILLIMETER",1,Each,499,D,1,2005-05-16 00:00:00
IL,DANVILLE DEPT OF PUBLIC SAFETY LEA,1005-00-073-9421,"RIFLE,5.56 MILLIMETER",1,Each,499,D,1,2005-05-16 00:00:00
IL,DANVILLE DEPT OF PUBLIC SAFETY LEA,1005-00-073-9421,"RIFLE,5.56 MILLIMETER",1,Each,499,D,1,2005-05-16 00:00:00
IL,DANVILLE DEPT OF PUBLIC SAFETY LEA,1005-00-073-9421,"RIFLE,5.56 MILLIMETER",1,Each,499,D,1,2005-05-16 00:00:00
IL,DANVILLE DEPT OF PUBLIC SAFETY LEA,1005-00-073-9421,"RIFLE,5.56 MILLIMETER",1,Each,499,D,1,2005-05-16 00:00:00
IL,DANVILLE DEPT OF PUBLIC SAFETY LEA,1005-00-073-9421,"RIFLE,5.56 MILLIMETER",1,Each,499,D,1,2005-05-16 00:00:00
IL,DANVILLE DEPT OF PUBLIC SAFETY LEA,1005-00-073-9421,"RIFLE,5.56 MILLIMETER",1,Each,499,D,1,2005-05-16 00:00:00
IL,DANVILLE DEPT OF PUBLIC SAFETY LEA,1005-00-073-9421,"RIFLE,5.56 MILLIMETER",1,Each,499,D,1,2005-05-16 00:00:00
IL,DANVILLE DEPT OF PUBLIC SAFETY LEA,1005-00-073-9421,"RIFLE,5.56 MILLIMETER",1,Each,499,D,1,2005-05-16 00:00:00
IL,DECATUR POLICE DEPT,1005-00-589-1271,"RIFLE,7.62 MILLIMETER",1,Each,138,D,1,2000-08-15 00:00:00
IL,DECATUR POLICE DEPT,1005-00-589-1271,"RIFLE,7.62 MILLIMETER",1,Each,138,D,1,2000-08-15 00:00:00
IL,DECATUR POLICE DEPT,1005-00-589-1271,"RIFLE,7.62 MILLIMETER",1,Each,138,D,1,2000-08-15 00:00:00
IL,DEKALB COUNTY SHERIFF OFFICE,2355-01-123-1606,LIGHT ARMORED VEHICLE,1,Each,522942,D,1,2014-01-21 09:27:55.999296
IL,DEKALB POLICE DEPARTMENT,2355-01-553-4634,MINE RESISTANT VEHICLE,1,Each,658000,C,1,2013-09-11 00:00:00
IL,DELAVAN POLICE DEPT,5855-00-150-1820,"VIEWER,NIGHT VISION",1,Each,4105,F,1,2012-02-13 00:00:00
IL,DELAVAN POLICE DEPT,5855-00-150-1820,"VIEWER,NIGHT VISION",1,Each,4105,F,1,2012-02-13 00:00:00
IL,DELAVAN POLICE DEPT,5855-00-150-1820,"VIEWER,NIGHT VISION",1,Each,4105,F,1,2012-02-13 00:00:00
IL,DELAVAN POLICE DEPT,5855-00-629-5334,NIGHT VISION SIGHT INDIVIDUAL SERVED WEAPONS,1,Each,5650,F,1,2012-02-13 00:00:00
IL,DELAVAN POLICE DEPT,5855-00-629-5334,NIGHT VISION SIGHT INDIVIDUAL SERVED WEAPONS,1,Each,5650,F,1,2012-02-13 00:00:00
IL,DELAVAN POLICE DEPT,5855-00-150-1820,"VIEWER,NIGHT VISION",1,Each,4105,F,1,2012-02-13 00:00:00
IL,DELAVAN POLICE DEPT,5855-00-150-1820,"VIEWER,NIGHT VISION",1,Each,4105,F,1,2012-02-13 00:00:00
IL,DELAVAN POLICE DEPT,5855-00-150-1820,"VIEWER,NIGHT VISION",1,Each,4105,F,1,2012-02-13 00:00:00
IL,DELAVAN POLICE DEPT,5855-00-150-1820,"VIEWER,NIGHT VISION",1,Each,4105,F,1,2012-02-13 00:00:00
IL,DELAVAN POLICE DEPT,1005-00-726-5655,"PISTOL,CALIBER .45,AUTOMATIC",1,Each,58.71,D,1,2003-06-26 00:00:00
IL,DELAVAN POLICE DEPT,1005-00-073-9421,"RIFLE,5.56 MILLIMETER",1,Each,499,D,1,2003-07-30 00:00:00
IL,DELAVAN POLICE DEPT,1005-00-073-9421,"RIFLE,5.56 MILLIMETER",1,Each,499,D,1,2003-07-30 00:00:00
IL,DELAVAN POLICE DEPT,7010-01-571-7723,"COMPUTER SYSTEM,DIGITAL",8,Each,3447.98,Q,3,2011-02-23 00:00:00
IL,DELAVAN POLICE DEPT,1005-00-726-5655,"PISTOL,CALIBER .45,AUTOMATIC",1,Each,58.71,D,1,2003-06-26 00:00:00
IL,DELAVAN POLICE DEPT,5855-00-629-5334,NIGHT VISION SIGHT INDIVIDUAL SERVED WEAPONS,1,Each,5650,F,1,2012-02-13 00:00:00
IL,DELAVAN POLICE DEPT,5855-00-629-5334,NIGHT VISION SIGHT INDIVIDUAL SERVED WEAPONS,1,Each,5650,F,1,2012-02-13 00:00:00
IL,DELAVAN POLICE DEPT,1005-00-073-9421,"RIFLE,5.56 MILLIMETER",1,Each,499,D,1,2012-01-24 00:00:00
IL,DEPUE POLICE DEPT,2320-01-371-9577,"TRUCK,UTILITY",1,Each,47023,Q,6,2014-08-21 00:00:00
IL,DEPUE POLICE DEPT,2320-01-107-7156,"TRUCK,UTILITY",1,Each,43376,Q,6,2014-08-21 00:00:00
IL,DEPUE POLICE DEPT,4910-01-501-7342,"TOOL SET,SATS,MOD 1",1,Set,29916.2,B,3,2014-09-08 00:00:00
IL,DEPUE POLICE DEPT,1005-00-589-1271,"RIFLE,7.62 MILLIMETER",1,Each,138,D,1,2005-03-24 00:00:00
IL,DEPUE POLICE DEPT,1005-00-073-9421,"RIFLE,5.56 MILLIMETER",1,Each,499,D,1,2005-03-24 00:00:00
IL,DEPUE POLICE DEPT,2320-01-107-7155,"TRUCK,UTILITY",1,Each,41061,Q,6,2014-09-23 00:00:00
IL,DEPUE POLICE DEPT,2320-01-107-7156,"TRUCK,UTILITY",1,Each,43376,Q,6,2014-08-21 00:00:00
IL,DEPUE POLICE DEPT,1005-00-073-9421,"RIFLE,5.56 MILLIMETER",1,Each,499,D,1,2005-03-24 00:00:00
IL,DEPUE POLICE DEPT,1005-00-921-5483,"SHOTGUN,12 GAGE,RIOT TYPE",1,Each,108,D,1,2005-03-23 00:00:00
IL,DES PLAINES POLICE DEPT,1005-00-073-9421,"RIFLE,5.56 MILLIMETER",1,Each,499,D,1,2002-09-13 00:00:00
IL,DES PLAINES POLICE DEPT,1005-00-073-9421,"RIFLE,5.56 MILLIMETER",1,Each,499,D,1,2008-02-25 00:00:00
IL,DES PLAINES POLICE DEPT,1005-00-073-9421,"RIFLE,5.56 MILLIMETER",1,Each,499,D,1,2002-09-13 00:00:00
IL,DES PLAINES POLICE DEPT,1005-00-073-9421,"RIFLE,5.56 MILLIMETER",1,Each,499,D,1,2002-09-13 00:00:00
IL,DES PLAINES POLICE DEPT,1005-00-073-9421,"RIFLE,5.56 MILLIMETER",1,Each,499,D,1,2002-09-13 00:00:00
IL,DES PLAINES POLICE DEPT,1005-00-073-9421,"RIFLE,5.56 MILLIMETER",1,Each,499,D,1,2002-09-13 00:00:00
IL,DES PLAINES POLICE DEPT,1005-00-073-9421,"RIFLE,5.56 MILLIMETER",1,Each,499,D,1,2002-09-13 00:00:00
IL,DES PLAINES POLICE DEPT,1005-00-073-9421,"RIFLE,5.56 MILLIMETER",1,Each,499,D,1,2002-09-13 00:00:00
IL,DES PLAINES POLICE DEPT,2340-DS-ATV-GATO,"ALL TERRAIN VEHICLE, AG/BVUS",1,Each,12100,A,,2017-08-07 00:00:00
IL,DES PLAINES POLICE DEPT,1005-00-073-9421,"RIFLE,5.56 MILLIMETER",1,Each,499,D,1,2008-02-25 00:00:00
IL,DES PLAINES POLICE DEPT,1005-00-073-9421,"RIFLE,5.56 MILLIMETER",1,Each,499,D,1,2008-02-25 00:00:00
IL,DES PLAINES POLICE DEPT,1005-00-073-9421,"RIFLE,5.56 MILLIMETER",1,Each,499,D,1,2002-09-13 00:00:00
IL,DES PLAINES POLICE DEPT,1005-00-073-9421,"RIFLE,5.56 MILLIMETER",1,Each,499,D,1,2002-09-13 00:00:00
IL,DES PLAINES POLICE DEPT,1005-00-073-9421,"RIFLE,5.56 MILLIMETER",1,Each,499,D,1,2002-09-13 00:00:00
IL,DES PLAINES POLICE DEPT,1005-00-073-9421,"RIFLE,5.56 MILLIMETER",1,Each,499,D,1,2008-02-25 00:00:00
IL,DES PLAINES POLICE DEPT,1005-00-073-9421,"RIFLE,5.56 MILLIMETER",1,Each,499,D,1,2002-09-13 00:00:00
IL,DES PLAINES POLICE DEPT,1005-00-073-9421,"RIFLE,5.56 MILLIMETER",1,Each,499,D,1,2002-09-13 00:00:00
IL,DES PLAINES POLICE DEPT,1005-00-073-9421,"RIFLE,5.56 MILLIMETER",1,Each,499,D,1,2002-09-13 00:00:00
IL,DES PLAINES POLICE DEPT,1005-00-073-9421,"RIFLE,5.56 MILLIMETER",1,Each,499,D,1,2002-09-13 00:00:00
IL,DEWITT COUNTY SHERIFF OFFICE,2320-01-128-9551,"TRUCK,UTILITY",1,Each,50458,C,1,2012-05-14 00:00:00
IL,DEWITT COUNTY SHERIFF OFFICE,2320-01-128-9551,"TRUCK,UTILITY",1,Each,50458,C,1,2012-05-14 00:00:00
IL,DEWITT COUNTY SHERIFF OFFICE,1240-01-540-3690,"SIGHT,REFLEX",3,Each,365,D,1,2014-01-21 00:00:00
IL,DIVERNON  POLICE DEPT,1005-00-856-6885,"RIFLE,5.56 MILLIMETER",1,Each,120,D,1,2010-02-12 00:00:00
IL,DIXON POLICE DEPT,1005-00-073-9421,"RIFLE,5.56 MILLIMETER",1,Each,499,D,1,1997-07-07 00:00:00
IL,DIXON POLICE DEPT,1005-00-073-9421,"RIFLE,5.56 MILLIMETER",1,Each,499,D,1,1997-07-07 00:00:00
IL,DIXON POLICE DEPT,1005-00-073-9421,"RIFLE,5.56 MILLIMETER",1,Each,499,D,1,1997-07-07 00:00:00
IL,DIXON POLICE DEPT,1005-00-073-9421,"RIFLE,5.56 MILLIMETER",1,Each,499,D,1,1997-07-07 00:00:00
IL,DIXON POLICE DEPT,1005-00-073-9421,"RIFLE,5.56 MILLIMETER",1,Each,499,D,1,1997-07-07 00:00:00
IL,DIXON POLICE DEPT,1005-00-073-9421,"RIFLE,5.56 MILLIMETER",1,Each,499,D,1,1997-07-07 00:00:00
IL,DIXON POLICE DEPT,1005-00-073-9421,"RIFLE,5.56 MILLIMETER",1,Each,499,D,1,1997-07-07 00:00:00
IL,DIXON POLICE DEPT,1005-00-073-9421,"RIFLE,5.56 MILLIMETER",1,Each,499,D,1,1997-07-07 00:00:00
IL,DIXON POLICE DEPT,1005-00-073-9421,"RIFLE,5.56 MILLIMETER",1,Each,499,D,1,1997-07-07 00:00:00
IL,DIXON POLICE DEPT,1005-00-073-9421,"RIFLE,5.56 MILLIMETER",1,Each,499,D,1,1997-07-07 00:00:00
IL,DIXON POLICE DEPT,1005-00-073-9421,"RIFLE,5.56 MILLIMETER",1,Each,499,D,1,1997-07-07 00:00:00
IL,DIXON POLICE DEPT,1005-00-073-9421,"RIFLE,5.56 MILLIMETER",1,Each,499,D,1,1997-07-07 00:00:00
IL,DIXON POLICE DEPT,1005-00-073-9421,"RIFLE,5.56 MILLIMETER",1,Each,499,D,1,1997-07-07 00:00:00
IL,DIXON POLICE DEPT,1005-00-073-9421,"RIFLE,5.56 MILLIMETER",1,Each,499,D,1,1997-07-07 00:00:00
IL,DIXON POLICE DEPT,1005-00-073-9421,"RIFLE,5.56 MILLIMETER",1,Each,499,D,1,1997-07-07 00:00:00
IL,DIXON POLICE DEPT,1005-00-073-9421,"RIFLE,5.56 MILLIMETER",1,Each,499,D,1,1997-07-07 00:00:00
IL,DIXON POLICE DEPT,1005-00-073-9421,"RIFLE,5.56 MILLIMETER",1,Each,499,D,1,1997-07-07 00:00:00
IL,DIXON POLICE DEPT,1005-00-073-9421,"RIFLE,5.56 MILLIMETER",1,Each,499,D,1,1997-07-07 00:00:00
IL,DIXON POLICE DEPT,1005-00-073-9421,"RIFLE,5.56 MILLIMETER",1,Each,499,D,1,1997-07-07 00:00:00
IL,DIXON POLICE DEPT,1005-00-073-9421,"RIFLE,5.56 MILLIMETER",1,Each,499,D,1,1997-07-07 00:00:00
IL,DIXON POLICE DEPT,1005-00-073-9421,"RIFLE,5.56 MILLIMETER",1,Each,499,D,1,1997-07-07 00:00:00
IL,DIXON POLICE DEPT,1005-00-073-9421,"RIFLE,5.56 MILLIMETER",1,Each,499,D,1,1997-07-07 00:00:00
IL,DIXON POLICE DEPT,1005-00-073-9421,"RIFLE,5.56 MILLIMETER",1,Each,499,D,1,1997-07-07 00:00:00
IL,DIXON POLICE DEPT,1005-00-073-9421,"RIFLE,5.56 MILLIMETER",1,Each,499,D,1,1997-07-07 00:00:00
IL,DUPAGE COUNTY SHERIFF OFFICE,1005-00-589-1271,"RIFLE,7.62 MILLIMETER",1,Each,138,D,1,2001-08-21 00:00:00
IL,DUPAGE COUNTY SHERIFF OFFICE,1005-00-073-9421,"RIFLE,5.56 MILLIMETER",1,Each,499,D,1,2005-03-24 00:00:00
IL,DUPAGE COUNTY SHERIFF OFFICE,1385-DS-ROB-TEOD,EOD ROBOT,1,Each,14500,B,,2005-04-01 00:00:00
IL,DUPAGE COUNTY SHERIFF OFFICE,1005-00-073-9421,"RIFLE,5.56 MILLIMETER",1,Each,499,D,1,2005-03-24 00:00:00
IL,DUPAGE COUNTY SHERIFF OFFICE,1385-DS-ROB-TEOD,EOD ROBOT,1,Each,14500,B,,2005-04-01 00:00:00
IL,DUPAGE COUNTY SHERIFF OFFICE,2355-01-562-6146,MINE RESISTANT VEHICLE,1,Each,689000,C,1,2014-03-28 00:00:00
IL,DUPAGE COUNTY SHERIFF OFFICE,1385-01-574-4707,"UNMANNED VEHICLE,GROUND",1,Each,10000,Q,3,2014-02-06 00:00:00
IL,DUPAGE COUNTY SHERIFF OFFICE,1385-01-574-4707,"UNMANNED VEHICLE,GROUND",1,Each,10000,Q,3,2014-02-06 00:00:00
IL,DUPAGE COUNTY SHERIFF OFFICE,1005-00-073-9421,"RIFLE,5.56 MILLIMETER",1,Each,499,D,1,2005-03-24 00:00:00
IL,DUPAGE COUNTY SHERIFF OFFICE,1005-00-073-9421,"RIFLE,5.56 MILLIMETER",1,Each,499,D,1,2002-09-11 00:00:00
IL,DUPAGE COUNTY SHERIFF OFFICE,1005-00-073-9421,"RIFLE,5.56 MILLIMETER",1,Each,499,D,1,2005-03-24 00:00:00
IL,DUPAGE COUNTY SHERIFF OFFICE,1005-00-073-9421,"RIFLE,5.56 MILLIMETER",1,Each,499,D,1,2005-03-24 00:00:00
IL,DUPAGE COUNTY SHERIFF OFFICE,1005-00-073-9421,"RIFLE,5.56 MILLIMETER",1,Each,499,D,1,2005-03-24 00:00:00
IL,DUPAGE COUNTY SHERIFF OFFICE,1005-00-073-9421,"RIFLE,5.56 MILLIMETER",1,Each,499,D,1,2005-03-25 00:00:00
IL,DUPAGE COUNTY SHERIFF OFFICE,1005-00-073-9421,"RIFLE,5.56 MILLIMETER",1,Each,499,D,1,2005-03-25 00:00:00
IL,DUPAGE COUNTY SHERIFF OFFICE,1005-00-073-9421,"RIFLE,5.56 MILLIMETER",1,Each,499,D,1,2005-03-24 00:00:00
IL,DUPAGE COUNTY SHERIFF OFFICE,1005-00-073-9421,"RIFLE,5.56 MILLIMETER",1,Each,499,D,1,2005-03-24 00:00:00
IL,DUPAGE COUNTY SHERIFF OFFICE,1005-00-073-9421,"RIFLE,5.56 MILLIMETER",1,Each,499,D,1,2005-03-24 00:00:00
IL,DUPAGE COUNTY SHERIFF OFFICE,1005-00-073-9421,"RIFLE,5.56 MILLIMETER",1,Each,499,D,1,2005-03-24 00:00:00
IL,DUPAGE COUNTY SHERIFF OFFICE,1005-00-073-9421,"RIFLE,5.56 MILLIMETER",1,Each,499,D,1,2005-03-24 00:00:00
IL,DUPAGE COUNTY SHERIFF OFFICE,1005-00-073-9421,"RIFLE,5.56 MILLIMETER",1,Each,499,D,1,2005-03-24 00:00:00
IL,DUPAGE COUNTY SHERIFF OFFICE,1005-00-073-9421,"RIFLE,5.56 MILLIMETER",1,Each,499,D,1,2005-03-25 00:00:00
IL,DUPAGE COUNTY SHERIFF OFFICE,1005-00-073-9421,"RIFLE,5.56 MILLIMETER",1,Each,499,D,1,2005-03-24 00:00:00
IL,DUPAGE COUNTY SHERIFF OFFICE,1005-00-073-9421,"RIFLE,5.56 MILLIMETER",1,Each,499,D,1,2005-03-24 00:00:00
IL,DUPAGE COUNTY SHERIFF OFFICE,1005-00-073-9421,"RIFLE,5.56 MILLIMETER",1,Each,499,D,1,2005-03-24 00:00:00
IL,DUPAGE COUNTY SHERIFF OFFICE,1005-00-073-9421,"RIFLE,5.56 MILLIMETER",1,Each,499,D,1,2005-03-24 00:00:00
IL,DUPAGE COUNTY SHERIFF OFFICE,1005-00-073-9421,"RIFLE,5.56 MILLIMETER",1,Each,499,D,1,2005-03-25 00:00:00
IL,DUPAGE COUNTY SHERIFF OFFICE,1005-00-073-9421,"RIFLE,5.56 MILLIMETER",1,Each,499,D,1,2005-03-24 00:00:00
IL,DUPAGE COUNTY SHERIFF OFFICE,1005-00-073-9421,"RIFLE,5.56 MILLIMETER",1,Each,499,D,1,2005-03-25 00:00:00
IL,DUPAGE COUNTY SHERIFF OFFICE,1005-00-589-1271,"RIFLE,7.62 MILLIMETER",1,Each,138,D,1,2005-01-05 00:00:00
IL,DUPAGE COUNTY SHERIFF OFFICE,1005-00-589-1271,"RIFLE,7.62 MILLIMETER",1,Each,138,D,1,2005-01-05 00:00:00
IL,DUPAGE COUNTY SHERIFF OFFICE,1005-00-589-1271,"RIFLE,7.62 MILLIMETER",1,Each,138,D,1,2001-08-21 00:00:00
IL,DUPAGE COUNTY SHERIFF OFFICE,1005-00-589-1271,"RIFLE,7.62 MILLIMETER",1,Each,138,D,1,2001-08-21 00:00:00
IL,DUPAGE COUNTY SHERIFF OFFICE,1005-00-073-9421,"RIFLE,5.56 MILLIMETER",1,Each,499,D,1,2005-03-24 00:00:00
IL,DUPAGE COUNTY SHERIFF OFFICE,1005-00-073-9421,"RIFLE,5.56 MILLIMETER",1,Each,499,D,1,2005-03-24 00:00:00
IL,DUPAGE COUNTY SHERIFF OFFICE,1005-00-073-9421,"RIFLE,5.56 MILLIMETER",1,Each,499,D,1,2005-03-24 00:00:00
IL,DUPAGE COUNTY SHERIFF OFFICE,1005-00-073-9421,"RIFLE,5.56 MILLIMETER",1,Each,499,D,1,2005-03-24 00:00:00
IL,DUPAGE COUNTY SHERIFF OFFICE,1005-00-073-9421,"RIFLE,5.56 MILLIMETER",1,Each,499,D,1,2005-03-24 00:00:00
IL,DUPAGE COUNTY SHERIFF OFFICE,1005-00-073-9421,"RIFLE,5.56 MILLIMETER",1,Each,499,D,1,2005-03-24 00:00:00
IL,DUPAGE COUNTY SHERIFF OFFICE,1005-00-073-9421,"RIFLE,5.56 MILLIMETER",1,Each,499,D,1,2005-03-25 00:00:00
IL,DUPAGE COUNTY SHERIFF OFFICE,1005-00-073-9421,"RIFLE,5.56 MILLIMETER",1,Each,499,D,1,2005-03-24 00:00:00
IL,DUPAGE COUNTY SHERIFF OFFICE,1005-00-073-9421,"RIFLE,5.56 MILLIMETER",1,Each,499,D,1,2005-03-24 00:00:00
IL,DUPAGE COUNTY SHERIFF OFFICE,1005-00-589-1271,"RIFLE,7.62 MILLIMETER",1,Each,138,D,1,2001-08-21 00:00:00
IL,DUPAGE COUNTY SHERIFF OFFICE,1005-00-073-9421,"RIFLE,5.56 MILLIMETER",1,Each,499,D,1,2005-03-25 00:00:00
IL,DUPAGE COUNTY SHERIFF OFFICE,1005-00-073-9421,"RIFLE,5.56 MILLIMETER",1,Each,499,D,1,2005-03-24 00:00:00
IL,DUPAGE COUNTY SHERIFF OFFICE,1005-00-073-9421,"RIFLE,5.56 MILLIMETER",1,Each,499,D,1,2005-03-25 00:00:00
IL,DUPAGE COUNTY SHERIFF OFFICE,1005-00-073-9421,"RIFLE,5.56 MILLIMETER",1,Each,499,D,1,2005-03-24 00:00:00
IL,DUPAGE COUNTY SHERIFF OFFICE,1005-00-589-1271,"RIFLE,7.62 MILLIMETER",1,Each,138,D,1,2001-08-21 00:00:00
IL,DUPO POLICE DEPT,2320-01-107-7155,"TRUCK,UTILITY",1,Each,41061,Q,6,2012-06-19 00:00:00
IL,EAST ALTON POLICE DEPT,1005-00-589-1271,"RIFLE,7.62 MILLIMETER",1,Each,138,D,1,2001-01-22 00:00:00
IL,EAST ALTON POLICE DEPT,1005-00-073-9421,"RIFLE,5.56 MILLIMETER",1,Each,499,D,1,2008-01-22 00:00:00
IL,EAST ALTON POLICE DEPT,1005-00-589-1271,"RIFLE,7.62 MILLIMETER",1,Each,138,D,1,2001-01-22 00:00:00
IL,EAST ALTON POLICE DEPT,2320-01-146-7193,"TRUCK,UTILITY",1,Each,41447,C,1,2011-04-11 00:00:00
IL,EAST ALTON POLICE DEPT,1240-01-142-9546,"RANGE FINDER-TARGET DESIGNATOR,LASER",2,Each,101457,D,1,2011-02-10 00:00:00
IL,EAST ALTON POLICE DEPT,1005-00-073-9421,"RIFLE,5.56 MILLIMETER",1,Each,499,D,1,2008-01-22 00:00:00
IL,EAST ALTON POLICE DEPT,5836-01-472-4654,"RECORDER,VIDEO",1,Each,38709,B,3,2011-02-16 00:00:00
IL,EAST ALTON POLICE DEPT,1670-00-097-1450,"DEPLOYMENT BAG,PARACHUTE",12,Each,23.11,B,3,2011-02-14 00:00:00
IL,EAST ALTON POLICE DEPT,1005-00-589-1271,"RIFLE,7.62 MILLIMETER",1,Each,138,D,1,2001-01-22 00:00:00
IL,EAST CARONDELET POLICE DEPT,1005-00-726-5655,"PISTOL,CALIBER .45,AUTOMATIC",1,Each,58.71,D,1,2012-05-01 00:00:00
IL,EAST CARONDELET POLICE DEPT,1005-00-726-5655,"PISTOL,CALIBER .45,AUTOMATIC",1,Each,58.71,D,1,2012-05-01 00:00:00
IL,EAST CARONDELET POLICE DEPT,1005-00-726-5655,"PISTOL,CALIBER .45,AUTOMATIC",1,Each,58.71,D,1,2012-05-01 00:00:00
IL,EAST CARONDELET POLICE DEPT,1005-00-073-9421,"RIFLE,5.56 MILLIMETER",1,Each,499,D,1,2012-05-01 00:00:00
IL,EAST CARONDELET POLICE DEPT,1005-00-726-5655,"PISTOL,CALIBER .45,AUTOMATIC",1,Each,58.71,D,1,2012-05-01 00:00:00
IL,EAST CARONDELET POLICE DEPT,1005-00-073-9421,"RIFLE,5.56 MILLIMETER",1,Each,499,D,1,2012-05-01 00:00:00
IL,EAST CARONDELET POLICE DEPT,1005-00-073-9421,"RIFLE,5.56 MILLIMETER",1,Each,499,D,1,2012-05-01 00:00:00
IL,EAST CARONDELET POLICE DEPT,2320-01-107-7155,"TRUCK,UTILITY",1,Each,41061,Q,6,2012-07-16 00:00:00
IL,EAST CARONDELET POLICE DEPT,1005-00-073-9421,"RIFLE,5.56 MILLIMETER",1,Each,499,D,1,2012-05-01 00:00:00
IL,EAST CARONDELET POLICE DEPT,2320-01-107-7155,"TRUCK,UTILITY",1,Each,41061,Q,6,2011-12-08 00:00:00
IL,EAST CARONDELET POLICE DEPT,1005-00-726-5655,"PISTOL,CALIBER .45,AUTOMATIC",1,Each,58.71,D,1,2012-05-01 00:00:00
IL,EAST CARONDELET POLICE DEPT,5855-01-433-2220,THERMAL IMAGING SYSTEM,1,Each,13265.94,C,1,2011-08-15 00:00:00
IL,EAST CARONDELET POLICE DEPT,1005-00-073-9421,"RIFLE,5.56 MILLIMETER",1,Each,499,D,1,2012-05-01 00:00:00
IL,EAST CARONDELET POLICE DEPT,1005-00-073-9421,"RIFLE,5.56 MILLIMETER",1,Each,499,D,1,2012-05-01 00:00:00
IL,EAST CARONDELET POLICE DEPT,1005-00-726-5655,"PISTOL,CALIBER .45,AUTOMATIC",1,Each,58.71,D,1,2012-05-01 00:00:00
IL,EAST CARONDELET POLICE DEPT,1005-00-073-9421,"RIFLE,5.56 MILLIMETER",1,Each,499,D,1,2012-05-01 00:00:00
IL,EAST CARONDELET POLICE DEPT,1005-00-726-5655,"PISTOL,CALIBER .45,AUTOMATIC",1,Each,58.71,D,1,2012-05-01 00:00:00
IL,EAST CARONDELET POLICE DEPT,1005-00-726-5655,"PISTOL,CALIBER .45,AUTOMATIC",1,Each,58.71,D,1,2012-05-01 00:00:00
IL,EAST CARONDELET POLICE DEPT,1005-00-726-5655,"PISTOL,CALIBER .45,AUTOMATIC",1,Each,58.71,D,1,2012-05-01 00:00:00
IL,EAST CARONDELET POLICE DEPT,1005-00-726-5655,"PISTOL,CALIBER .45,AUTOMATIC",1,Each,58.71,D,1,2012-05-01 00:00:00
IL,EAST CARONDELET POLICE DEPT,1005-00-073-9421,"RIFLE,5.56 MILLIMETER",1,Each,499,D,1,2012-05-01 00:00:00
IL,EAST CARONDELET POLICE DEPT,1005-00-073-9421,"RIFLE,5.56 MILLIMETER",1,Each,499,D,1,2012-05-01 00:00:00
IL,EAST CARONDELET POLICE DEPT,1005-00-073-9421,"RIFLE,5.56 MILLIMETER",1,Each,499,D,1,2012-05-01 00:00:00
IL,EAST CARONDELET POLICE DEPT,1005-00-726-5655,"PISTOL,CALIBER .45,AUTOMATIC",1,Each,58.71,D,1,2012-05-01 00:00:00
IL,EAST DUBUQUE POLICE DEPT,2320-01-371-9577,"TRUCK,UTILITY",1,Each,47023,Q,6,2013-04-11 00:00:00
IL,EAST GALESBURG POLICE DEPT,1005-00-073-9421,"RIFLE,5.56 MILLIMETER",1,Each,499,D,1,2007-06-25 00:00:00
IL,EAST GALESBURG POLICE DEPT,1005-00-726-5655,"PISTOL,CALIBER .45,AUTOMATIC",1,Each,58.71,D,1,2007-08-08 00:00:00
IL,EAST GALESBURG POLICE DEPT,1005-00-726-5655,"PISTOL,CALIBER .45,AUTOMATIC",1,Each,58.71,D,1,2007-08-08 00:00:00
IL,EAST GALESBURG POLICE DEPT,1005-00-726-5655,"PISTOL,CALIBER .45,AUTOMATIC",1,Each,58.71,D,1,2007-08-08 00:00:00
IL,EAST HAZEL CREST POLICE DEPT,1005-00-073-9421,"RIFLE,5.56 MILLIMETER",1,Each,499,D,1,2006-06-30 00:00:00
IL,EAST HAZEL CREST POLICE DEPT,1005-00-073-9421,"RIFLE,5.56 MILLIMETER",1,Each,499,D,1,2006-06-30 00:00:00
IL,EAST HAZEL CREST POLICE DEPT,2320-01-107-7153,"TRUCK,UTILITY",1,Each,63894,C,1,2012-01-20 00:00:00
IL,EAST HAZEL CREST POLICE DEPT,1005-00-073-9421,"RIFLE,5.56 MILLIMETER",1,Each,499,D,1,2003-06-11 00:00:00
IL,EAST HAZEL CREST POLICE DEPT,1005-00-073-9421,"RIFLE,5.56 MILLIMETER",1,Each,499,D,1,2003-06-11 00:00:00
IL,EAST MOLINE POLICE DEPT,1005-00-073-9421,"RIFLE,5.56 MILLIMETER",1,Each,499,D,1,2004-02-19 00:00:00
IL,EAST MOLINE POLICE DEPT,1005-00-589-1271,"RIFLE,7.62 MILLIMETER",1,Each,138,D,1,1999-11-09 00:00:00
IL,EAST MOLINE POLICE DEPT,1005-00-589-1271,"RIFLE,7.62 MILLIMETER",1,Each,138,D,1,1999-11-09 00:00:00
IL,EAST MOLINE POLICE DEPT,1005-00-589-1271,"RIFLE,7.62 MILLIMETER",1,Each,138,D,1,1999-11-09 00:00:00
IL,EAST MOLINE POLICE DEPT,1005-00-073-9421,"RIFLE,5.56 MILLIMETER",1,Each,499,D,1,2004-02-19 00:00:00
IL,EAST MOLINE POLICE DEPT,1005-00-589-1271,"RIFLE,7.62 MILLIMETER",1,Each,138,D,1,1999-11-09 00:00:00
IL,EAST MOLINE POLICE DEPT,1005-00-589-1271,"RIFLE,7.62 MILLIMETER",1,Each,138,D,1,1999-11-09 00:00:00
IL,EAST MOLINE POLICE DEPT,1005-00-589-1271,"RIFLE,7.62 MILLIMETER",1,Each,138,D,1,1999-11-09 00:00:00
IL,EAST PEORIA POLICE DEPT,1005-00-073-9421,"RIFLE,5.56 MILLIMETER",1,Each,499,D,1,2003-10-22 00:00:00
IL,EAST PEORIA POLICE DEPT,1005-00-073-9421,"RIFLE,5.56 MILLIMETER",1,Each,499,D,1,2003-10-22 00:00:00
IL,EAST PEORIA POLICE DEPT,1005-00-073-9421,"RIFLE,5.56 MILLIMETER",1,Each,499,D,1,2003-10-22 00:00:00
IL,EAST PEORIA POLICE DEPT,1005-00-073-9421,"RIFLE,5.56 MILLIMETER",1,Each,499,D,1,2003-10-22 00:00:00
IL,EAST PEORIA POLICE DEPT,1005-00-073-9421,"RIFLE,5.56 MILLIMETER",1,Each,499,D,1,2003-10-22 00:00:00
IL,EAST PEORIA POLICE DEPT,1005-00-073-9421,"RIFLE,5.56 MILLIMETER",1,Each,499,D,1,2003-10-22 00:00:00
IL,EAST PEORIA POLICE DEPT,5855-01-502-8655,"MODIFICATION KIT,NIGHT VISION EQUIPMENT",3,Each,3296,D,7,2013-06-13 00:00:00
IL,EAST PEORIA POLICE DEPT,2320-01-371-9584,"TRUCK,UTILITY",1,Each,62627,C,1,2014-03-18 00:00:00
IL,EAST PEORIA POLICE DEPT,6650-01-242-2508,BINOCULAR,20,Each,5918,F,1,2014-05-19 00:00:00
IL,EAST PEORIA POLICE DEPT,1080-01-457-2956,"CAMOUFLAGE NET SYSTEM,RADAR SCATTERING",2,Each,1472,D,1,2014-01-10 00:00:00
IL,EAST PEORIA POLICE DEPT,1005-00-073-9421,"RIFLE,5.56 MILLIMETER",1,Each,499,D,1,2003-10-22 00:00:00
IL,EASTON POLICE DEPT,1005-00-073-9421,"RIFLE,5.56 MILLIMETER",1,Each,499,D,1,2005-08-18 00:00:00
IL,EASTON POLICE DEPT,1005-00-073-9421,"RIFLE,5.56 MILLIMETER",1,Each,499,D,1,2005-08-18 00:00:00
IL,EDGAR COUNTY SHERIFFS OFFICE,1005-00-589-1271,"RIFLE,7.62 MILLIMETER",1,Each,138,D,1,2003-08-04 00:00:00
IL,EDGAR COUNTY SHERIFFS OFFICE,1005-00-589-1271,"RIFLE,7.62 MILLIMETER",1,Each,138,D,1,2003-08-04 00:00:00
IL,EDGAR COUNTY SHERIFFS OFFICE,1005-00-589-1271,"RIFLE,7.62 MILLIMETER",1,Each,138,D,1,2003-08-04 00:00:00
IL,EDGAR COUNTY SHERIFFS OFFICE,1005-00-589-1271,"RIFLE,7.62 MILLIMETER",1,Each,138,D,1,2003-08-04 00:00:00
IL,EDGAR COUNTY SHERIFFS OFFICE,1005-00-589-1271,"RIFLE,7.62 MILLIMETER",1,Each,138,D,1,2003-08-04 00:00:00
IL,EDGAR COUNTY SHERIFFS OFFICE,1005-00-589-1271,"RIFLE,7.62 MILLIMETER",1,Each,138,D,1,2003-08-04 00:00:00
IL,EDINBURG POLICE DEPARTMENT,5855-00-629-5334,NIGHT VISION SIGHT INDIVIDUAL SERVED WEAPONS,1,Each,5650,F,1,2013-02-14 00:00:00
IL,EDINBURG POLICE DEPARTMENT,5855-00-629-5334,NIGHT VISION SIGHT INDIVIDUAL SERVED WEAPONS,1,Each,5650,F,1,2013-02-14 00:00:00
IL,EDINBURG POLICE DEPARTMENT,5855-00-629-5334,NIGHT VISION SIGHT INDIVIDUAL SERVED WEAPONS,1,Each,5650,F,1,2013-02-14 00:00:00
IL,EDINBURG POLICE DEPARTMENT,1005-00-073-9421,"RIFLE,5.56 MILLIMETER",1,Each,499,D,1,2006-07-03 00:00:00
IL,EDINBURG POLICE DEPARTMENT,1005-01-128-9936,"RIFLE,5.56 MILLIMETER",1,Each,749,D,1,2014-09-30 00:00:00
IL,EDINBURG POLICE DEPARTMENT,1005-01-128-9936,"RIFLE,5.56 MILLIMETER",1,Each,749,D,1,2014-09-30 00:00:00
IL,EDINBURG POLICE DEPARTMENT,5855-00-629-5334,NIGHT VISION SIGHT INDIVIDUAL SERVED WEAPONS,1,Each,5650,F,1,2013-02-14 00:00:00
IL,EDWARDSVILLE POLICE DEPT,1005-00-073-9421,"RIFLE,5.56 MILLIMETER",1,Each,499,D,1,2012-04-16 00:00:00
IL,EDWARDSVILLE POLICE DEPT,1005-00-073-9421,"RIFLE,5.56 MILLIMETER",1,Each,499,D,1,2012-04-16 00:00:00
IL,EDWARDSVILLE POLICE DEPT,1005-00-073-9421,"RIFLE,5.56 MILLIMETER",1,Each,499,D,1,2012-04-16 00:00:00
IL,EDWARDSVILLE POLICE DEPT,1005-00-073-9421,"RIFLE,5.56 MILLIMETER",1,Each,499,D,1,2012-04-16 00:00:00
IL,EDWARDSVILLE POLICE DEPT,1005-00-073-9421,"RIFLE,5.56 MILLIMETER",1,Each,499,D,1,2012-04-16 00:00:00
IL,EDWARDSVILLE POLICE DEPT,1005-00-073-9421,"RIFLE,5.56 MILLIMETER",1,Each,499,D,1,2012-04-16 00:00:00
IL,EDWARDSVILLE POLICE DEPT,1005-00-073-9421,"RIFLE,5.56 MILLIMETER",1,Each,499,D,1,2012-04-16 00:00:00
IL,EDWARDSVILLE POLICE DEPT,1005-00-073-9421,"RIFLE,5.56 MILLIMETER",1,Each,499,D,1,2012-04-16 00:00:00
IL,EDWARDSVILLE POLICE DEPT,1005-00-073-9421,"RIFLE,5.56 MILLIMETER",1,Each,499,D,1,2012-04-16 00:00:00
IL,EDWARDSVILLE POLICE DEPT,1005-00-073-9421,"RIFLE,5.56 MILLIMETER",1,Each,499,D,1,2012-04-16 00:00:00
IL,EDWARDSVILLE POLICE DEPT,1005-00-073-9421,"RIFLE,5.56 MILLIMETER",1,Each,499,D,1,2012-04-16 00:00:00
IL,EDWARDSVILLE POLICE DEPT,1005-00-073-9421,"RIFLE,5.56 MILLIMETER",1,Each,499,D,1,2012-04-16 00:00:00
IL,EDWARDSVILLE POLICE DEPT,1005-00-073-9421,"RIFLE,5.56 MILLIMETER",1,Each,499,D,1,2012-04-16 00:00:00
IL,EDWARDSVILLE POLICE DEPT,1005-00-073-9421,"RIFLE,5.56 MILLIMETER",1,Each,499,D,1,2012-04-16 00:00:00
IL,EDWARDSVILLE POLICE DEPT,1005-00-073-9421,"RIFLE,5.56 MILLIMETER",1,Each,499,D,1,2002-07-24 00:00:00
IL,EDWARDSVILLE POLICE DEPT,1005-00-073-9421,"RIFLE,5.56 MILLIMETER",1,Each,499,D,1,2002-07-24 00:00:00
IL,EDWARDSVILLE POLICE DEPT,1005-00-073-9421,"RIFLE,5.56 MILLIMETER",1,Each,499,D,1,2002-07-24 00:00:00
IL,EDWARDSVILLE POLICE DEPT,1005-00-073-9421,"RIFLE,5.56 MILLIMETER",1,Each,499,D,1,2002-07-24 00:00:00
IL,EDWARDSVILLE POLICE DEPT,1005-00-073-9421,"RIFLE,5.56 MILLIMETER",1,Each,499,D,1,2002-07-24 00:00:00
IL,EDWARDSVILLE POLICE DEPT,1005-00-073-9421,"RIFLE,5.56 MILLIMETER",1,Each,499,D,1,2002-07-24 00:00:00
IL,EDWARDSVILLE POLICE DEPT,1005-00-073-9421,"RIFLE,5.56 MILLIMETER",1,Each,499,D,1,2012-04-16 00:00:00
IL,EDWARDSVILLE POLICE DEPT,7025-DS-FLA-TPAN,FLAT PANEL MONITOR,28,Each,300,A,,2016-11-08 00:00:00
IL,EFFINGHAM COUNTY SHERIFF DEPT,1005-00-726-5655,"PISTOL,CALIBER .45,AUTOMATIC",1,Each,58.71,D,1,2007-06-21 00:00:00
IL,EFFINGHAM COUNTY SHERIFF DEPT,1005-00-073-9421,"RIFLE,5.56 MILLIMETER",1,Each,499,D,1,2007-06-20 00:00:00
IL,EFFINGHAM COUNTY SHERIFF DEPT,1005-00-726-5655,"PISTOL,CALIBER .45,AUTOMATIC",1,Each,58.71,D,1,2007-06-21 00:00:00
IL,EFFINGHAM COUNTY SHERIFF DEPT,1005-00-726-5655,"PISTOL,CALIBER .45,AUTOMATIC",1,Each,58.71,D,1,2007-06-21 00:00:00
IL,EFFINGHAM COUNTY SHERIFF DEPT,1005-00-726-5655,"PISTOL,CALIBER .45,AUTOMATIC",1,Each,58.71,D,1,2007-06-21 00:00:00
IL,EFFINGHAM COUNTY SHERIFF DEPT,1005-00-073-9421,"RIFLE,5.56 MILLIMETER",1,Each,499,D,1,2007-06-20 00:00:00
IL,EFFINGHAM COUNTY SHERIFF DEPT,1005-00-726-5655,"PISTOL,CALIBER .45,AUTOMATIC",1,Each,58.71,D,1,2007-06-21 00:00:00
IL,EFFINGHAM COUNTY SHERIFF DEPT,1005-00-726-5655,"PISTOL,CALIBER .45,AUTOMATIC",1,Each,58.71,D,1,2007-06-21 00:00:00
IL,EFFINGHAM COUNTY SHERIFF DEPT,1005-00-726-5655,"PISTOL,CALIBER .45,AUTOMATIC",1,Each,58.71,D,1,2007-06-21 00:00:00
IL,EFFINGHAM COUNTY SHERIFF DEPT,1005-00-726-5655,"PISTOL,CALIBER .45,AUTOMATIC",1,Each,58.71,D,1,2007-06-21 00:00:00
IL,EFFINGHAM COUNTY SHERIFF DEPT,1005-00-726-5655,"PISTOL,CALIBER .45,AUTOMATIC",1,Each,58.71,D,1,2007-06-21 00:00:00
IL,EFFINGHAM COUNTY SHERIFF DEPT,1005-00-726-5655,"PISTOL,CALIBER .45,AUTOMATIC",1,Each,58.71,D,1,2007-06-21 00:00:00
IL,EFFINGHAM COUNTY SHERIFF DEPT,1005-00-589-1271,"RIFLE,7.62 MILLIMETER",1,Each,138,D,1,2001-10-15 00:00:00
IL,EFFINGHAM COUNTY SHERIFF DEPT,1005-00-726-5655,"PISTOL,CALIBER .45,AUTOMATIC",1,Each,58.71,D,1,2007-06-21 00:00:00
IL,EFFINGHAM COUNTY SHERIFF DEPT,1005-00-726-5655,"PISTOL,CALIBER .45,AUTOMATIC",1,Each,58.71,D,1,2007-06-21 00:00:00
IL,EFFINGHAM COUNTY SHERIFF DEPT,1005-00-589-1271,"RIFLE,7.62 MILLIMETER",1,Each,138,D,1,2001-10-15 00:00:00
IL,EFFINGHAM COUNTY SHERIFF DEPT,1005-00-726-5655,"PISTOL,CALIBER .45,AUTOMATIC",1,Each,58.71,D,1,2007-06-21 00:00:00
IL,EFFINGHAM COUNTY SHERIFF DEPT,1005-00-726-5655,"PISTOL,CALIBER .45,AUTOMATIC",1,Each,58.71,D,1,2007-06-21 00:00:00
IL,EFFINGHAM COUNTY SHERIFF DEPT,1005-00-726-5655,"PISTOL,CALIBER .45,AUTOMATIC",1,Each,58.71,D,1,2007-06-21 00:00:00
IL,EFFINGHAM COUNTY SHERIFF DEPT,1005-00-589-1271,"RIFLE,7.62 MILLIMETER",1,Each,138,D,1,2001-10-15 00:00:00
IL,EFFINGHAM COUNTY SHERIFF DEPT,1005-00-073-9421,"RIFLE,5.56 MILLIMETER",1,Each,499,D,1,2007-06-20 00:00:00
IL,EFFINGHAM COUNTY SHERIFF DEPT,1005-00-726-5655,"PISTOL,CALIBER .45,AUTOMATIC",1,Each,58.71,D,1,2007-06-21 00:00:00
IL,EFFINGHAM COUNTY SHERIFF DEPT,1005-00-726-5655,"PISTOL,CALIBER .45,AUTOMATIC",1,Each,58.71,D,1,2007-06-21 00:00:00
IL,EFFINGHAM COUNTY SHERIFF DEPT,1005-00-726-5655,"PISTOL,CALIBER .45,AUTOMATIC",1,Each,58.71,D,1,2007-06-21 00:00:00
IL,EFFINGHAM COUNTY SHERIFF DEPT,1005-00-073-9421,"RIFLE,5.56 MILLIMETER",1,Each,499,D,1,2007-06-20 00:00:00
IL,EFFINGHAM COUNTY SHERIFF DEPT,1005-00-726-5655,"PISTOL,CALIBER .45,AUTOMATIC",1,Each,58.71,D,1,2007-06-21 00:00:00
IL,ELBURN POLICE DEPT,1005-00-073-9421,"RIFLE,5.56 MILLIMETER",1,Each,499,D,1,2002-11-13 00:00:00
IL,ELBURN POLICE DEPT,1005-00-073-9421,"RIFLE,5.56 MILLIMETER",1,Each,499,D,1,2002-11-13 00:00:00
IL,ELBURN POLICE DEPT,1005-00-073-9421,"RIFLE,5.56 MILLIMETER",1,Each,499,D,1,2002-11-13 00:00:00
IL,ELBURN POLICE DEPT,1005-00-073-9421,"RIFLE,5.56 MILLIMETER",1,Each,499,D,1,2002-11-13 00:00:00
IL,ELBURN POLICE DEPT,1005-00-073-9421,"RIFLE,5.56 MILLIMETER",1,Each,499,D,1,2002-11-13 00:00:00
IL,ELBURN POLICE DEPT,1005-00-073-9421,"RIFLE,5.56 MILLIMETER",1,Each,499,D,1,2002-11-13 00:00:00
IL,ELBURN POLICE DEPT,1005-00-073-9421,"RIFLE,5.56 MILLIMETER",1,Each,499,D,1,2002-11-13 00:00:00
IL,ELBURN POLICE DEPT,1005-00-073-9421,"RIFLE,5.56 MILLIMETER",1,Each,499,D,1,2002-11-13 00:00:00
IL,ELBURN POLICE DEPT,1005-00-073-9421,"RIFLE,5.56 MILLIMETER",1,Each,499,D,1,2002-11-13 00:00:00
IL,ELBURN POLICE DEPT,1005-00-073-9421,"RIFLE,5.56 MILLIMETER",1,Each,499,D,1,2002-11-13 00:00:00
IL,ELIZABETH POLICE DEPT,1005-00-589-1271,"RIFLE,7.62 MILLIMETER",1,Each,138,D,1,2002-08-21 00:00:00
IL,ELIZABETH POLICE DEPT,1005-01-128-9936,"RIFLE,5.56 MILLIMETER",1,Each,749,D,1,2014-09-29 00:00:00
IL,ELIZABETH POLICE DEPT,1005-01-128-9936,"RIFLE,5.56 MILLIMETER",1,Each,749,D,1,2014-09-29 00:00:00
IL,ELIZABETH POLICE DEPT,1005-00-589-1271,"RIFLE,7.62 MILLIMETER",1,Each,138,D,1,2002-03-19 00:00:00
IL,ELIZABETHTOWN POLICE DEPT,2320-01-380-8604,"TRUCK,UTILITY",1,Each,81226,C,1,2015-08-13 00:00:00
IL,ENERGY POLICE DEPT,1005-00-726-5655,"PISTOL,CALIBER .45,AUTOMATIC",1,Each,58.71,D,1,2007-06-25 00:00:00
IL,ENERGY POLICE DEPT,1005-00-726-5655,"PISTOL,CALIBER .45,AUTOMATIC",1,Each,58.71,D,1,2010-10-28 00:00:00
IL,ENERGY POLICE DEPT,1005-00-726-5655,"PISTOL,CALIBER .45,AUTOMATIC",1,Each,58.71,D,1,2010-10-28 00:00:00
IL,ENERGY POLICE DEPT,1005-00-856-6885,"RIFLE,5.56 MILLIMETER",1,Each,120,D,1,2010-10-28 00:00:00
IL,ENERGY POLICE DEPT,1005-00-726-5655,"PISTOL,CALIBER .45,AUTOMATIC",1,Each,58.71,D,1,2007-06-25 00:00:00
IL,ENERGY POLICE DEPT,1005-00-726-5655,"PISTOL,CALIBER .45,AUTOMATIC",1,Each,58.71,D,1,2010-10-28 00:00:00
IL,ENERGY POLICE DEPT,1005-00-726-5655,"PISTOL,CALIBER .45,AUTOMATIC",1,Each,58.71,D,1,2010-10-28 00:00:00
IL,ENERGY POLICE DEPT,1005-00-589-1271,"RIFLE,7.62 MILLIMETER",1,Each,138,D,1,2010-10-28 00:00:00
IL,ENERGY POLICE DEPT,2320-01-128-9551,"TRUCK,UTILITY",1,Each,50458,C,1,2011-08-15 00:00:00
IL,ENERGY POLICE DEPT,2320-01-128-9551,"TRUCK,UTILITY",1,Each,50458,C,1,2011-08-15 00:00:00
IL,ENERGY POLICE DEPT,1005-00-726-5655,"PISTOL,CALIBER .45,AUTOMATIC",1,Each,58.71,D,1,2010-10-28 00:00:00
IL,ENERGY POLICE DEPT,1005-00-726-5655,"PISTOL,CALIBER .45,AUTOMATIC",1,Each,58.71,D,1,2007-06-25 00:00:00
IL,ENERGY POLICE DEPT,1005-00-726-5655,"PISTOL,CALIBER .45,AUTOMATIC",1,Each,58.71,D,1,2010-10-28 00:00:00
IL,ENERGY POLICE DEPT,1005-00-726-5655,"PISTOL,CALIBER .45,AUTOMATIC",1,Each,58.71,D,1,2010-10-28 00:00:00
IL,ENERGY POLICE DEPT,1005-00-726-5655,"PISTOL,CALIBER .45,AUTOMATIC",1,Each,58.71,D,1,2010-10-28 00:00:00
IL,ENERGY POLICE DEPT,1005-00-726-5655,"PISTOL,CALIBER .45,AUTOMATIC",1,Each,58.71,D,1,2007-06-25 00:00:00
IL,ENERGY POLICE DEPT,1005-00-589-1271,"RIFLE,7.62 MILLIMETER",1,Each,138,D,1,2010-10-28 00:00:00
IL,ENERGY POLICE DEPT,1005-00-726-5655,"PISTOL,CALIBER .45,AUTOMATIC",1,Each,58.71,D,1,2010-10-28 00:00:00
IL,ENERGY POLICE DEPT,1005-00-726-5655,"PISTOL,CALIBER .45,AUTOMATIC",1,Each,58.71,D,1,2010-10-28 00:00:00
IL,ENERGY POLICE DEPT,1005-00-073-9421,"RIFLE,5.56 MILLIMETER",1,Each,499,D,1,2003-06-10 00:00:00
IL,ENERGY POLICE DEPT,1005-00-726-5655,"PISTOL,CALIBER .45,AUTOMATIC",1,Each,58.71,D,1,2010-10-28 00:00:00
IL,ENERGY POLICE DEPT,1005-00-856-6885,"RIFLE,5.56 MILLIMETER",1,Each,120,D,1,2010-10-28 00:00:00
IL,ENERGY POLICE DEPT,1005-00-589-1271,"RIFLE,7.62 MILLIMETER",1,Each,138,D,1,2010-10-28 00:00:00
IL,EVANSTON POLICE DEPT,1005-00-073-9421,"RIFLE,5.56 MILLIMETER",1,Each,499,D,1,2008-04-16 00:00:00
IL,EVANSTON POLICE DEPT,1005-00-073-9421,"RIFLE,5.56 MILLIMETER",1,Each,499,D,1,2008-04-15 00:00:00
IL,EVANSTON POLICE DEPT,1005-00-073-9421,"RIFLE,5.56 MILLIMETER",1,Each,499,D,1,2008-04-16 00:00:00
IL,EVANSTON POLICE DEPT,1005-00-073-9421,"RIFLE,5.56 MILLIMETER",1,Each,499,D,1,2008-04-16 00:00:00
IL,EVANSTON POLICE DEPT,1005-00-073-9421,"RIFLE,5.56 MILLIMETER",1,Each,499,D,1,2008-04-16 00:00:00
IL,EVANSTON POLICE DEPT,1005-00-073-9421,"RIFLE,5.56 MILLIMETER",1,Each,499,D,1,2008-04-16 00:00:00
IL,EVANSTON POLICE DEPT,1005-00-073-9421,"RIFLE,5.56 MILLIMETER",1,Each,499,D,1,2008-04-16 00:00:00
IL,EVANSTON POLICE DEPT,1005-00-073-9421,"RIFLE,5.56 MILLIMETER",1,Each,499,D,1,2008-04-16 00:00:00
IL,EVANSTON POLICE DEPT,1005-00-073-9421,"RIFLE,5.56 MILLIMETER",1,Each,499,D,1,2008-04-15 00:00:00
IL,EVANSTON POLICE DEPT,1005-00-073-9421,"RIFLE,5.56 MILLIMETER",1,Each,499,D,1,2008-04-15 00:00:00
IL,EVANSTON POLICE DEPT,1005-00-073-9421,"RIFLE,5.56 MILLIMETER",1,Each,499,D,1,2008-04-16 00:00:00
IL,EVANSTON POLICE DEPT,1005-00-073-9421,"RIFLE,5.56 MILLIMETER",1,Each,499,D,1,2008-04-16 00:00:00
IL,EVANSTON POLICE DEPT,1005-00-073-9421,"RIFLE,5.56 MILLIMETER",1,Each,499,D,1,2008-04-16 00:00:00
IL,EVANSTON POLICE DEPT,1005-00-073-9421,"RIFLE,5.56 MILLIMETER",1,Each,499,D,1,2008-04-15 00:00:00
IL,EVANSTON POLICE DEPT,1005-00-073-9421,"RIFLE,5.56 MILLIMETER",1,Each,499,D,1,2008-04-16 00:00:00
IL,EVANSTON POLICE DEPT,1005-00-073-9421,"RIFLE,5.56 MILLIMETER",1,Each,499,D,1,2008-04-15 00:00:00
IL,EVANSTON POLICE DEPT,1005-00-073-9421,"RIFLE,5.56 MILLIMETER",1,Each,499,D,1,2008-04-15 00:00:00
IL,EVANSTON POLICE DEPT,1005-00-073-9421,"RIFLE,5.56 MILLIMETER",1,Each,499,D,1,2008-04-16 00:00:00
IL,EVANSTON POLICE DEPT,1005-00-073-9421,"RIFLE,5.56 MILLIMETER",1,Each,499,D,1,2008-04-16 00:00:00
IL,EVANSTON POLICE DEPT,1005-00-073-9421,"RIFLE,5.56 MILLIMETER",1,Each,499,D,1,2008-04-16 00:00:00
IL,EVANSVILLE POLICE DEPT,1005-00-589-1271,"RIFLE,7.62 MILLIMETER",1,Each,138,D,1,2008-07-22 00:00:00
IL,EWING POLICE DEPT,2320-01-107-7155,"TRUCK,UTILITY",1,Each,41061,Q,6,2012-03-13 00:00:00
IL,EWING POLICE DEPT,1005-00-726-5655,"PISTOL,CALIBER .45,AUTOMATIC",1,Each,58.71,D,1,2005-01-06 00:00:00
IL,EWING POLICE DEPT,1005-00-726-5655,"PISTOL,CALIBER .45,AUTOMATIC",1,Each,58.71,D,1,2005-01-06 00:00:00
IL,EWING POLICE DEPT,1005-00-726-5655,"PISTOL,CALIBER .45,AUTOMATIC",1,Each,58.71,D,1,2005-01-06 00:00:00
IL,EWING POLICE DEPT,1005-00-589-1271,"RIFLE,7.62 MILLIMETER",1,Each,138,D,1,2005-01-07 00:00:00
IL,EWING POLICE DEPT,1005-00-073-9421,"RIFLE,5.56 MILLIMETER",1,Each,499,D,1,2008-03-25 00:00:00
IL,EWING POLICE DEPT,1005-00-073-9421,"RIFLE,5.56 MILLIMETER",1,Each,499,D,1,2008-03-25 00:00:00
IL,EWING POLICE DEPT,1005-00-589-1271,"RIFLE,7.62 MILLIMETER",1,Each,138,D,1,2005-01-07 00:00:00
IL,EWING POLICE DEPT,1005-00-073-9421,"RIFLE,5.56 MILLIMETER",1,Each,499,D,1,2008-03-25 00:00:00
IL,FAIRFIELD POLICE DEPT,1005-00-073-9421,"RIFLE,5.56 MILLIMETER",1,Each,499,D,1,2012-04-26 00:00:00
IL,FAIRFIELD POLICE DEPT,1005-00-073-9421,"RIFLE,5.56 MILLIMETER",1,Each,499,D,1,2012-04-26 00:00:00
IL,FAIRFIELD POLICE DEPT,1005-00-073-9421,"RIFLE,5.56 MILLIMETER",1,Each,499,D,1,2012-04-26 00:00:00
IL,FAIRFIELD POLICE DEPT,1005-00-073-9421,"RIFLE,5.56 MILLIMETER",1,Each,499,D,1,2012-04-26 00:00:00
IL,FAIRFIELD POLICE DEPT,2320-01-128-9551,"TRUCK,UTILITY",1,Each,50458,C,1,2012-04-19 00:00:00
IL,FAIRFIELD POLICE DEPT,2320-01-107-7155,"TRUCK,UTILITY",1,Each,41061,Q,6,2012-03-26 00:00:00
IL,FAIRFIELD POLICE DEPT,2320-01-371-9577,"TRUCK,UTILITY",1,Each,47023,Q,6,2012-04-30 00:00:00
IL,FAIRFIELD POLICE DEPT,1005-00-073-9421,"RIFLE,5.56 MILLIMETER",1,Each,499,D,1,2012-04-26 00:00:00
IL,FAIRFIELD POLICE DEPT,1005-00-073-9421,"RIFLE,5.56 MILLIMETER",1,Each,499,D,1,2012-04-26 00:00:00
IL,FAIRMONT CITY POLICE DEPT,1005-00-726-5655,"PISTOL,CALIBER .45,AUTOMATIC",1,Each,58.71,D,1,2008-10-16 00:00:00
IL,FAIRMONT CITY POLICE DEPT,1005-00-726-5655,"PISTOL,CALIBER .45,AUTOMATIC",1,Each,58.71,D,1,2008-10-16 00:00:00
IL,FAIRMONT CITY POLICE DEPT,1005-00-726-5655,"PISTOL,CALIBER .45,AUTOMATIC",1,Each,58.71,D,1,2008-10-16 00:00:00
IL,FAIRMONT CITY POLICE DEPT,1005-00-073-9421,"RIFLE,5.56 MILLIMETER",1,Each,499,D,1,2012-01-10 00:00:00
IL,FAIRMONT CITY POLICE DEPT,1005-00-073-9421,"RIFLE,5.56 MILLIMETER",1,Each,499,D,1,2012-01-10 00:00:00
IL,FAIRMONT CITY POLICE DEPT,1005-00-073-9421,"RIFLE,5.56 MILLIMETER",1,Each,499,D,1,2012-01-10 00:00:00
IL,FAIRMONT CITY POLICE DEPT,1005-00-589-1271,"RIFLE,7.62 MILLIMETER",1,Each,138,D,1,2000-01-20 00:00:00
IL,FAIRMONT CITY POLICE DEPT,1005-00-073-9421,"RIFLE,5.56 MILLIMETER",1,Each,499,D,1,2012-01-10 00:00:00
IL,FAIRMONT CITY POLICE DEPT,1005-00-073-9421,"RIFLE,5.56 MILLIMETER",1,Each,499,D,1,2012-01-10 00:00:00
IL,FAIRMONT CITY POLICE DEPT,1005-00-073-9421,"RIFLE,5.56 MILLIMETER",1,Each,499,D,1,2012-01-10 00:00:00
IL,FAIRMONT CITY POLICE DEPT,1005-00-726-5655,"PISTOL,CALIBER .45,AUTOMATIC",1,Each,58.71,D,1,2008-10-16 00:00:00
IL,FAIRMONT CITY POLICE DEPT,1005-00-073-9421,"RIFLE,5.56 MILLIMETER",1,Each,499,D,1,2012-01-10 00:00:00
IL,FAIRMONT CITY POLICE DEPT,1005-00-726-5655,"PISTOL,CALIBER .45,AUTOMATIC",1,Each,58.71,D,1,2008-10-16 00:00:00
IL,FAIRMONT CITY POLICE DEPT,1005-00-677-9150,"SHOTGUN,12 GAGE,RIOT TYPE",1,Each,72.1,D,1,2008-10-15 00:00:00
IL,FAIRMONT CITY POLICE DEPT,1005-00-726-5655,"PISTOL,CALIBER .45,AUTOMATIC",1,Each,58.71,D,1,2008-10-16 00:00:00
IL,FAIRMONT CITY POLICE DEPT,1005-00-726-5655,"PISTOL,CALIBER .45,AUTOMATIC",1,Each,58.71,D,1,2008-10-16 00:00:00
IL,FAIRMONT CITY POLICE DEPT,1005-00-073-9421,"RIFLE,5.56 MILLIMETER",1,Each,499,D,1,2012-01-10 00:00:00
IL,FAIRMONT CITY POLICE DEPT,1005-00-726-5655,"PISTOL,CALIBER .45,AUTOMATIC",1,Each,58.71,D,1,2008-10-16 00:00:00
IL,FAIRMONT CITY POLICE DEPT,1005-00-726-5655,"PISTOL,CALIBER .45,AUTOMATIC",1,Each,58.71,D,1,2008-10-16 00:00:00
IL,FAIRMONT CITY POLICE DEPT,1005-00-073-9421,"RIFLE,5.56 MILLIMETER",1,Each,499,D,1,2012-01-10 00:00:00
IL,FAIRMONT CITY POLICE DEPT,1005-00-073-9421,"RIFLE,5.56 MILLIMETER",1,Each,499,D,1,2004-06-01 00:00:00
IL,FAIRMONT CITY POLICE DEPT,1005-00-073-9421,"RIFLE,5.56 MILLIMETER",1,Each,499,D,1,2012-01-10 00:00:00
IL,FAIRMONT CITY POLICE DEPT,1005-00-589-1271,"RIFLE,7.62 MILLIMETER",1,Each,138,D,1,2000-01-20 00:00:00
IL,FAIRMONT CITY POLICE DEPT,1005-00-073-9421,"RIFLE,5.56 MILLIMETER",1,Each,499,D,1,2012-01-10 00:00:00
IL,FAIRVIEW HEIGHTS POLICE DEPT,1005-00-073-9421,"RIFLE,5.56 MILLIMETER",1,Each,499,D,1,2007-09-12 00:00:00
IL,FAIRVIEW HEIGHTS POLICE DEPT,1005-00-073-9421,"RIFLE,5.56 MILLIMETER",1,Each,499,D,1,2007-09-12 00:00:00
IL,FAIRVIEW HEIGHTS POLICE DEPT,1005-00-073-9421,"RIFLE,5.56 MILLIMETER",1,Each,499,D,1,2007-09-12 00:00:00
IL,FAIRVIEW HEIGHTS POLICE DEPT,1005-00-073-9421,"RIFLE,5.56 MILLIMETER",1,Each,499,D,1,2007-09-12 00:00:00
IL,FAIRVIEW HEIGHTS POLICE DEPT,1005-00-073-9421,"RIFLE,5.56 MILLIMETER",1,Each,499,D,1,2007-09-12 00:00:00
IL,FAIRVIEW HEIGHTS POLICE DEPT,1005-00-073-9421,"RIFLE,5.56 MILLIMETER",1,Each,499,D,1,2007-09-12 00:00:00
IL,FAIRVIEW HEIGHTS POLICE DEPT,1005-00-073-9421,"RIFLE,5.56 MILLIMETER",1,Each,499,D,1,2007-09-12 00:00:00
IL,FAIRVIEW HEIGHTS POLICE DEPT,1005-00-073-9421,"RIFLE,5.56 MILLIMETER",1,Each,499,D,1,2007-09-12 00:00:00
IL,FARMER CITY POLICE DEPTARTMENT,1005-00-073-9421,"RIFLE,5.56 MILLIMETER",1,Each,499,D,1,2012-05-16 00:00:00
IL,FARMER CITY POLICE DEPTARTMENT,1005-00-073-9421,"RIFLE,5.56 MILLIMETER",1,Each,499,D,1,2012-05-16 00:00:00
IL,FARMER CITY POLICE DEPTARTMENT,1005-00-726-5655,"PISTOL,CALIBER .45,AUTOMATIC",1,Each,58.71,D,1,2010-05-18 00:00:00
IL,FARMER CITY POLICE DEPTARTMENT,1005-00-726-5655,"PISTOL,CALIBER .45,AUTOMATIC",1,Each,58.71,D,1,2010-05-18 00:00:00
IL,FARMER CITY POLICE DEPTARTMENT,1005-00-726-5655,"PISTOL,CALIBER .45,AUTOMATIC",1,Each,58.71,D,1,2012-05-16 00:00:00
IL,FARMER CITY POLICE DEPTARTMENT,1005-00-073-9421,"RIFLE,5.56 MILLIMETER",1,Each,499,D,1,2012-05-16 00:00:00
IL,FARMER CITY POLICE DEPTARTMENT,1005-00-726-5655,"PISTOL,CALIBER .45,AUTOMATIC",1,Each,58.71,D,1,2010-05-18 00:00:00
IL,FARMER CITY POLICE DEPTARTMENT,1005-00-073-9421,"RIFLE,5.56 MILLIMETER",1,Each,499,D,1,2012-05-16 00:00:00
IL,FARMER CITY POLICE DEPTARTMENT,1005-00-073-9421,"RIFLE,5.56 MILLIMETER",1,Each,499,D,1,2012-05-16 00:00:00
IL,FARMER CITY POLICE DEPTARTMENT,1005-00-073-9421,"RIFLE,5.56 MILLIMETER",1,Each,499,D,1,2012-05-16 00:00:00
IL,FARMER CITY POLICE DEPTARTMENT,1005-00-589-1271,"RIFLE,7.62 MILLIMETER",1,Each,138,D,1,2010-05-17 00:00:00
IL,FARMER CITY POLICE DEPTARTMENT,1005-00-856-6885,"RIFLE,5.56 MILLIMETER",1,Each,120,D,1,2010-05-19 00:00:00
IL,FARMER CITY POLICE DEPTARTMENT,1005-00-726-5655,"PISTOL,CALIBER .45,AUTOMATIC",1,Each,58.71,D,1,2012-05-16 00:00:00
IL,FARMER CITY POLICE DEPTARTMENT,1005-00-726-5655,"PISTOL,CALIBER .45,AUTOMATIC",1,Each,58.71,D,1,2012-05-16 00:00:00
IL,FARMINGTON POLICE DEPT,1005-00-726-5655,"PISTOL,CALIBER .45,AUTOMATIC",1,Each,58.71,D,1,2006-03-31 00:00:00
IL,FARMINGTON POLICE DEPT,1005-00-726-5655,"PISTOL,CALIBER .45,AUTOMATIC",1,Each,58.71,D,1,2006-03-31 00:00:00
IL,FARMINGTON POLICE DEPT,1005-00-726-5655,"PISTOL,CALIBER .45,AUTOMATIC",1,Each,58.71,D,1,2006-03-31 00:00:00
IL,FARMINGTON POLICE DEPT,1005-00-073-9421,"RIFLE,5.56 MILLIMETER",1,Each,499,D,1,2006-03-31 00:00:00
IL,FARMINGTON POLICE DEPT,1005-00-589-1271,"RIFLE,7.62 MILLIMETER",1,Each,138,D,1,2006-04-03 00:00:00
IL,FARMINGTON POLICE DEPT,1005-00-726-5655,"PISTOL,CALIBER .45,AUTOMATIC",1,Each,58.71,D,1,2006-03-31 00:00:00
IL,FARMINGTON POLICE DEPT,1005-00-726-5655,"PISTOL,CALIBER .45,AUTOMATIC",1,Each,58.71,D,1,2006-03-31 00:00:00
IL,FISHER POLICE DEPT,1005-00-589-1271,"RIFLE,7.62 MILLIMETER",1,Each,138,D,1,2008-04-16 00:00:00
IL,FLORA POLICE DEPT,1005-00-726-5655,"PISTOL,CALIBER .45,AUTOMATIC",1,Each,58.71,D,1,2010-05-18 00:00:00
IL,FLORA POLICE DEPT,1005-00-726-5655,"PISTOL,CALIBER .45,AUTOMATIC",1,Each,58.71,D,1,2010-05-18 00:00:00
IL,FLORA POLICE DEPT,1005-00-726-5655,"PISTOL,CALIBER .45,AUTOMATIC",1,Each,58.71,D,1,2010-05-18 00:00:00
IL,FLORA POLICE DEPT,1005-00-726-5655,"PISTOL,CALIBER .45,AUTOMATIC",1,Each,58.71,D,1,2010-05-18 00:00:00
IL,FLORA POLICE DEPT,1005-00-726-5655,"PISTOL,CALIBER .45,AUTOMATIC",1,Each,58.71,D,1,2010-05-18 00:00:00
IL,FLORA POLICE DEPT,1005-00-856-6885,"RIFLE,5.56 MILLIMETER",1,Each,120,D,1,2010-05-19 00:00:00
IL,FLORA POLICE DEPT,1005-00-726-5655,"PISTOL,CALIBER .45,AUTOMATIC",1,Each,58.71,D,1,2010-05-18 00:00:00
IL,FLORA POLICE DEPT,1005-00-726-5655,"PISTOL,CALIBER .45,AUTOMATIC",1,Each,58.71,D,1,2010-05-18 00:00:00
IL,FLORA POLICE DEPT,1005-00-856-6885,"RIFLE,5.56 MILLIMETER",1,Each,120,D,1,2010-05-19 00:00:00
IL,FLORA POLICE DEPT,1005-00-726-5655,"PISTOL,CALIBER .45,AUTOMATIC",1,Each,58.71,D,1,2010-05-18 00:00:00
IL,FLORA POLICE DEPT,1005-00-726-5655,"PISTOL,CALIBER .45,AUTOMATIC",1,Each,58.71,D,1,2010-05-18 00:00:00
IL,FLORA POLICE DEPT,2320-01-128-9552,"TRUCK,UTILITY",1,Each,49897,C,1,2013-10-31 00:00:00
IL,FLORA POLICE DEPT,2320-01-128-9552,"TRUCK,UTILITY",1,Each,49897,C,1,2013-10-31 00:00:00
IL,FLORA POLICE DEPT,1005-00-726-5655,"PISTOL,CALIBER .45,AUTOMATIC",1,Each,58.71,D,1,2010-05-18 00:00:00
IL,FONDULAC PARK DISTRICT POLICE DEPT,2320-01-107-7155,"TRUCK,UTILITY",1,Each,41061,Q,6,2011-08-09 00:00:00
IL,FONDULAC PARK DISTRICT POLICE DEPT,1005-00-726-5655,"PISTOL,CALIBER .45,AUTOMATIC",1,Each,58.71,D,1,2003-06-26 00:00:00
IL,FONDULAC PARK DISTRICT POLICE DEPT,1005-00-726-5655,"PISTOL,CALIBER .45,AUTOMATIC",1,Each,58.71,D,1,2004-11-15 00:00:00
IL,FONDULAC PARK DISTRICT POLICE DEPT,1005-00-073-9421,"RIFLE,5.56 MILLIMETER",1,Each,499,D,1,2004-11-15 00:00:00
IL,FONDULAC PARK DISTRICT POLICE DEPT,2320-01-107-7155,"TRUCK,UTILITY",1,Each,41061,Q,6,2011-12-08 00:00:00
IL,FONDULAC PARK DISTRICT POLICE DEPT,2320-01-107-7155,"TRUCK,UTILITY",1,Each,41061,Q,6,2011-05-19 00:00:00
IL,FONDULAC PARK DISTRICT POLICE DEPT,1005-00-589-1271,"RIFLE,7.62 MILLIMETER",1,Each,138,D,1,2004-11-15 00:00:00
IL,FORD COUNTY  SHERIFFS OFFICE,5855-01-228-0936,NIGHT VISION GOGGLE,1,Each,4300,F,1,1998-11-13 00:00:00
IL,FORD COUNTY  SHERIFFS OFFICE,1005-00-589-1271,"RIFLE,7.62 MILLIMETER",1,Each,138,D,1,2002-01-29 00:00:00
IL,FORD COUNTY  SHERIFFS OFFICE,1005-00-073-9421,"RIFLE,5.56 MILLIMETER",1,Each,499,D,1,2002-10-07 00:00:00
IL,FORD COUNTY  SHERIFFS OFFICE,1005-00-589-1271,"RIFLE,7.62 MILLIMETER",1,Each,138,D,1,2002-01-29 00:00:00
IL,FORD COUNTY  SHERIFFS OFFICE,1005-00-073-9421,"RIFLE,5.56 MILLIMETER",1,Each,499,D,1,2002-10-07 00:00:00
IL,FOREST PARK POLICE DEPT,6665-01-531-5570,EXPLOSIVE DETECTOR ,1,Each,19000,D,1,2015-02-26 00:00:00
IL,FOREST PARK POLICE DEPT,1005-01-505-1035,"BOLT,BREECH",16,Each,62.38,D,1,2015-02-25 00:00:00
IL,FOREST PARK POLICE DEPT,5855-01-533-0940,"SIGHT,NIGHT VISION SNIPERSCOPE",1,Each,5000,D,1,2015-01-15 00:00:00
IL,FOREST PARK POLICE DEPT,1005-01-506-5750,"MOUNT,SIGHT,SMALL ARMS",2,Each,306.18,D,1,2015-03-04 00:00:00
IL,FOREST PARK POLICE DEPT,1005-01-146-7684,BARREL ASSEMBLY    ,1,Assembly,187.7,D,1,2015-01-27 00:00:00
IL,FOREST PARK POLICE DEPT,1240-01-439-7265,"MOUNT,QUICK RELEASE ASSEMBLY",24,Each,43.97,B,3,2014-12-31 00:00:00
IL,FOREST PARK POLICE DEPT,1005-01-563-8451,"BIPOD,RIFLE",16,Each,147.26,D,1,2015-01-13 00:00:00
IL,FOREST PARK POLICE DEPT,5820-01-546-8967,"RECEIVER-TRANSMITTER,RADIO",1,Each,4091.65,B,3,2014-12-31 00:00:00
IL,FOREST PARK POLICE DEPT,1005-01-225-8340,"PIN,EXTRACTOR      ",20,Each,1.22,B,3,2014-12-31 00:00:00
IL,FOREST PARK POLICE DEPT,5820-01-546-8967,"RECEIVER-TRANSMITTER,RADIO",1,Each,4091.65,B,3,2014-12-31 00:00:00
IL,FOREST PARK POLICE DEPT,1005-00-017-9546,"HANDLE ASSEMBLY,CHARGING",7,Assembly,16.89,D,1,2015-02-25 00:00:00
IL,FOREST PARK POLICE DEPT,1005-00-937-3078,BUFFER ASSEMBLY    ,8,Each,15.57,D,1,2015-02-25 00:00:00
IL,FOREST PARK POLICE DEPT,7025-01-580-8225,"PRINTER,AUTOMATIC DATA PROCESSING",3,Each,2074.75,B,3,2015-02-25 00:00:00
IL,FOREST PARK POLICE DEPT,5855-01-464-3152,"SIGHT,THERMAL",7,Each,17591,D,7,2014-12-04 00:00:00
IL,FOREST PARK POLICE DEPT,1005-01-146-7684,BARREL ASSEMBLY    ,1,Assembly,187.7,D,1,2015-01-27 00:00:00
IL,FOREST PARK POLICE DEPT,5820-01-186-9638,RADIO SET,2,Each,4229,C,1,2015-01-13 00:00:00
IL,FOREST PARK POLICE DEPT,1005-01-452-6771,"ADAPTER RAIL,WEAPON MOUNTED,M5",12,Each,200.02,B,3,2015-04-02 00:00:00
IL,FOREST PARK POLICE DEPT,1005-01-452-3527,"ADAPTER RAIL,WEAPON MOUNTED,M4",10,Each,75.01,D,7,2015-04-22 00:00:00
IL,FOREST PARK POLICE DEPT,5820-01-501-1067,RADIO SET,2,Each,2949,D,1,2015-01-13 00:00:00
IL,FOREST PARK POLICE DEPT,6650-01-199-0570,BORESCOPE,1,Each,13390,B,3,2014-12-31 00:00:00
IL,FOREST PARK POLICE DEPT,7010-01-532-1325,"COMPUTER SYSTEM,DIGITAL",2,Each,5598.41,Q,3,2015-03-04 00:00:00
IL,FOREST PARK POLICE DEPT,6650-00-530-0960,"TELESCOPE,STRAIGHT",2,Each,442,D,1,2015-04-02 00:00:00
IL,FOREST PARK POLICE DEPT,1005-01-359-8310,"MAGAZINE,CARTRIDGE",10,Each,34.5,D,1,2015-03-20 00:00:00
IL,FOREST PARK POLICE DEPT,5820-01-508-6651,"RECEIVER-TRANSMITTER,RADIO",2,Each,6232,Q,3,2015-03-09 00:00:00
IL,FOREST PARK POLICE DEPT,1005-00-118-6192,"FIRING ATTACHMENT,BLANK AMMUNITION",12,Each,5.96,B,3,2015-01-06 00:00:00
IL,FOREST PARK POLICE DEPT,1005-00-726-5655,"PISTOL,CALIBER .45,AUTOMATIC",1,Each,58.71,D,1,2008-05-29 00:00:00
IL,FOREST PARK POLICE DEPT,1005-00-726-5655,"PISTOL,CALIBER .45,AUTOMATIC",1,Each,58.71,D,1,2008-05-29 00:00:00
IL,FOREST PARK POLICE DEPT,6520-01-187-0141,"EXPLORER-PROBE,DENTAL",3,Each,23.97,A,1,2017-11-01 00:00:00
IL,FOREST PARK POLICE DEPT,5965-01-572-7941,HEADSET-MICROPHONE,25,Kit,922.26,A,1,2017-11-01 00:00:00
IL,FOREST PARK POLICE DEPT,6520-00-149-0278,"EXCAVATOR,DENTAL",1,Each,15.77,A,1,2017-11-01 00:00:00
IL,FOREST PARK POLICE DEPT,6520-00-935-7181,"EXCAVATOR,DENTAL",2,Each,17.39,A,1,2017-11-01 00:00:00
IL,FOREST PARK POLICE DEPT,6520-00-584-2699,"ELEVATOR,PERIOSTEAL",1,Each,41.58,A,1,2017-11-01 00:00:00
IL,FOREST PARK POLICE DEPT,5855-01-490-5375,"TELESCOPE,NON-INVERTING INFRARED",1,Each,4593,D,1,2014-11-13 00:00:00
IL,FOREST PARK POLICE DEPT,5855-01-490-5375,"TELESCOPE,NON-INVERTING INFRARED",1,Each,4593,D,1,2014-11-13 00:00:00
IL,FOREST PARK POLICE DEPT,5855-01-490-5375,"TELESCOPE,NON-INVERTING INFRARED",1,Each,4593,D,1,2014-11-13 00:00:00
IL,FOREST PARK POLICE DEPT,5855-01-490-5375,"TELESCOPE,NON-INVERTING INFRARED",1,Each,4593,D,1,2014-11-13 00:00:00
IL,FOREST PARK POLICE DEPT,5855-01-490-5375,"TELESCOPE,NON-INVERTING INFRARED",1,Each,4593,D,1,2014-11-13 00:00:00
IL,FOREST PARK POLICE DEPT,5855-01-490-5375,"TELESCOPE,NON-INVERTING INFRARED",1,Each,4593,D,1,2014-11-13 00:00:00
IL,FOREST PARK POLICE DEPT,5855-01-490-5375,"TELESCOPE,NON-INVERTING INFRARED",1,Each,4593,D,1,2014-11-13 00:00:00
IL,FOREST PARK POLICE DEPT,5855-01-490-5375,"TELESCOPE,NON-INVERTING INFRARED",1,Each,4593,D,1,2014-11-13 00:00:00
IL,FOREST PARK POLICE DEPT,5855-01-490-5375,"TELESCOPE,NON-INVERTING INFRARED",1,Each,4593,D,1,2014-11-13 00:00:00
IL,FOREST PARK POLICE DEPT,6520-01-057-7422,"ELEVATOR,ROOT",2,Each,17.98,A,,2017-11-01 00:00:00
IL,FOREST PARK POLICE DEPT,7520-01-094-4307,"TRAY,DESK",5,Package,5.87,A,1,2017-11-01 00:00:00
IL,FOREST PARK POLICE DEPT,1005-01-572-9454,"CLEANING KIT,GUN",1,Each,81.4,A,1,2017-11-01 00:00:00
IL,FOREST PARK POLICE DEPT,7045-01-515-5372,"DISK,NONFLEXIBLE",4,Package,7.02,A,1,2017-11-01 00:00:00
IL,FOREST PARK POLICE DEPT,6515-00-363-8840,"SCISSORS,BANDAGE",4,Each,16.1,A,1,2017-11-01 00:00:00
IL,FOREST PARK POLICE DEPT,6520-00-935-7171,"CARVER,DENTAL",2,Each,7.07,A,1,2017-11-01 00:00:00
IL,FOREST PARK POLICE DEPT,6520-00-552-3150,"RETAINER,MATRIX,DENTAL",2,Each,36.69,A,1,2017-11-01 00:00:00
IL,FOREST PARK POLICE DEPT,6230-01-392-8382,SEARCHLIGHT,2,Each,3696.9,A,1,2017-03-15 00:00:00
IL,FOREST PARK POLICE DEPT,1005-01-472-3902,"BIPOD,FOLDING      ",2,Each,102.96,D,1,2017-03-24 00:00:00
IL,FOREST PARK POLICE DEPT,8465-01-583-6329,TACTICAL ASSAULT PANEL,6,Each,35.88,A,1,2017-11-01 00:00:00
IL,FOREST PARK POLICE DEPT,6520-01-057-7423,"ELEVATOR,ROOT",2,Each,19.47,A,,2017-11-01 00:00:00
IL,FOREST PARK POLICE DEPT,6605-DS-NAV-IGA0,NAVIGATIONAL INSTRUMENTS DEMIL A,4,Each,0,A,,2017-03-24 00:00:00
IL,FOREST PARK POLICE DEPT,1005-00-073-9421,"RIFLE,5.56 MILLIMETER",1,Each,499,D,1,2004-03-23 00:00:00
IL,FOREST PARK POLICE DEPT,6720-DS-DIG-ITA0,"CAMERA, DIGITAL",1,Each,250,A,,2017-03-24 00:00:00
IL,FOREST PARK POLICE DEPT,6515-01-593-4841,"RESUSCITATOR,HAND OPERATED",6,Each,55.29,A,1,2017-01-05 00:00:00
IL,FOREST PARK POLICE DEPT,6515-01-515-0197,"GLOVE,PATIENT EXAMINING",22,Package,27.11,A,1,2017-01-05 00:00:00
IL,FOREST PARK POLICE DEPT,8415-01-437-0743,"COVERALLS,FLYERS",1,Each,149.81,A,1,2016-11-30 00:00:00
IL,FOREST PARK POLICE DEPT,6532-01-458-6602,"BLANKET,THERMAL    ",1,Package,152.99,A,1,2016-11-30 00:00:00
IL,FOREST PARK POLICE DEPT,6650-00-530-0960,"TELESCOPE,STRAIGHT",1,Each,442,D,1,2016-11-30 00:00:00
IL,FOREST PARK POLICE DEPT,6515-01-491-5719,"GLOVE,PATIENT EXAMINING",4,Package,12.42,A,1,2016-11-30 00:00:00
IL,FOREST PARK POLICE DEPT,1005-01-543-2187,"KIT,TACTICAL TRIPOD",1,Each,1510,B,3,2016-09-29 00:00:00
IL,FOREST PARK POLICE DEPT,6520-01-530-1621,"MIRROR SET,MOUTH EXAMINING",1,Set,101.85,A,1,2016-11-30 00:00:00
IL,FOREST PARK POLICE DEPT,6240-01-473-7735,"LIGHT,HALOGEN,BULB ",8,Each,13.3,A,1,2016-11-30 00:00:00
IL,FOREST PARK POLICE DEPT,6520-00-528-1000,"EXPLORER,DENTAL",4,Each,8.62,A,1,2016-11-30 00:00:00
IL,FOREST PARK POLICE DEPT,1005-00-726-5655,"PISTOL,CALIBER .45,AUTOMATIC",1,Each,58.71,D,1,2008-05-29 00:00:00
IL,FOREST PARK POLICE DEPT,1005-00-726-5655,"PISTOL,CALIBER .45,AUTOMATIC",1,Each,58.71,D,1,2008-05-29 00:00:00
IL,FOREST PARK POLICE DEPT,1005-00-073-9421,"RIFLE,5.56 MILLIMETER",1,Each,499,D,1,2004-03-23 00:00:00
IL,FOREST PARK POLICE DEPT,1005-00-073-9421,"RIFLE,5.56 MILLIMETER",1,Each,499,D,1,2004-03-23 00:00:00
IL,FOREST PARK POLICE DEPT,1005-00-589-1271,"RIFLE,7.62 MILLIMETER",1,Each,138,D,1,2004-03-15 00:00:00
IL,FOREST PARK POLICE DEPT,1005-00-073-9421,"RIFLE,5.56 MILLIMETER",1,Each,499,D,1,2004-03-23 00:00:00
IL,FOREST PARK POLICE DEPT,1005-00-073-9421,"RIFLE,5.56 MILLIMETER",1,Each,499,D,1,2004-03-23 00:00:00
IL,FOREST PARK POLICE DEPT,1005-00-073-9421,"RIFLE,5.56 MILLIMETER",1,Each,499,D,1,2004-03-23 00:00:00
IL,FOREST PARK POLICE DEPT,1005-00-073-9421,"RIFLE,5.56 MILLIMETER",1,Each,499,D,1,2004-03-23 00:00:00
IL,FOREST PARK POLICE DEPT,1005-00-589-1271,"RIFLE,7.62 MILLIMETER",1,Each,138,D,1,2004-03-15 00:00:00
IL,FOREST PARK POLICE DEPT,1005-00-073-9421,"RIFLE,5.56 MILLIMETER",1,Each,499,D,1,2004-03-23 00:00:00
IL,FOREST PARK POLICE DEPT,1005-01-533-8160,"MOUNT,SIGHT,SMALL ARMS",2,Each,425.84,D,1,2015-07-28 00:00:00
IL,FOREST PARK POLICE DEPT,1005-01-233-8529,BARREL AND FRONT SIGHT ASSEMBLY,32,Each,115,D,1,2015-05-12 00:00:00
IL,FOREST PARK POLICE DEPT,1005-01-134-3633,COMPENSATOR        ,32,Each,6.7,D,1,2015-05-12 00:00:00
IL,FOREST PARK POLICE DEPT,1005-01-591-5825,"SUPPRESSOR,FLASH",40,Each,15.83,D,1,2015-07-21 00:00:00
IL,FOREST PARK POLICE DEPT,1005-01-452-3527,"ADAPTER RAIL,WEAPON MOUNTED,M4",10,Each,75.01,D,7,2015-05-26 00:00:00
IL,FOREST PARK POLICE DEPT,1005-01-233-8529,BARREL AND FRONT SIGHT ASSEMBLY,14,Each,115,D,1,2015-05-12 00:00:00
IL,FOREST PARK POLICE DEPT,1005-01-452-3527,"ADAPTER RAIL,WEAPON MOUNTED,M4",21,Each,75.01,D,7,2015-05-26 00:00:00
IL,FOREST PARK POLICE DEPT,1005-01-382-6795,"RECEIVER,CARTRIDGE",2,Each,87.96,D,1,2015-06-11 00:00:00
IL,FOREST PARK POLICE DEPT,1005-00-921-5004,"MAGAZINE,CARTRIDGE",75,Each,12.3,D,1,2015-06-04 00:00:00
IL,FOREST PARK POLICE DEPT,7010-01-581-5577,"COMPUTER SYSTEM,DIGITAL",1,Each,20111.64,D,1,2015-04-27 00:00:00
IL,FOREST PARK POLICE DEPT,1005-01-134-3701,"RECEIVER,UPPER     ",8,Each,92.7,D,1,2015-02-25 00:00:00
IL,FOREST PARK POLICE DEPT,4933-00-652-9950,"EXTRACTOR,RUPTURED CARTRIDGE CASE",3,Each,16.63,B,3,2014-12-31 00:00:00
IL,FOREST PARK POLICE DEPT,1240-01-411-1265,"SIGHT,REFLEX",24,Each,315,D,1,2015-03-18 00:00:00
IL,FOREST PARK POLICE DEPT,6515-01-527-8068,"HEADLAMP,MEDICAL,NVG GREEN LENS",8,Each,56.17,A,1,2016-11-30 00:00:00
IL,FOREST PARK POLICE DEPT,6510-01-550-6377,"TOWEL PACK,SURGICAL",2,Package,107.86,A,1,2016-11-30 00:00:00
IL,FOREST PARK POLICE DEPT,6510-01-484-7864,"BANDAGE,ADHESIVE",2,Package,34.89,A,1,2016-11-30 00:00:00
IL,FOREST PARK POLICE DEPT,6532-01-525-4062,"BLANKET,HEATING    ",3,Package,281.47,A,1,2017-01-05 00:00:00
IL,FOREST PARK POLICE DEPT,6530-01-488-3977,"RESTRAINT,LOCKING,LEATHER SET",1,Each,828.03,A,1,2016-11-30 00:00:00
IL,FOREST PARK POLICE DEPT,1005-00-726-5655,"PISTOL,CALIBER .45,AUTOMATIC",1,Each,58.71,D,1,2008-05-29 00:00:00
IL,FOREST PARK POLICE DEPT,6530-01-292-7700,"LAMP,LONG WAVE UV,EXAM",1,Each,240.73,A,1,2016-11-30 00:00:00
IL,FOREST PARK POLICE DEPT,1005-00-628-9048,"MAGAZINE,CARTRIDGE",12,Each,15.95,D,1,2016-09-08 00:00:00
IL,FOREST PARK POLICE DEPT,7210-00-718-8325,WASHCLOTH,3,Dozen,7.48,A,1,2016-11-30 00:00:00
IL,FOREST PARK POLICE DEPT,8530-01-529-6869,TOOTHBRUSH,1,Package,67.4,A,1,2016-11-30 00:00:00
IL,FOREST PARK POLICE DEPT,1005-00-726-5655,"PISTOL,CALIBER .45,AUTOMATIC",1,Each,58.71,D,1,2008-05-29 00:00:00
IL,FOREST PARK POLICE DEPT,6515-01-532-8056,HYPOTHERMIA MANAGEMENT KIT,6,Each,123.27,A,1,2017-01-05 00:00:00
IL,FOREST PARK POLICE DEPT,4240-01-342-2857,"CARTRIDGE,RESPIRATOR,AIR FILTERING",4,Package,263.82,Q,6,2016-06-30 00:00:00
IL,FOREST PARK POLICE DEPT,1005-01-550-2330,"BARREL,CARBINE",1,Each,300,D,1,2016-03-10 00:00:00
IL,FOREST PARK POLICE DEPT,1240-01-581-8985,"SIGHT,REFLEX",1,Each,228.39,D,1,2016-03-10 00:00:00
IL,FOREST PARK POLICE DEPT,1005-01-233-8636,"STOCK,GUN,SHOULDER",4,Each,11.84,D,1,2016-03-10 00:00:00
IL,FOREST PARK POLICE DEPT,1240-01-533-0939,"SIGHT,BORE,OPTICAL",6,Each,800,D,1,2016-03-10 00:00:00
IL,FOREST PARK POLICE DEPT,1005-00-921-5004,"MAGAZINE,CARTRIDGE",76,Each,12.3,D,1,2015-07-20 00:00:00
IL,FOREST PARK POLICE DEPT,4710-01-233-8637,"TUBE,BENT,METALLIC",1,Each,8.49,D,1,2015-07-21 00:00:00
IL,FOREST PARK POLICE DEPT,5855-01-228-0939,NIGHT VISION GOGGLE,1,Each,7621,F,1,2015-08-03 00:00:00
IL,FOREST PARK POLICE DEPT,7050-01-571-7207,"STYLUS,DIGITAL COMPUTER SYSTEM",2,Each,54.59,Q,3,2015-08-28 00:00:00
IL,FOREST PARK POLICE DEPT,1240-01-411-1265,"SIGHT,REFLEX",24,Each,315,D,1,2015-04-29 00:15:31.999392
IL,FOREST PARK POLICE DEPT,4920-01-562-6948,"VIDEO PROBE XL PRO,",1,Each,25590,B,,2015-06-30 00:00:00
IL,FOREST PARK POLICE DEPT,1005-01-473-1410,FRONT FLIP SIGHT LO,2,Each,182.25,B,3,2015-06-15 00:00:00
IL,FOREST PARK POLICE DEPT,1005-01-453-4221,"RAIL COVER,5 RIB   ",48,Each,1.04,B,3,2015-01-06 00:00:00
IL,FOREST PARK POLICE DEPT,8465-01-538-4334,NON-BALLISTIC BODY SHIELD,5,Each,130.21,Q,6,2015-01-13 00:00:00
IL,FOREST PARK POLICE DEPT,1005-01-535-4430,"MOUNT,SIGHT,SMALL ARMS",2,Each,611.87,D,1,2015-04-29 00:15:31.999392
IL,FOREST PARK POLICE DEPT,6665-12-371-0357,"DETECTING SET,MINE",1,Each,35155.5,D,7,2014-12-16 00:00:00
IL,FOREST PARK POLICE DEPT,1005-00-921-5004,"MAGAZINE,CARTRIDGE",9,Each,12.3,D,1,2015-02-05 00:00:00
IL,FOREST PARK POLICE DEPT,5895-01-582-0970,COMMUNICATION SYSTEM,3,Each,1995.6,D,1,2014-12-15 00:00:00
IL,FOREST PARK POLICE DEPT,1005-01-233-8529,BARREL AND FRONT SIGHT ASSEMBLY,1,Each,115,D,1,2015-02-23 00:00:00
IL,FOREST PARK POLICE DEPT,1005-01-453-4225,"GUARD,HAND,GUN",8,Each,42.69,B,3,2015-01-06 00:00:00
IL,FOREST PARK POLICE DEPT,5820-01-546-8967,"RECEIVER-TRANSMITTER,RADIO",1,Each,4091.65,B,3,2014-12-31 00:00:00
IL,FOREST PARK POLICE DEPT,5855-01-525-1631,"RECEIVER,INFRARED",1,Each,7626,D,1,2014-11-20 00:00:00
IL,FOREST PARK POLICE DEPT,5855-01-490-5375,"TELESCOPE,NON-INVERTING INFRARED",1,Each,4593,D,1,2014-11-13 00:00:00
IL,FOREST PARK POLICE DEPT,6110-01-591-0045,CONTROLLER ELECTRICAL,1,Each,1053,B,3,2014-11-13 00:00:00
IL,FOREST PARK POLICE DEPT,4933-01-394-7781,"BORE LIGHT SYSTEM,LASER",1,Each,649,D,1,2014-11-20 00:00:00
IL,FOREST PARK POLICE DEPT,1005-00-073-9421,"RIFLE,5.56 MILLIMETER",1,Each,499,D,1,2003-11-05 00:00:00
IL,FOREST PARK POLICE DEPT,1005-00-073-9421,"RIFLE,5.56 MILLIMETER",1,Each,499,D,1,2003-11-05 00:00:00
IL,FOREST PARK POLICE DEPT,1005-00-073-9421,"RIFLE,5.56 MILLIMETER",1,Each,499,D,1,2003-11-05 00:00:00
IL,FOREST PARK POLICE DEPT,1005-00-073-9421,"RIFLE,5.56 MILLIMETER",1,Each,499,D,1,2003-11-05 00:00:00
IL,FOREST PARK POLICE DEPT,1005-00-073-9421,"RIFLE,5.56 MILLIMETER",1,Each,499,D,1,2003-11-05 00:00:00
IL,FOREST PARK POLICE DEPT,1005-00-073-9421,"RIFLE,5.56 MILLIMETER",1,Each,499,D,1,2003-11-05 00:00:00
IL,FOREST PARK POLICE DEPT,1005-00-073-9421,"RIFLE,5.56 MILLIMETER",1,Each,499,D,1,2003-11-05 00:00:00
IL,FOREST PARK POLICE DEPT,1005-00-073-9421,"RIFLE,5.56 MILLIMETER",1,Each,499,D,1,2003-11-05 00:00:00
IL,FOREST PARK POLICE DEPT,1005-00-073-9421,"RIFLE,5.56 MILLIMETER",1,Each,499,D,1,2003-11-05 00:00:00
IL,FOREST PARK POLICE DEPT,1005-00-073-9421,"RIFLE,5.56 MILLIMETER",1,Each,499,D,1,2003-11-05 00:00:00
IL,FOREST PARK POLICE DEPT,1005-00-726-5655,"PISTOL,CALIBER .45,AUTOMATIC",1,Each,58.71,D,1,2008-05-29 00:00:00
IL,FOREST PRESERVE DISTRICT WILL CO PD,1005-00-073-9421,"RIFLE,5.56 MILLIMETER",1,Each,499,D,1,2006-06-28 00:00:00
IL,FOREST PRESERVE DISTRICT WILL CO PD,1005-00-589-1271,"RIFLE,7.62 MILLIMETER",1,Each,138,D,1,2006-06-28 00:00:00
IL,FOREST PRESERVE DISTRICT WILL CO PD,1005-00-073-9421,"RIFLE,5.56 MILLIMETER",1,Each,499,D,1,2006-06-28 00:00:00
IL,FOREST PRESERVE DISTRICT WILL CO PD,1005-00-589-1271,"RIFLE,7.62 MILLIMETER",1,Each,138,D,1,2006-06-28 00:00:00
IL,FOX LAKE POLICE DEPT,1005-00-726-5655,"PISTOL,CALIBER .45,AUTOMATIC",1,Each,58.71,D,1,2013-04-09 00:00:00
IL,FOX LAKE POLICE DEPT,1005-00-073-9421,"RIFLE,5.56 MILLIMETER",1,Each,499,D,1,2013-04-09 00:00:00
IL,FOX LAKE POLICE DEPT,1005-00-589-1271,"RIFLE,7.62 MILLIMETER",1,Each,138,D,1,2013-04-09 00:00:00
IL,FOX LAKE POLICE DEPT,1005-00-073-9421,"RIFLE,5.56 MILLIMETER",1,Each,499,D,1,2013-04-09 00:00:00
IL,FOX LAKE POLICE DEPT,1005-00-726-5655,"PISTOL,CALIBER .45,AUTOMATIC",1,Each,58.71,D,1,2013-04-09 00:00:00
IL,FOX LAKE POLICE DEPT,1005-00-726-5655,"PISTOL,CALIBER .45,AUTOMATIC",1,Each,58.71,D,1,2013-04-09 00:00:00
IL,FOX LAKE POLICE DEPT,1005-00-726-5655,"PISTOL,CALIBER .45,AUTOMATIC",1,Each,58.71,D,1,2013-04-09 00:00:00
IL,FOX LAKE POLICE DEPT,1005-00-726-5655,"PISTOL,CALIBER .45,AUTOMATIC",1,Each,58.71,D,1,2013-04-09 00:00:00
IL,FOX LAKE POLICE DEPT,1005-00-073-9421,"RIFLE,5.56 MILLIMETER",1,Each,499,D,1,2013-04-09 00:00:00
IL,FOX LAKE POLICE DEPT,1005-00-589-1271,"RIFLE,7.62 MILLIMETER",1,Each,138,D,1,2013-04-09 00:00:00
IL,FOX LAKE POLICE DEPT,1005-00-726-5655,"PISTOL,CALIBER .45,AUTOMATIC",1,Each,58.71,D,1,2013-04-09 00:00:00
IL,FOX LAKE POLICE DEPT,1005-00-726-5655,"PISTOL,CALIBER .45,AUTOMATIC",1,Each,58.71,D,1,2013-04-09 00:00:00
IL,FOX LAKE POLICE DEPT,1005-00-073-9421,"RIFLE,5.56 MILLIMETER",1,Each,499,D,1,2013-04-09 00:00:00
IL,FOX LAKE POLICE DEPT,1005-00-073-9421,"RIFLE,5.56 MILLIMETER",1,Each,499,D,1,2013-04-09 00:00:00
IL,FOX LAKE POLICE DEPT,1005-00-726-5655,"PISTOL,CALIBER .45,AUTOMATIC",1,Each,58.71,D,1,2013-04-09 00:00:00
IL,FOX LAKE POLICE DEPT,1005-00-726-5655,"PISTOL,CALIBER .45,AUTOMATIC",1,Each,58.71,D,1,2013-04-09 00:00:00
IL,FOX LAKE POLICE DEPT,1005-00-726-5655,"PISTOL,CALIBER .45,AUTOMATIC",1,Each,58.71,D,1,2013-04-09 00:00:00
IL,FOX LAKE POLICE DEPT,1005-00-073-9421,"RIFLE,5.56 MILLIMETER",1,Each,499,D,1,2013-04-09 00:00:00
IL,FOX LAKE POLICE DEPT,1005-00-726-5655,"PISTOL,CALIBER .45,AUTOMATIC",1,Each,58.71,D,1,2013-04-09 00:00:00
IL,FOX LAKE POLICE DEPT,2320-01-128-9551,"TRUCK,UTILITY",1,Each,50458,C,1,2014-06-23 00:00:00
IL,FOX LAKE POLICE DEPT,1005-00-726-5655,"PISTOL,CALIBER .45,AUTOMATIC",1,Each,58.71,D,1,2013-04-09 00:00:00
IL,FOX LAKE POLICE DEPT,1005-00-073-9421,"RIFLE,5.56 MILLIMETER",1,Each,499,D,1,2013-04-09 00:00:00
IL,FOX LAKE POLICE DEPT,1005-00-726-5655,"PISTOL,CALIBER .45,AUTOMATIC",1,Each,58.71,D,1,2013-04-09 00:00:00
IL,FOX LAKE POLICE DEPT,2320-01-107-7153,"TRUCK,UTILITY",1,Each,63894,C,1,2011-09-20 00:00:00
IL,FOX LAKE POLICE DEPT,1005-00-726-5655,"PISTOL,CALIBER .45,AUTOMATIC",1,Each,58.71,D,1,2013-04-09 00:00:00
IL,FOX LAKE POLICE DEPT,1005-00-726-5655,"PISTOL,CALIBER .45,AUTOMATIC",1,Each,58.71,D,1,2013-04-09 00:00:00
IL,FOX LAKE POLICE DEPT,1005-00-726-5655,"PISTOL,CALIBER .45,AUTOMATIC",1,Each,58.71,D,1,2013-04-09 00:00:00
IL,FOX LAKE POLICE DEPT,1005-00-726-5655,"PISTOL,CALIBER .45,AUTOMATIC",1,Each,58.71,D,1,2013-04-09 00:00:00
IL,FOX LAKE POLICE DEPT,1005-00-589-1271,"RIFLE,7.62 MILLIMETER",1,Each,138,D,1,2013-04-09 00:00:00
IL,FOX LAKE POLICE DEPT,1005-00-726-5655,"PISTOL,CALIBER .45,AUTOMATIC",1,Each,58.71,D,1,2013-04-09 00:00:00
IL,FOX LAKE POLICE DEPT,1005-00-726-5655,"PISTOL,CALIBER .45,AUTOMATIC",1,Each,58.71,D,1,2013-04-09 00:00:00
IL,FOX LAKE POLICE DEPT,1005-00-726-5655,"PISTOL,CALIBER .45,AUTOMATIC",1,Each,58.71,D,1,2013-04-09 00:00:00
IL,FOX LAKE POLICE DEPT,1005-00-726-5655,"PISTOL,CALIBER .45,AUTOMATIC",1,Each,58.71,D,1,2013-04-09 00:00:00
IL,FOX LAKE POLICE DEPT,2320-01-107-7155,"TRUCK,UTILITY",1,Each,41061,Q,6,2011-05-25 00:00:00
IL,FOX LAKE POLICE DEPT,1005-00-726-5655,"PISTOL,CALIBER .45,AUTOMATIC",1,Each,58.71,D,1,2013-04-09 00:00:00
IL,FOX LAKE POLICE DEPT,1005-00-726-5655,"PISTOL,CALIBER .45,AUTOMATIC",1,Each,58.71,D,1,2013-04-09 00:00:00
IL,FOX LAKE POLICE DEPT,1005-00-726-5655,"PISTOL,CALIBER .45,AUTOMATIC",1,Each,58.71,D,1,2013-04-09 00:00:00
IL,FOX RIVER GROVE POLICE,1005-00-589-1271,"RIFLE,7.62 MILLIMETER",1,Each,138,D,1,2008-11-12 00:00:00
IL,FOX RIVER GROVE POLICE,1005-00-589-1271,"RIFLE,7.62 MILLIMETER",1,Each,138,D,1,2008-11-12 00:00:00
IL,FOX RIVER GROVE POLICE,1005-00-856-6885,"RIFLE,5.56 MILLIMETER",1,Each,120,D,1,2010-06-14 00:00:00
IL,FOX RIVER GROVE POLICE,1005-00-856-6885,"RIFLE,5.56 MILLIMETER",1,Each,120,D,1,2010-06-14 00:00:00
IL,FRANKFORT POLICE DEPT,1005-00-073-9421,"RIFLE,5.56 MILLIMETER",1,Each,499,D,1,2002-09-11 00:00:00
IL,FRANKFORT POLICE DEPT,1005-00-073-9421,"RIFLE,5.56 MILLIMETER",1,Each,499,D,1,2005-01-10 00:00:00
IL,FRANKFORT POLICE DEPT,1005-00-073-9421,"RIFLE,5.56 MILLIMETER",1,Each,499,D,1,2002-09-11 00:00:00
IL,FRANKFORT POLICE DEPT,1005-00-073-9421,"RIFLE,5.56 MILLIMETER",1,Each,499,D,1,2002-09-11 00:00:00
IL,FRANKFORT POLICE DEPT,1005-00-073-9421,"RIFLE,5.56 MILLIMETER",1,Each,499,D,1,2005-01-10 00:00:00
IL,FRANKFORT POLICE DEPT,1005-00-073-9421,"RIFLE,5.56 MILLIMETER",1,Each,499,D,1,2002-09-11 00:00:00
IL,FREEBURG POLICE DEPT,1005-00-856-6885,"RIFLE,5.56 MILLIMETER",1,Each,120,D,1,2010-02-10 00:00:00
IL,FREEBURG POLICE DEPT,1005-01-128-9936,"RIFLE,5.56 MILLIMETER",1,Each,749,D,1,2014-09-30 00:00:00
IL,FREEBURG POLICE DEPT,1005-01-128-9936,"RIFLE,5.56 MILLIMETER",1,Each,749,D,1,2014-09-30 00:00:00
IL,FREEBURG POLICE DEPT,1005-01-128-9936,"RIFLE,5.56 MILLIMETER",1,Each,749,D,1,2014-09-30 00:00:00
IL,FREEBURG POLICE DEPT,1005-01-128-9936,"RIFLE,5.56 MILLIMETER",1,Each,749,D,1,2014-09-30 00:00:00
IL,FREEBURG POLICE DEPT,1005-01-128-9936,"RIFLE,5.56 MILLIMETER",1,Each,749,D,1,2014-09-30 00:00:00
IL,FREEBURG POLICE DEPT,1005-01-128-9936,"RIFLE,5.56 MILLIMETER",1,Each,749,D,1,2014-09-30 00:00:00
IL,FREEBURG POLICE DEPT,1005-00-856-6885,"RIFLE,5.56 MILLIMETER",1,Each,120,D,1,2010-02-10 00:00:00
IL,FREEBURG POLICE DEPT,1005-00-677-9150,"SHOTGUN,12 GAGE,RIOT TYPE",1,Each,72.1,D,1,2010-02-10 00:00:00
IL,FREEBURG POLICE DEPT,1005-00-677-9150,"SHOTGUN,12 GAGE,RIOT TYPE",1,Each,72.1,D,1,2010-02-10 00:00:00
IL,FREEBURG POLICE DEPT,1005-01-128-9936,"RIFLE,5.56 MILLIMETER",1,Each,749,D,1,2014-09-30 00:00:00
IL,FREEBURG POLICE DEPT,1005-01-128-9936,"RIFLE,5.56 MILLIMETER",1,Each,749,D,1,2014-09-30 00:00:00
IL,FREEBURG POLICE DEPT,1005-01-128-9936,"RIFLE,5.56 MILLIMETER",1,Each,749,D,1,2014-09-30 00:00:00
IL,FREEBURG POLICE DEPT,1005-01-128-9936,"RIFLE,5.56 MILLIMETER",1,Each,749,D,1,2014-09-30 00:00:00
IL,FREEMAN SPUR POLICE DEPARTMENT,1005-00-589-1271,"RIFLE,7.62 MILLIMETER",1,Each,138,D,1,2011-03-15 00:00:00
IL,FREEMAN SPUR POLICE DEPARTMENT,1005-00-856-6885,"RIFLE,5.56 MILLIMETER",1,Each,120,D,1,2011-03-15 00:00:00
IL,FREEMAN SPUR POLICE DEPARTMENT,1005-00-726-5655,"PISTOL,CALIBER .45,AUTOMATIC",1,Each,58.71,D,1,2011-03-16 00:00:00
IL,FREEMAN SPUR POLICE DEPARTMENT,1005-00-726-5655,"PISTOL,CALIBER .45,AUTOMATIC",1,Each,58.71,D,1,2011-03-16 00:00:00
IL,FREEPORT POLICE DEPT,1005-01-128-9936,"RIFLE,5.56 MILLIMETER",1,Each,749,D,1,2014-09-24 00:00:00
IL,FREEPORT POLICE DEPT,1005-01-128-9936,"RIFLE,5.56 MILLIMETER",1,Each,749,D,1,2014-09-24 00:00:00
IL,FREEPORT POLICE DEPT,2320-01-128-9552,"TRUCK,UTILITY",1,Each,49897,C,1,2014-06-17 00:00:00
IL,FREEPORT POLICE DEPT,1005-01-128-9936,"RIFLE,5.56 MILLIMETER",1,Each,749,D,1,2014-09-24 00:00:00
IL,FREEPORT POLICE DEPT,1005-01-128-9936,"RIFLE,5.56 MILLIMETER",1,Each,749,D,1,2014-09-24 00:00:00
IL,FREEPORT POLICE DEPT,1005-01-128-9936,"RIFLE,5.56 MILLIMETER",1,Each,749,D,1,2014-09-24 00:00:00
IL,FREEPORT POLICE DEPT,1005-01-128-9936,"RIFLE,5.56 MILLIMETER",1,Each,749,D,1,2014-09-24 00:00:00
IL,FREEPORT POLICE DEPT,1005-01-128-9936,"RIFLE,5.56 MILLIMETER",1,Each,749,D,1,2014-09-24 00:00:00
IL,FREEPORT POLICE DEPT,1005-01-128-9936,"RIFLE,5.56 MILLIMETER",1,Each,749,D,1,2014-09-24 00:00:00
IL,FREEPORT POLICE DEPT,1005-01-128-9936,"RIFLE,5.56 MILLIMETER",1,Each,749,D,1,2014-09-24 00:00:00
IL,FREEPORT POLICE DEPT,1005-01-128-9936,"RIFLE,5.56 MILLIMETER",1,Each,749,D,1,2014-09-24 00:00:00
IL,FREEPORT POLICE DEPT,1005-01-128-9936,"RIFLE,5.56 MILLIMETER",1,Each,749,D,1,2014-09-24 00:00:00
IL,FREEPORT POLICE DEPT,1005-01-128-9936,"RIFLE,5.56 MILLIMETER",1,Each,749,D,1,2014-09-24 00:00:00
IL,FREEPORT POLICE DEPT,1005-01-128-9936,"RIFLE,5.56 MILLIMETER",1,Each,749,D,1,2014-09-24 00:00:00
IL,FREEPORT POLICE DEPT,1005-01-128-9936,"RIFLE,5.56 MILLIMETER",1,Each,749,D,1,2014-09-24 00:00:00
IL,FREEPORT POLICE DEPT,1005-01-128-9936,"RIFLE,5.56 MILLIMETER",1,Each,749,D,1,2014-09-24 00:00:00
IL,FREEPORT POLICE DEPT,1005-01-128-9936,"RIFLE,5.56 MILLIMETER",1,Each,749,D,1,2014-09-24 00:00:00
IL,FREEPORT POLICE DEPT,1005-01-128-9936,"RIFLE,5.56 MILLIMETER",1,Each,749,D,1,2014-09-24 00:00:00
IL,FREEPORT POLICE DEPT,1005-01-128-9936,"RIFLE,5.56 MILLIMETER",1,Each,749,D,1,2014-09-24 00:00:00
IL,FREEPORT POLICE DEPT,1005-01-128-9936,"RIFLE,5.56 MILLIMETER",1,Each,749,D,1,2014-09-24 00:00:00
IL,FREEPORT POLICE DEPT,1005-01-128-9936,"RIFLE,5.56 MILLIMETER",1,Each,749,D,1,2014-09-24 00:00:00
IL,FULTON COUNTY SHERIFF OFFICE,1005-00-073-9421,"RIFLE,5.56 MILLIMETER",1,Each,499,D,1,2002-09-12 00:00:00
IL,FULTON COUNTY SHERIFF OFFICE,1005-00-921-5004,"MAGAZINE,CARTRIDGE",50,Each,12.3,D,1,2013-03-12 00:00:00
IL,FULTON COUNTY SHERIFF OFFICE,1005-00-073-9421,"RIFLE,5.56 MILLIMETER",1,Each,499,D,1,2003-08-13 00:00:00
IL,FULTON COUNTY SHERIFF OFFICE,1005-00-073-9421,"RIFLE,5.56 MILLIMETER",1,Each,499,D,1,2003-08-13 00:00:00
IL,FULTON COUNTY SHERIFF OFFICE,1005-00-073-9421,"RIFLE,5.56 MILLIMETER",1,Each,499,D,1,2003-08-13 00:00:00
IL,FULTON COUNTY SHERIFF OFFICE,1005-00-073-9421,"RIFLE,5.56 MILLIMETER",1,Each,499,D,1,2002-09-12 00:00:00
IL,FULTON COUNTY SHERIFF OFFICE,1005-00-589-1271,"RIFLE,7.62 MILLIMETER",1,Each,138,D,1,2012-04-03 00:00:00
IL,FULTON COUNTY SHERIFF OFFICE,1005-00-073-9421,"RIFLE,5.56 MILLIMETER",1,Each,499,D,1,2002-09-12 00:00:00
IL,FULTON COUNTY SHERIFF OFFICE,1005-00-589-1271,"RIFLE,7.62 MILLIMETER",1,Each,138,D,1,2012-04-03 00:00:00
IL,FULTON COUNTY SHERIFF OFFICE,2320-01-107-7155,"TRUCK,UTILITY",1,Each,41061,Q,6,2012-06-08 00:00:00
IL,FULTON COUNTY SHERIFF OFFICE,1005-00-073-9421,"RIFLE,5.56 MILLIMETER",1,Each,499,D,1,2002-09-12 00:00:00
IL,FULTON COUNTY SHERIFF OFFICE,1005-00-073-9421,"RIFLE,5.56 MILLIMETER",1,Each,499,D,1,2002-09-12 00:00:00
IL,FULTON COUNTY SHERIFF OFFICE,1005-00-073-9421,"RIFLE,5.56 MILLIMETER",1,Each,499,D,1,2002-09-12 00:00:00
IL,FULTON COUNTY SHERIFF OFFICE,1005-00-589-1271,"RIFLE,7.62 MILLIMETER",1,Each,138,D,1,2012-04-03 00:00:00
IL,FULTON COUNTY SHERIFF OFFICE,1005-00-073-9421,"RIFLE,5.56 MILLIMETER",1,Each,499,D,1,2002-09-12 00:00:00
IL,FULTON COUNTY SHERIFF OFFICE,1005-00-073-9421,"RIFLE,5.56 MILLIMETER",1,Each,499,D,1,2002-09-12 00:00:00
IL,FULTON COUNTY SHERIFF OFFICE,1005-00-073-9421,"RIFLE,5.56 MILLIMETER",1,Each,499,D,1,2003-08-13 00:00:00
IL,FULTON COUNTY SHERIFF OFFICE,1005-00-589-1271,"RIFLE,7.62 MILLIMETER",1,Each,138,D,1,2012-04-03 00:00:00
IL,FULTON COUNTY SHERIFF OFFICE,1240-01-411-1265,"SIGHT,REFLEX",20,Each,315,D,1,2010-06-28 00:00:00
IL,GENESEO POLICE DEPT,1005-00-589-1271,"RIFLE,7.62 MILLIMETER",1,Each,138,D,1,2000-05-18 00:00:00
IL,GENESEO POLICE DEPT,1005-00-589-1271,"RIFLE,7.62 MILLIMETER",1,Each,138,D,1,2000-05-18 00:00:00
IL,GERMANTOWN POLICE DEPT,1005-00-589-1271,"RIFLE,7.62 MILLIMETER",1,Each,138,D,1,2001-02-14 00:00:00
IL,GILBERTS POLICE DEPT,1005-00-589-1271,"RIFLE,7.62 MILLIMETER",1,Each,138,D,1,2005-03-24 00:00:00
IL,GILBERTS POLICE DEPT,1005-00-073-9421,"RIFLE,5.56 MILLIMETER",1,Each,499,D,1,2005-03-24 00:00:00
IL,GILBERTS POLICE DEPT,1005-00-073-9421,"RIFLE,5.56 MILLIMETER",1,Each,499,D,1,2005-03-24 00:00:00
IL,GILBERTS POLICE DEPT,1005-00-073-9421,"RIFLE,5.56 MILLIMETER",1,Each,499,D,1,2005-03-24 00:00:00
IL,GILBERTS POLICE DEPT,1005-00-073-9421,"RIFLE,5.56 MILLIMETER",1,Each,499,D,1,2005-03-24 00:00:00
IL,GLEN CARBON POLICE DEPT,1005-01-128-9936,"RIFLE,5.56 MILLIMETER",1,Each,749,D,1,2014-12-17 00:00:00
IL,GLEN CARBON POLICE DEPT,1005-01-128-9936,"RIFLE,5.56 MILLIMETER",1,Each,749,D,1,2014-09-23 00:00:00
IL,GLEN CARBON POLICE DEPT,1005-00-589-1271,"RIFLE,7.62 MILLIMETER",1,Each,138,D,1,2006-05-02 00:00:00
IL,GLEN CARBON POLICE DEPT,1005-00-073-9421,"RIFLE,5.56 MILLIMETER",1,Each,499,D,1,2003-07-01 00:00:00
IL,GLEN CARBON POLICE DEPT,1005-01-128-9936,"RIFLE,5.56 MILLIMETER",1,Each,749,D,1,2014-09-23 00:00:00
IL,GLEN CARBON POLICE DEPT,1005-01-128-9936,"RIFLE,5.56 MILLIMETER",1,Each,749,D,1,2014-09-23 00:00:00
IL,GLEN CARBON POLICE DEPT,1005-01-128-9936,"RIFLE,5.56 MILLIMETER",1,Each,749,D,1,2014-09-23 00:00:00
IL,GLEN CARBON POLICE DEPT,1005-01-128-9936,"RIFLE,5.56 MILLIMETER",1,Each,749,D,1,2014-09-23 00:00:00
IL,GLEN CARBON POLICE DEPT,1005-01-128-9936,"RIFLE,5.56 MILLIMETER",1,Each,749,D,1,2014-09-23 00:00:00
IL,GLEN CARBON POLICE DEPT,1005-01-128-9936,"RIFLE,5.56 MILLIMETER",1,Each,749,D,1,2014-09-23 00:00:00
IL,GLEN CARBON POLICE DEPT,1005-01-128-9936,"RIFLE,5.56 MILLIMETER",1,Each,749,D,1,2014-09-23 00:00:00
IL,GLEN CARBON POLICE DEPT,1005-01-128-9936,"RIFLE,5.56 MILLIMETER",1,Each,749,D,1,2014-09-23 00:00:00
IL,GLEN CARBON POLICE DEPT,1005-01-128-9936,"RIFLE,5.56 MILLIMETER",1,Each,749,D,1,2014-09-23 00:00:00
IL,GLEN CARBON POLICE DEPT,1005-01-128-9936,"RIFLE,5.56 MILLIMETER",1,Each,749,D,1,2014-09-23 00:00:00
IL,GLEN CARBON POLICE DEPT,1005-01-128-9936,"RIFLE,5.56 MILLIMETER",1,Each,749,D,1,2014-09-23 00:00:00
IL,GLEN CARBON POLICE DEPT,1005-01-128-9936,"RIFLE,5.56 MILLIMETER",1,Each,749,D,1,2014-09-23 00:00:00
IL,GLEN CARBON POLICE DEPT,1005-01-128-9936,"RIFLE,5.56 MILLIMETER",1,Each,749,D,1,2014-09-23 00:00:00
IL,GLEN CARBON POLICE DEPT,1005-01-128-9936,"RIFLE,5.56 MILLIMETER",1,Each,749,D,1,2014-09-23 00:00:00
IL,GLEN CARBON POLICE DEPT,1005-00-073-9421,"RIFLE,5.56 MILLIMETER",1,Each,499,D,1,2003-07-01 00:00:00
IL,GLEN CARBON POLICE DEPT,1005-00-589-1271,"RIFLE,7.62 MILLIMETER",1,Each,138,D,1,2006-05-02 00:00:00
IL,GLEN CARBON POLICE DEPT,1005-00-073-9421,"RIFLE,5.56 MILLIMETER",1,Each,499,D,1,2003-07-01 00:00:00
IL,GLEN CARBON POLICE DEPT,1005-00-589-1271,"RIFLE,7.62 MILLIMETER",1,Each,138,D,1,2006-05-02 00:00:00
IL,GLEN CARBON POLICE DEPT,1005-00-589-1271,"RIFLE,7.62 MILLIMETER",1,Each,138,D,1,2006-05-02 00:00:00
IL,GLEN CARBON POLICE DEPT,1005-00-073-9421,"RIFLE,5.56 MILLIMETER",1,Each,499,D,1,2006-05-01 00:00:00
IL,GLENCOE POLICE DEPT,1240-01-411-1265,"SIGHT,REFLEX",15,Each,315,D,1,2017-03-09 00:00:00
IL,GLENCOE POLICE DEPT,4240-01-554-5699,"GOGGLES,BALLISTIC  ",28,Kit,51.4,A,1,2017-04-24 00:00:00
IL,GLENCOE POLICE DEPT,8470-01-547-5915,"CARRIER,BALLISTIC,SIDE",15,Each,100.39,D,1,2012-03-08 00:00:00
IL,GOLCONDA POLICE DEPT,7830-DS-SAI-LKIT,RECREATIONAL SAILBOATS AND TRAILER,1,Kit,5000,A,,2016-11-15 00:00:00
IL,GOLCONDA POLICE DEPT,2320-01-371-9584,"TRUCK,UTILITY",1,Each,62627,C,1,2014-08-26 00:00:00
IL,GOLCONDA POLICE DEPT,1005-00-073-9421,"RIFLE,5.56 MILLIMETER",1,Each,499,D,1,2012-11-20 00:00:00
IL,GOLCONDA POLICE DEPT,1005-00-726-5655,"PISTOL,CALIBER .45,AUTOMATIC",1,Each,58.71,D,1,2007-06-21 00:00:00
IL,GOLCONDA POLICE DEPT,1095-01-526-7860,"FIRING DEVICE,NON-LETHAL",1,Each,1093,D,1,2015-03-25 00:00:00
IL,GOLCONDA POLICE DEPT,5855-01-527-9966,"VIEWING SET,NIGHT VISION",1,Each,3328.62,D,1,2015-04-02 00:00:00
IL,GOLCONDA POLICE DEPT,4110-DS-REF-RIG0,REFRIGERATOR,1,Each,759,A,,2016-09-29 00:00:00
IL,GOLCONDA POLICE DEPT,8115-DS-BXC-ARCR,"BOXES, CARTONS, AND CRATES",5,Each,13000,A,,2016-10-03 00:00:00
IL,GOLCONDA POLICE DEPT,2340-DS-ATV-4WHE,"ALL TERRAIN VEHICLE, 4 WHEEL",1,Each,12000,A,,2016-10-13 00:00:00
IL,GOLCONDA POLICE DEPT,3830-DS-TRU-TRAA,TRUCK AND TRACTOR ATTACHMENTS,1,Each,800,A,,2016-10-03 00:00:00
IL,GOLCONDA POLICE DEPT,9535-00-250-6908,"SHEET,METAL",1,Sheet,152.64,A,1,2016-09-29 00:00:00
IL,GOLCONDA POLICE DEPT,1095-01-550-5429,"RACK,STORAGE,SMALL ARMS",2,Each,1373.04,A,1,2016-09-29 00:00:00
IL,GOLCONDA POLICE DEPT,1240-00-930-3833,BINOCULAR,2,Each,278.05,D,1,2015-04-24 00:00:00
IL,GOLCONDA POLICE DEPT,5855-01-422-8777,"NIGHT VISION SIGHT,",1,Each,3500,F,1,2015-04-02 00:00:00
IL,GOREVILLE POLICE DEPT,1005-00-856-6885,"RIFLE,5.56 MILLIMETER",1,Each,120,D,1,2011-08-29 00:00:00
IL,GOREVILLE POLICE DEPT,2320-01-128-9552,"TRUCK,UTILITY",1,Each,49897,C,1,2013-10-31 00:00:00
IL,GOREVILLE POLICE DEPT,1005-00-726-5655,"PISTOL,CALIBER .45,AUTOMATIC",1,Each,58.71,D,1,2008-10-15 00:00:00
IL,GOREVILLE POLICE DEPT,1005-00-726-5655,"PISTOL,CALIBER .45,AUTOMATIC",1,Each,58.71,D,1,2008-10-15 00:00:00
IL,GOREVILLE POLICE DEPT,1005-00-726-5655,"PISTOL,CALIBER .45,AUTOMATIC",1,Each,58.71,D,1,2008-10-15 00:00:00
IL,GOREVILLE POLICE DEPT,1005-00-726-5655,"PISTOL,CALIBER .45,AUTOMATIC",1,Each,58.71,D,1,2008-10-15 00:00:00
IL,GRAND RIDGE POLICE DEPT,1005-01-128-9936,"RIFLE,5.56 MILLIMETER",1,Each,749,D,1,2014-09-29 00:00:00
IL,GRAND RIDGE POLICE DEPT,1005-01-128-9936,"RIFLE,5.56 MILLIMETER",1,Each,749,D,1,2014-09-29 00:00:00
IL,GRANITE CITY POLICE DEPT,1005-00-073-9421,"RIFLE,5.56 MILLIMETER",1,Each,499,D,1,1998-09-02 00:00:00
IL,GRANITE CITY POLICE DEPT,1005-00-073-9421,"RIFLE,5.56 MILLIMETER",1,Each,499,D,1,2005-11-28 00:00:00
IL,GRANITE CITY POLICE DEPT,1005-00-073-9421,"RIFLE,5.56 MILLIMETER",1,Each,499,D,1,1998-09-02 00:00:00
IL,GRANITE CITY POLICE DEPT,1005-00-589-1271,"RIFLE,7.62 MILLIMETER",1,Each,138,D,1,2005-12-01 00:00:00
IL,GRANITE CITY POLICE DEPT,1005-00-073-9421,"RIFLE,5.56 MILLIMETER",1,Each,499,D,1,2005-11-28 00:00:00
IL,GRANITE CITY POLICE DEPT,1005-00-073-9421,"RIFLE,5.56 MILLIMETER",1,Each,499,D,1,1998-09-02 00:00:00
IL,GRANITE CITY POLICE DEPT,1005-00-073-9421,"RIFLE,5.56 MILLIMETER",1,Each,499,D,1,2005-11-28 00:00:00
IL,GRANITE CITY POLICE DEPT,1005-00-073-9421,"RIFLE,5.56 MILLIMETER",1,Each,499,D,1,2005-11-28 00:00:00
IL,GRANITE CITY POLICE DEPT,1005-00-073-9421,"RIFLE,5.56 MILLIMETER",1,Each,499,D,1,1998-09-02 00:00:00
IL,GRANITE CITY POLICE DEPT,1005-00-073-9421,"RIFLE,5.56 MILLIMETER",1,Each,499,D,1,2005-11-28 00:00:00
IL,GRANITE CITY POLICE DEPT,1005-00-073-9421,"RIFLE,5.56 MILLIMETER",1,Each,499,D,1,2005-11-28 00:00:00
IL,GRANITE CITY POLICE DEPT,1005-00-073-9421,"RIFLE,5.56 MILLIMETER",1,Each,499,D,1,2005-11-28 00:00:00
IL,GRANITE CITY POLICE DEPT,1005-00-073-9421,"RIFLE,5.56 MILLIMETER",1,Each,499,D,1,2005-11-28 00:00:00
IL,GRANITE CITY POLICE DEPT,1005-00-073-9421,"RIFLE,5.56 MILLIMETER",1,Each,499,D,1,2005-11-28 00:00:00
IL,GRANITE CITY POLICE DEPT,1005-00-073-9421,"RIFLE,5.56 MILLIMETER",1,Each,499,D,1,2005-11-28 00:00:00
IL,GRANITE CITY POLICE DEPT,1005-00-073-9421,"RIFLE,5.56 MILLIMETER",1,Each,499,D,1,1998-09-02 00:00:00
IL,GRANITE CITY POLICE DEPT,1005-00-073-9421,"RIFLE,5.56 MILLIMETER",1,Each,499,D,1,2005-11-28 00:00:00
IL,GRANITE CITY POLICE DEPT,1005-00-589-1271,"RIFLE,7.62 MILLIMETER",1,Each,138,D,1,2005-12-01 00:00:00
IL,GRANITE CITY POLICE DEPT,1005-00-073-9421,"RIFLE,5.56 MILLIMETER",1,Each,499,D,1,2005-11-28 00:00:00
IL,GRANITE CITY POLICE DEPT,1005-00-073-9421,"RIFLE,5.56 MILLIMETER",1,Each,499,D,1,2005-11-28 00:00:00
IL,GRANITE CITY POLICE DEPT,1005-00-073-9421,"RIFLE,5.56 MILLIMETER",1,Each,499,D,1,2005-11-28 00:00:00
IL,GRANITE CITY POLICE DEPT,1005-00-073-9421,"RIFLE,5.56 MILLIMETER",1,Each,499,D,1,1998-09-02 00:00:00
IL,GRANITE CITY POLICE DEPT,1005-00-589-1271,"RIFLE,7.62 MILLIMETER",1,Each,138,D,1,2005-12-01 00:00:00
IL,GRANITE CITY POLICE DEPT,1005-00-589-1271,"RIFLE,7.62 MILLIMETER",1,Each,138,D,1,2005-12-01 00:00:00
IL,GRANITE CITY POLICE DEPT,1005-00-589-1271,"RIFLE,7.62 MILLIMETER",1,Each,138,D,1,2005-12-01 00:00:00
IL,GRANITE CITY POLICE DEPT,1385-01-574-4707,"UNMANNED VEHICLE,GROUND",1,Each,10000,Q,3,2014-02-06 00:00:00
IL,GRANITE CITY POLICE DEPT,2320-01-107-7156,"TRUCK,UTILITY",1,Each,43376,Q,6,2014-06-23 00:00:00
IL,GRANITE CITY POLICE DEPT,2320-01-107-7155,"TRUCK,UTILITY",1,Each,41061,Q,6,2014-05-20 00:00:00
IL,GRANT PARK POLICE DEPT,6545-01-525-9847,"MODULE,TRAUMA      ",20,Each,33.78,A,1,2017-01-27 00:00:00
IL,GRANT PARK POLICE DEPT,2320-01-107-7153,"TRUCK,UTILITY",1,Each,63894,C,1,2011-12-21 00:00:00
IL,GRANT PARK POLICE DEPT,1240-DS-OPT-SIGH,OPTICAL SIGHTING AND RANGING EQUIPMENT,2,Each,224,C,,2017-02-02 00:00:00
IL,GRANTFORK POLICE DEPT,1005-00-073-9421,"RIFLE,5.56 MILLIMETER",1,Each,499,D,1,2011-12-29 00:00:00
IL,GRANTFORK POLICE DEPT,5825-01-552-3167,"NAVIGATION SET,SATELLITE SIGNALS",1,Each,303.14,Q,3,2013-11-06 00:00:00
IL,GRANTFORK POLICE DEPT,5825-01-552-3167,"NAVIGATION SET,SATELLITE SIGNALS",1,Each,303.14,Q,3,2013-11-06 00:00:00
IL,GRANTFORK POLICE DEPT,1005-00-589-1271,"RIFLE,7.62 MILLIMETER",1,Each,138,D,1,2005-03-24 00:00:00
IL,GRANTFORK POLICE DEPT,1005-00-073-9421,"RIFLE,5.56 MILLIMETER",1,Each,499,D,1,2007-06-21 00:00:00
IL,GRANTFORK POLICE DEPT,1005-00-073-9421,"RIFLE,5.56 MILLIMETER",1,Each,499,D,1,2002-07-24 00:00:00
IL,GRANTFORK POLICE DEPT,5825-01-552-3167,"NAVIGATION SET,SATELLITE SIGNALS",1,Each,303.14,Q,3,2014-01-27 00:00:00
IL,GRANTFORK POLICE DEPT,5965-01-520-3847,"RADIO,PORTABLE     ",6,Each,4956,Q,3,2014-12-22 00:00:00
IL,GRANTFORK POLICE DEPT,8145-01-608-0901,SHIPPING CONTAINER ,2,Each,2185.26,Q,3,2015-09-03 00:00:00
IL,GRANTFORK POLICE DEPT,5820-01-549-6407,"RECEIVER-TRANSMITTER,RADIO",5,Each,3760.17,D,1,2015-07-15 00:00:00
IL,GRANTFORK POLICE DEPT,1005-00-589-1271,"RIFLE,7.62 MILLIMETER",1,Each,138,D,1,2005-03-24 00:00:00
IL,GRANTFORK POLICE DEPT,1005-00-589-1271,"RIFLE,7.62 MILLIMETER",1,Each,138,D,1,2005-03-24 00:00:00
IL,GRANTFORK POLICE DEPT,6230-DS-LIG-HT01,"ELECTRIC PORTABLE, HAND LIGHTING EQUIP",4,Each,114.35,A,,2017-04-06 00:00:00
IL,GRANTFORK POLICE DEPT,7035-DS-SWI-TCH6,"SWITCH, NETWORK",1,Each,27107.19,A,,2017-04-06 00:00:00
IL,GRANTFORK POLICE DEPT,8460-DS-CAS-ELAP,LAPTOP CASE,4,Each,248.03,A,,2017-04-06 00:00:00
IL,GRANTFORK POLICE DEPT,7830-DS-REC-GYME,RECREATIONAL AND GYMNASTIC EQUIPMENT,16,Each,1000,A,,2017-04-06 00:00:00
IL,GRANTFORK POLICE DEPT,7035-DS-SWI-TCH6,"SWITCH, NETWORK",1,Each,27107.19,A,,2017-04-06 00:00:00
IL,GRANTFORK POLICE DEPT,5180-01-483-0249,"TOOL KIT,GENERAL MECHANICS",2,Set,1780,A,1,2017-12-18 00:00:00
IL,GRANTFORK POLICE DEPT,6730-DS-PRO-JEC1,PHOTOGRAPHIC PROJECTION EQUIPMENT,2,Each,3932.42,A,,2017-07-24 00:00:00
IL,GRANTFORK POLICE DEPT,2590-00-920-7532,"PARTS KIT,AMMO RACK",1,Each,546.4,Q,3,2013-07-08 00:00:00
IL,GRANTFORK POLICE DEPT,2540-01-228-0007,SHELF AMMORACK     ,1,Each,205.84,D,,2013-07-06 00:00:00
IL,GRANTFORK POLICE DEPT,1005-00-073-9421,"RIFLE,5.56 MILLIMETER",1,Each,499,D,1,2011-12-29 00:00:00
IL,GRANTFORK POLICE DEPT,1005-00-073-9421,"RIFLE,5.56 MILLIMETER",1,Each,499,D,1,2011-12-29 00:00:00
IL,GREEN VALLEY POLICE DEPT,6150-DS-UPS-0003,UNIVERSAL POWER SUPPLY,2,Each,64.23,A,,2017-06-01 00:00:00
IL,GREEN VALLEY POLICE DEPT,4910-DS-PRE-SSUR,PRESSURE WASHER,1,Each,400,A,,2017-06-01 00:00:00
IL,GREEN VALLEY POLICE DEPT,8465-01-524-7226,SUSTAINMENT POUCH  ,50,Each,15.53,A,1,2017-06-01 00:00:00
IL,GREEN VALLEY POLICE DEPT,8465-01-524-5285,RUCKSACK LARGE FIELD PACK,10,Each,83.36,A,1,2017-06-01 00:00:00
IL,GREEN VALLEY POLICE DEPT,1240-01-504-2221,"RANGE FINDER,LASER",2,Each,20501,D,7,2017-06-01 00:00:00
IL,GREEN VALLEY POLICE DEPT,7110-DS-CAB-INE5,"CABINET, OFFICE",1,Each,50,A,,2017-06-01 00:00:00
IL,GREEN VALLEY POLICE DEPT,1240-01-411-1265,"SIGHT,REFLEX",6,Each,315,D,1,2017-06-01 00:00:00
IL,GREEN VALLEY POLICE DEPT,8415-01-538-6752,"JACKET,COLD WEATHER",8,Each,64,A,1,2017-06-01 00:00:00
IL,GREEN VALLEY POLICE DEPT,8415-01-530-2351,"PAD,KNEE           ",30,Pair,18.75,A,1,2017-06-01 00:00:00
IL,GREEN VALLEY POLICE DEPT,6650-DS-BIN-OCUL,BINOCULARS,1,Each,579,A,,2017-06-01 00:00:00
IL,GREEN VALLEY POLICE DEPT,7025-DS-PRI-NT05,PRINTER,1,Each,299.78,A,,2017-04-04 00:00:00
IL,GREEN VALLEY POLICE DEPT,8465-DS-HOL-STER,INDIVIDUAL HOLSTER,6,Each,65,A,,2017-03-31 00:00:00
IL,GREEN VALLEY POLICE DEPT,6760-DS-PHO-TACC,PHOTOGRAPHIC EQUIPMENT AND ACCESSORIES,2,Each,50,A,,2017-03-31 00:00:00
IL,GREEN VALLEY POLICE DEPT,2320-01-128-9552,"TRUCK,UTILITY",1,Each,49897,C,1,2016-09-01 00:00:00
IL,GREEN VALLEY POLICE DEPT,7010-01-600-5817,"COMPUTER SYSTEM,DIGITAL",1,Each,9306,D,1,2016-04-20 00:00:00
IL,GREEN VALLEY POLICE DEPT,1005-01-128-9936,"RIFLE,5.56 MILLIMETER",1,Each,749,D,1,2014-10-20 00:00:00
IL,GREEN VALLEY POLICE DEPT,1005-01-128-9936,"RIFLE,5.56 MILLIMETER",1,Each,749,D,1,2014-10-20 00:00:00
IL,GREEN VALLEY POLICE DEPT,1005-01-128-9936,"RIFLE,5.56 MILLIMETER",1,Each,749,D,1,2014-10-20 00:00:00
IL,GREEN VALLEY POLICE DEPT,1005-01-128-9936,"RIFLE,5.56 MILLIMETER",1,Each,749,D,1,2014-10-20 00:00:00
IL,GREEN VALLEY POLICE DEPT,1005-01-128-9936,"RIFLE,5.56 MILLIMETER",1,Each,749,D,1,2014-10-20 00:00:00
IL,GREEN VALLEY POLICE DEPT,1005-01-128-9936,"RIFLE,5.56 MILLIMETER",1,Each,749,D,1,2014-10-20 00:00:00
IL,GREEN VALLEY POLICE DEPT,1005-00-589-1271,"RIFLE,7.62 MILLIMETER",1,Each,138,D,1,2003-02-12 00:00:00
IL,GREEN VALLEY POLICE DEPT,1005-00-726-5655,"PISTOL,CALIBER .45,AUTOMATIC",1,Each,58.71,D,1,2003-02-11 00:00:00
IL,GREEN VALLEY POLICE DEPT,5855-00-150-1820,"VIEWER,NIGHT VISION",1,Each,4105,F,1,2012-07-28 00:00:00
IL,GREEN VALLEY POLICE DEPT,5860-01-350-8551,LASER-INFRARED OBSERVATION SET,2,Each,22015,D,1,2017-11-17 00:00:00
IL,GREEN VALLEY POLICE DEPT,5855-01-490-6798,"VIEWER,NIGHT VISION",1,Each,21027.6,D,1,2017-11-17 00:00:00
IL,GREEN VALLEY POLICE DEPT,8340-01-521-6438,"SHELTER,ICS IMPROVED COMBAT SHELTER",10,Each,342.22,A,1,2017-10-13 00:00:00
IL,GREEN VALLEY POLICE DEPT,2410-01-155-1588,"TRACTOR,FULL TRACKED,LOW SPEED",1,Each,70002,A,1,2017-12-19 00:00:00
IL,GREEN VALLEY POLICE DEPT,8465-01-445-6274,MODULAR SLEEP SYSTEM,20,Each,262.6,A,1,2017-11-17 00:00:00
IL,GREEN VALLEY POLICE DEPT,2320-01-447-6343,"TRUCK,CARGO",1,Each,176428,A,7,2017-10-11 00:00:00
IL,GREEN VALLEY POLICE DEPT,2420-01-160-2754,"TRACTOR,WHEELED,INDUSTRIAL",1,Each,110000,A,1,2017-07-26 00:00:00
IL,GREEN VALLEY POLICE DEPT,8465-01-547-2644,"COVER,BIVY         ",10,Each,135.26,A,1,2017-10-13 00:00:00
IL,GREEN VALLEY POLICE DEPT,6115-01-275-5061,"GENERATOR SET,DIESEL ENGINE",3,Each,10700,A,7,2017-07-19 00:00:00
IL,GREEN VALLEY POLICE DEPT,6115-01-462-0291,"GENERATOR SET,DIESEL ENGINE",1,Each,25073,A,7,2017-10-17 00:00:00
IL,GREEN VALLEY POLICE DEPT,8465-01-073-8326,"FRAME,FIELD PACK",10,Each,38.39,A,1,2017-10-13 00:00:00
IL,GREEN VALLEY POLICE DEPT,5855-01-534-5931,"ILLUMINATOR,INTEGRATED,SMALL ARMS",6,Each,838,D,1,2017-10-13 00:00:00
IL,GREEN VALLEY POLICE DEPT,6625-01-272-8054,OSCILLOSCOPE,1,Each,5350,Q,3,2017-10-13 00:00:00
IL,GREEN VALLEY POLICE DEPT,1005-01-511-2152,"SLING,SMALL ARMS",6,Each,43.89,A,1,2017-10-13 00:00:00
IL,GREEN VALLEY POLICE DEPT,1005-01-260-2665,"BIPOD,RIFLE",6,Each,146.29,D,1,2017-11-17 00:00:00
IL,GREEN VALLEY POLICE DEPT,6720-DS-DIG-ITA0,"CAMERA, DIGITAL",3,Each,250,A,,2017-06-01 00:00:00
IL,GREEN VALLEY POLICE DEPT,8415-01-530-2161,"ELBOW,PADS         ",30,Pair,11.75,A,1,2017-06-01 00:00:00
IL,GREEN VALLEY POLICE DEPT,8415-01-538-6752,"JACKET,COLD WEATHER",10,Each,64,A,1,2017-06-01 00:00:00
IL,GREEN VALLEY POLICE DEPT,6760-DS-TRI-POD0,"TRIPOD, CAMERA",1,Each,385,A,,2017-03-31 00:00:00
IL,GREEN VALLEY POLICE DEPT,6760-DS-LEN-S001,"LENS, CAMERA",2,Each,263.83,A,,2017-03-31 00:00:00
IL,GREEN VALLEY POLICE DEPT,8465-01-524-7226,SUSTAINMENT POUCH  ,50,Each,15.53,A,1,2017-06-01 00:00:00
IL,GREEN VALLEY POLICE DEPT,6150-DS-UPS-0003,UNIVERSAL POWER SUPPLY,1,Each,64.23,A,,2017-06-01 00:00:00
IL,GREEN VALLEY POLICE DEPT,7125-00-634-1404,"BIN,STORAGE AND DISPLAY,STATIONARY",10,Unknown,0,A,1,2017-04-04 00:00:00
IL,GREEN VALLEY POLICE DEPT,4240-DS-GOG-GLES,SAFETY GOGGLES,12,Each,9.91,A,,2017-03-31 00:00:00
IL,GREEN VALLEY POLICE DEPT,3930-DS-FOR-KLIF,FORKLIFT,1,Each,13401,A,,2017-04-04 00:00:00
IL,GREEN VALLEY POLICE DEPT,6760-DS-PHO-TACC,PHOTOGRAPHIC EQUIPMENT AND ACCESSORIES,2,Each,50,A,,2017-03-31 00:00:00
IL,GREEN VALLEY POLICE DEPT,1005-01-262-2818,"CASE,CARRYING,WEAPON",2,Each,71.95,A,1,2017-10-13 00:00:00
IL,GREENVIEW POLICE DEPT,5855-01-460-9157,"GRIP,PISTOL,LASER  ",1,Each,307.24,D,1,2015-02-23 00:00:00
IL,GREENVIEW POLICE DEPT,1385-21-892-8212,"OPENER,CAR DOOR    ",1,Each,327,B,3,2015-04-16 00:00:00
IL,GREENVIEW POLICE DEPT,1005-00-589-1271,"RIFLE,7.62 MILLIMETER",1,Each,138,D,1,2012-05-09 00:00:00
IL,GREENVIEW POLICE DEPT,1005-00-073-9421,"RIFLE,5.56 MILLIMETER",1,Each,499,D,1,2012-05-10 00:00:00
IL,GREENVIEW POLICE DEPT,1005-00-726-5655,"PISTOL,CALIBER .45,AUTOMATIC",1,Each,58.71,D,1,2012-05-09 00:00:00
IL,GREENVILLE POLICE DEPT,1005-00-073-9421,"RIFLE,5.56 MILLIMETER",1,Each,499,D,1,2002-07-24 00:00:00
IL,GREENVILLE POLICE DEPT,1005-00-073-9421,"RIFLE,5.56 MILLIMETER",1,Each,499,D,1,2002-09-17 00:00:00
IL,GREENVILLE POLICE DEPT,1005-00-073-9421,"RIFLE,5.56 MILLIMETER",1,Each,499,D,1,2002-09-17 00:00:00
IL,GREENVILLE POLICE DEPT,1005-00-073-9421,"RIFLE,5.56 MILLIMETER",1,Each,499,D,1,2002-09-17 00:00:00
IL,GREENVILLE POLICE DEPT,1005-00-073-9421,"RIFLE,5.56 MILLIMETER",1,Each,499,D,1,2002-07-24 00:00:00
IL,GREENVILLE POLICE DEPT,1005-00-073-9421,"RIFLE,5.56 MILLIMETER",1,Each,499,D,1,2002-07-24 00:00:00
IL,GREENVILLE POLICE DEPT,1005-00-073-9421,"RIFLE,5.56 MILLIMETER",1,Each,499,D,1,2002-07-24 00:00:00
IL,GREENVILLE POLICE DEPT,1005-00-073-9421,"RIFLE,5.56 MILLIMETER",1,Each,499,D,1,2002-09-17 00:00:00
IL,HAMEL POLICE DEPT,1005-00-726-5655,"PISTOL,CALIBER .45,AUTOMATIC",1,Each,58.71,D,1,2011-03-15 00:00:00
IL,HAMEL POLICE DEPT,1005-00-726-5655,"PISTOL,CALIBER .45,AUTOMATIC",1,Each,58.71,D,1,2011-03-15 00:00:00
IL,HAMEL POLICE DEPT,1005-00-589-1271,"RIFLE,7.62 MILLIMETER",1,Each,138,D,1,2010-11-17 00:00:00
IL,HAMEL POLICE DEPT,1005-00-726-5655,"PISTOL,CALIBER .45,AUTOMATIC",1,Each,58.71,D,1,2011-03-15 00:00:00
IL,HAMEL POLICE DEPT,1005-00-726-5655,"PISTOL,CALIBER .45,AUTOMATIC",1,Each,58.71,D,1,2011-03-15 00:00:00
IL,HAMILTON COUNTY SHERIFF DEPT,1005-00-726-5655,"PISTOL,CALIBER .45,AUTOMATIC",1,Each,58.71,D,1,2005-05-10 00:00:00
IL,HAMILTON COUNTY SHERIFF DEPT,1005-00-856-6885,"RIFLE,5.56 MILLIMETER",1,Each,120,D,1,2011-10-24 00:00:00
IL,HAMILTON COUNTY SHERIFF DEPT,1005-00-726-5655,"PISTOL,CALIBER .45,AUTOMATIC",1,Each,58.71,D,1,2005-05-10 00:00:00
IL,HAMILTON COUNTY SHERIFF DEPT,1005-00-589-1271,"RIFLE,7.62 MILLIMETER",1,Each,138,D,1,1999-02-12 00:00:00
IL,HAMILTON COUNTY SHERIFF DEPT,1005-00-856-6885,"RIFLE,5.56 MILLIMETER",1,Each,120,D,1,2011-10-24 00:00:00
IL,HAMILTON COUNTY SHERIFF DEPT,1005-00-073-9421,"RIFLE,5.56 MILLIMETER",1,Each,499,D,1,2005-05-11 00:00:00
IL,HAMILTON COUNTY SHERIFF DEPT,1005-00-921-5483,"SHOTGUN,12 GAGE,RIOT TYPE",1,Each,108,D,1,2005-05-10 00:00:00
IL,HAMILTON COUNTY SHERIFF DEPT,1005-00-726-5655,"PISTOL,CALIBER .45,AUTOMATIC",1,Each,58.71,D,1,2005-05-10 00:00:00
IL,HAMILTON COUNTY SHERIFF DEPT,2320-01-107-7155,"TRUCK,UTILITY",1,Each,41061,Q,6,2012-05-30 00:00:00
IL,HAMILTON COUNTY SHERIFF DEPT,2320-01-107-7155,"TRUCK,UTILITY",1,Each,41061,Q,6,2012-07-02 00:00:00
IL,HANCOCK COUNTY SHERIFFS OFFICE,1005-00-856-6885,"RIFLE,5.56 MILLIMETER",1,Each,120,D,1,2010-03-11 00:00:00
IL,HANCOCK COUNTY SHERIFFS OFFICE,1005-00-856-6885,"RIFLE,5.56 MILLIMETER",1,Each,120,D,1,2010-03-11 00:00:00
IL,HANCOCK COUNTY SHERIFFS OFFICE,1005-00-856-6885,"RIFLE,5.56 MILLIMETER",1,Each,120,D,1,2010-03-11 00:00:00
IL,HANOVER PARK POLICE DEPT,1005-01-128-9936,"RIFLE,5.56 MILLIMETER",1,Each,749,D,1,2014-09-29 00:00:00
IL,HANOVER PARK POLICE DEPT,2320-01-371-9577,"TRUCK,UTILITY",1,Each,47023,Q,6,2012-07-10 00:00:00
IL,HANOVER PARK POLICE DEPT,1005-01-128-9936,"RIFLE,5.56 MILLIMETER",1,Each,749,D,1,2014-09-29 00:00:00
IL,HANOVER PARK POLICE DEPT,1005-01-128-9936,"RIFLE,5.56 MILLIMETER",1,Each,749,D,1,2014-09-29 00:00:00
IL,HANOVER PARK POLICE DEPT,1005-01-128-9936,"RIFLE,5.56 MILLIMETER",1,Each,749,D,1,2014-09-29 00:00:00
IL,HANOVER PARK POLICE DEPT,1005-01-128-9936,"RIFLE,5.56 MILLIMETER",1,Each,749,D,1,2014-09-29 00:00:00
IL,HANOVER POLICE DEPT,1005-00-726-5655,"PISTOL,CALIBER .45,AUTOMATIC",1,Each,58.71,D,1,2002-09-19 00:00:00
IL,HANOVER POLICE DEPT,1005-00-589-1271,"RIFLE,7.62 MILLIMETER",1,Each,138,D,1,2002-08-21 00:00:00
IL,HANOVER POLICE DEPT,1005-00-726-5655,"PISTOL,CALIBER .45,AUTOMATIC",1,Each,58.71,D,1,2002-09-19 00:00:00
IL,HARDIN COUNTY SHERIFFS DEPT,1005-00-589-1271,"RIFLE,7.62 MILLIMETER",1,Each,138,D,1,2004-12-20 00:00:00
IL,HARDIN COUNTY SHERIFFS DEPT,1005-00-726-5655,"PISTOL,CALIBER .45,AUTOMATIC",1,Each,58.71,D,1,2010-06-15 00:00:00
IL,HARDIN COUNTY SHERIFFS DEPT,1005-01-094-7045,"REVOLVER,CALIBER .38 SPECIAL",1,Each,89.57,D,1,2005-01-07 00:00:00
IL,HARDIN COUNTY SHERIFFS DEPT,1005-01-094-7045,"REVOLVER,CALIBER .38 SPECIAL",1,Each,89.57,D,1,2005-01-07 00:00:00
IL,HARDIN COUNTY SHERIFFS DEPT,1005-00-726-5655,"PISTOL,CALIBER .45,AUTOMATIC",1,Each,58.71,D,1,2007-06-21 00:00:00
IL,HARDIN COUNTY SHERIFFS DEPT,1005-00-073-9421,"RIFLE,5.56 MILLIMETER",1,Each,499,D,1,2012-11-20 00:00:00
IL,HARDIN COUNTY SHERIFFS DEPT,1005-01-094-7045,"REVOLVER,CALIBER .38 SPECIAL",1,Each,89.57,D,1,2005-01-07 00:00:00
IL,HARDIN COUNTY SHERIFFS DEPT,1005-00-589-1271,"RIFLE,7.62 MILLIMETER",1,Each,138,D,1,2010-06-15 00:00:00
IL,HARDIN COUNTY SHERIFFS DEPT,1005-00-073-9421,"RIFLE,5.56 MILLIMETER",1,Each,499,D,1,2004-12-23 00:00:00
IL,HARDIN COUNTY SHERIFFS DEPT,1005-00-073-9421,"RIFLE,5.56 MILLIMETER",1,Each,499,D,1,2012-11-20 00:00:00
IL,HARDIN COUNTY SHERIFFS DEPT,2320-01-380-8604,"TRUCK,UTILITY",1,Each,81226,C,1,2013-05-16 00:00:00
IL,HARDIN COUNTY SHERIFFS DEPT,2320-01-107-7153,"TRUCK,UTILITY",1,Each,63894,C,1,2013-03-18 00:00:00
IL,HARDIN COUNTY SHERIFFS DEPT,1005-00-073-9421,"RIFLE,5.56 MILLIMETER",1,Each,499,D,1,2012-11-20 00:00:00
IL,HARDIN COUNTY SHERIFFS DEPT,1005-00-856-6885,"RIFLE,5.56 MILLIMETER",1,Each,120,D,1,2010-06-15 00:00:00
IL,HARDIN COUNTY SHERIFFS DEPT,2320-01-128-9551,"TRUCK,UTILITY",1,Each,50458,C,1,2013-04-09 00:00:00
IL,HARRISBURG POLICE DEPT,2320-01-107-7155,"TRUCK,UTILITY",1,Each,41061,Q,6,2013-01-08 00:00:00
IL,HARRISBURG POLICE DEPT,2320-01-107-7153,"TRUCK,UTILITY",1,Each,63894,C,1,2013-01-22 00:00:00
IL,HARRISBURG POLICE DEPT,2320-01-107-7153,"TRUCK,UTILITY",1,Each,63894,C,1,2012-07-03 00:00:00
IL,HARRISBURG POLICE DEPT,2320-01-107-7155,"TRUCK,UTILITY",1,Each,41061,Q,6,2013-01-08 00:00:00
IL,HARVEY POLICE DEPT,1005-00-589-1271,"RIFLE,7.62 MILLIMETER",1,Each,138,D,1,1994-02-02 00:00:00
IL,HARVEY POLICE DEPT,1005-00-589-1271,"RIFLE,7.62 MILLIMETER",1,Each,138,D,1,1994-02-02 00:00:00
IL,HARVEY POLICE DEPT,1005-00-589-1271,"RIFLE,7.62 MILLIMETER",1,Each,138,D,1,1994-02-02 00:00:00
IL,HARVEY POLICE DEPT,1005-00-589-1271,"RIFLE,7.62 MILLIMETER",1,Each,138,D,1,1994-02-02 00:00:00
IL,HARVEY POLICE DEPT,1005-00-589-1271,"RIFLE,7.62 MILLIMETER",1,Each,138,D,1,1994-02-02 00:00:00
IL,HAWTHORN WOODS POLICE DEPT,2320-01-128-9551,"TRUCK,UTILITY",1,Each,50458,C,1,2012-08-06 00:00:00
IL,HENDERSON COUNTY SHERIFF DEPT,1005-00-589-1271,"RIFLE,7.62 MILLIMETER",1,Each,138,D,1,2000-12-18 00:00:00
IL,HENDERSON COUNTY SHERIFF DEPT,1005-00-589-1271,"RIFLE,7.62 MILLIMETER",1,Each,138,D,1,2000-12-18 00:00:00
IL,HENRY POLICE DEPT,1005-00-073-9421,"RIFLE,5.56 MILLIMETER",1,Each,499,D,1,2005-03-28 00:00:00
IL,HENRY POLICE DEPT,1005-01-094-7045,"REVOLVER,CALIBER .38 SPECIAL",1,Each,89.57,D,1,2005-04-04 00:00:00
IL,HENRY POLICE DEPT,1005-00-726-5655,"PISTOL,CALIBER .45,AUTOMATIC",1,Each,58.71,D,1,2005-04-04 00:00:00
IL,HENRY POLICE DEPT,1005-00-921-5483,"SHOTGUN,12 GAGE,RIOT TYPE",1,Each,108,D,1,2005-04-04 00:00:00
IL,HENRY POLICE DEPT,1005-01-094-7045,"REVOLVER,CALIBER .38 SPECIAL",1,Each,89.57,D,1,2005-04-04 00:00:00
IL,HENRY POLICE DEPT,1005-00-726-5655,"PISTOL,CALIBER .45,AUTOMATIC",1,Each,58.71,D,1,2005-04-04 00:00:00
IL,HENRY POLICE DEPT,1005-00-921-5483,"SHOTGUN,12 GAGE,RIOT TYPE",1,Each,108,D,1,2005-04-04 00:00:00
IL,HENRY POLICE DEPT,1005-00-726-5655,"PISTOL,CALIBER .45,AUTOMATIC",1,Each,58.71,D,1,2005-04-04 00:00:00
IL,HENRY POLICE DEPT,1005-01-094-7045,"REVOLVER,CALIBER .38 SPECIAL",1,Each,89.57,D,1,2005-04-04 00:00:00
IL,HENRY POLICE DEPT,1005-01-094-7045,"REVOLVER,CALIBER .38 SPECIAL",1,Each,89.57,D,1,2005-04-04 00:00:00
IL,HENRY POLICE DEPT,1005-00-726-5655,"PISTOL,CALIBER .45,AUTOMATIC",1,Each,58.71,D,1,2005-04-04 00:00:00
IL,HERRIN POLICE DEPT,1005-00-856-6885,"RIFLE,5.56 MILLIMETER",1,Each,120,D,1,2009-08-14 00:00:00
IL,HERRIN POLICE DEPT,1005-00-589-1271,"RIFLE,7.62 MILLIMETER",1,Each,138,D,1,2009-08-14 00:00:00
IL,HERRIN POLICE DEPT,1005-00-589-1271,"RIFLE,7.62 MILLIMETER",1,Each,138,D,1,2009-08-14 00:00:00
IL,HERRIN POLICE DEPT,1005-00-677-9150,"SHOTGUN,12 GAGE,RIOT TYPE",1,Each,72.1,D,1,2009-08-14 00:00:00
IL,HERRIN POLICE DEPT,1005-00-856-6885,"RIFLE,5.56 MILLIMETER",1,Each,120,D,1,2009-08-14 00:00:00
IL,HERRIN POLICE DEPT,1005-00-589-1271,"RIFLE,7.62 MILLIMETER",1,Each,138,D,1,2009-08-14 00:00:00
IL,HERRIN POLICE DEPT,1005-00-677-9150,"SHOTGUN,12 GAGE,RIOT TYPE",1,Each,72.1,D,1,2009-08-14 00:00:00
IL,HERRIN POLICE DEPT,1005-00-677-9150,"SHOTGUN,12 GAGE,RIOT TYPE",1,Each,72.1,D,1,2009-08-14 00:00:00
IL,HERRIN POLICE DEPT,1005-00-856-6885,"RIFLE,5.56 MILLIMETER",1,Each,120,D,1,2009-08-14 00:00:00
IL,HIGHLAND POLICE DEPT,1005-00-073-9421,"RIFLE,5.56 MILLIMETER",1,Each,499,D,1,2008-05-28 00:00:00
IL,HIGHLAND POLICE DEPT,1005-00-073-9421,"RIFLE,5.56 MILLIMETER",1,Each,499,D,1,2008-05-28 00:00:00
IL,HIGHLAND POLICE DEPT,1005-00-073-9421,"RIFLE,5.56 MILLIMETER",1,Each,499,D,1,2008-05-28 00:00:00
IL,HIGHLAND POLICE DEPT,1005-00-073-9421,"RIFLE,5.56 MILLIMETER",1,Each,499,D,1,2008-05-28 00:00:00
IL,HILLSBORO POLICE DEPT,1005-00-589-1271,"RIFLE,7.62 MILLIMETER",1,Each,138,D,1,1999-12-28 00:00:00
IL,HILLSBORO POLICE DEPT,1005-00-589-1271,"RIFLE,7.62 MILLIMETER",1,Each,138,D,1,1999-12-28 00:00:00
IL,HILLSIDE POLICE DEPT,2320-01-107-7153,"TRUCK,UTILITY",1,Each,63894,C,1,2012-08-02 00:00:00
IL,HILLSIDE POLICE DEPT,1005-00-073-9421,"RIFLE,5.56 MILLIMETER",1,Each,499,D,1,2006-08-07 00:00:00
IL,HILLSIDE POLICE DEPT,1005-00-073-9421,"RIFLE,5.56 MILLIMETER",1,Each,499,D,1,2006-08-07 00:00:00
IL,HILLSIDE POLICE DEPT,1005-00-073-9421,"RIFLE,5.56 MILLIMETER",1,Each,499,D,1,2006-08-07 00:00:00
IL,HILLSIDE POLICE DEPT,1005-00-073-9421,"RIFLE,5.56 MILLIMETER",1,Each,499,D,1,2006-08-07 00:00:00
IL,HILLSIDE POLICE DEPT,1005-00-073-9421,"RIFLE,5.56 MILLIMETER",1,Each,499,D,1,2006-08-07 00:00:00
IL,HILLSIDE POLICE DEPT,1005-00-073-9421,"RIFLE,5.56 MILLIMETER",1,Each,499,D,1,2006-08-07 00:00:00
IL,HILLSIDE POLICE DEPT,2320-01-107-7155,"TRUCK,UTILITY",1,Each,41061,Q,6,2012-07-16 00:00:00
IL,HINCKLEY POLICE DEPT,2320-01-107-7153,"TRUCK,UTILITY",1,Each,63894,C,1,2012-02-21 00:00:00
IL,HINSDALE POLICE DEPT,1005-00-589-1271,"RIFLE,7.62 MILLIMETER",1,Each,138,D,1,2009-03-03 00:00:00
IL,HINSDALE POLICE DEPT,1005-00-073-9421,"RIFLE,5.56 MILLIMETER",1,Each,499,D,1,2007-06-20 00:00:00
IL,HINSDALE POLICE DEPT,1005-00-073-9421,"RIFLE,5.56 MILLIMETER",1,Each,499,D,1,2007-06-20 00:00:00
IL,HINSDALE POLICE DEPT,1005-00-073-9421,"RIFLE,5.56 MILLIMETER",1,Each,499,D,1,2007-06-20 00:00:00
IL,HINSDALE POLICE DEPT,1005-00-073-9421,"RIFLE,5.56 MILLIMETER",1,Each,499,D,1,2007-06-20 00:00:00
IL,HINSDALE POLICE DEPT,1005-00-073-9421,"RIFLE,5.56 MILLIMETER",1,Each,499,D,1,2007-06-20 00:00:00
IL,HOMEWOOD POLICE DEPT,1005-00-073-9421,"RIFLE,5.56 MILLIMETER",1,Each,499,D,1,2006-07-20 00:00:00
IL,HOMEWOOD POLICE DEPT,1005-00-073-9421,"RIFLE,5.56 MILLIMETER",1,Each,499,D,1,2006-07-20 00:00:00
IL,HOMEWOOD POLICE DEPT,1005-00-073-9421,"RIFLE,5.56 MILLIMETER",1,Each,499,D,1,2006-07-20 00:00:00
IL,HOMEWOOD POLICE DEPT,1005-00-073-9421,"RIFLE,5.56 MILLIMETER",1,Each,499,D,1,2006-07-20 00:00:00
IL,HOMEWOOD POLICE DEPT,1005-00-073-9421,"RIFLE,5.56 MILLIMETER",1,Each,499,D,1,2006-07-20 00:00:00
IL,HOMEWOOD POLICE DEPT,1005-00-073-9421,"RIFLE,5.56 MILLIMETER",1,Each,499,D,1,2006-07-20 00:00:00
IL,HOMEWOOD POLICE DEPT,1005-00-073-9421,"RIFLE,5.56 MILLIMETER",1,Each,499,D,1,2006-07-20 00:00:00
IL,HUTSONVILLE POLICE DEPT,1005-00-726-5655,"PISTOL,CALIBER .45,AUTOMATIC",1,Each,58.71,D,1,2012-02-08 00:00:00
IL,HUTSONVILLE POLICE DEPT,1005-00-726-5655,"PISTOL,CALIBER .45,AUTOMATIC",1,Each,58.71,D,1,2012-02-08 00:00:00
IL,HUTSONVILLE POLICE DEPT,1005-00-726-5655,"PISTOL,CALIBER .45,AUTOMATIC",1,Each,58.71,D,1,2012-02-08 00:00:00
IL,HUTSONVILLE POLICE DEPT,1005-00-856-6885,"RIFLE,5.56 MILLIMETER",1,Each,120,D,1,2012-02-07 00:00:00
IL,IL DNR LAW ENFORCEMENT,1005-00-073-9421,"RIFLE,5.56 MILLIMETER",1,Each,499,D,1,2005-11-28 00:00:00
IL,IL DNR LAW ENFORCEMENT,1005-00-073-9421,"RIFLE,5.56 MILLIMETER",1,Each,499,D,1,2012-04-05 00:00:00
IL,IL DNR LAW ENFORCEMENT,1005-00-073-9421,"RIFLE,5.56 MILLIMETER",1,Each,499,D,1,2005-08-23 00:00:00
IL,IL DNR LAW ENFORCEMENT,1005-00-073-9421,"RIFLE,5.56 MILLIMETER",1,Each,499,D,1,2012-04-05 00:00:00
IL,IL DNR LAW ENFORCEMENT,1005-00-589-1271,"RIFLE,7.62 MILLIMETER",1,Each,138,D,1,2005-04-05 00:00:00
IL,IL DNR LAW ENFORCEMENT,1005-00-073-9421,"RIFLE,5.56 MILLIMETER",1,Each,499,D,1,2005-04-05 00:00:00
IL,IL DNR LAW ENFORCEMENT,1005-00-073-9421,"RIFLE,5.56 MILLIMETER",1,Each,499,D,1,2005-04-05 00:00:00
IL,IL DNR LAW ENFORCEMENT,1005-00-073-9421,"RIFLE,5.56 MILLIMETER",1,Each,499,D,1,2005-04-05 00:00:00
IL,IL DNR LAW ENFORCEMENT,1005-00-073-9421,"RIFLE,5.56 MILLIMETER",1,Each,499,D,1,2005-11-28 00:00:00
IL,IL DNR LAW ENFORCEMENT,1005-00-073-9421,"RIFLE,5.56 MILLIMETER",1,Each,499,D,1,2005-11-28 00:00:00
IL,IL DNR LAW ENFORCEMENT,1005-00-073-9421,"RIFLE,5.56 MILLIMETER",1,Each,499,D,1,2005-11-29 00:00:00
IL,IL DNR LAW ENFORCEMENT,1005-00-073-9421,"RIFLE,5.56 MILLIMETER",1,Each,499,D,1,2005-11-28 00:00:00
IL,IL DNR LAW ENFORCEMENT,1005-00-073-9421,"RIFLE,5.56 MILLIMETER",1,Each,499,D,1,2012-04-05 00:00:00
IL,IL DNR LAW ENFORCEMENT,1005-00-073-9421,"RIFLE,5.56 MILLIMETER",1,Each,499,D,1,2004-06-29 00:00:00
IL,IL DNR LAW ENFORCEMENT,1005-00-073-9421,"RIFLE,5.56 MILLIMETER",1,Each,499,D,1,2005-04-05 00:00:00
IL,IL DNR LAW ENFORCEMENT,1005-00-073-9421,"RIFLE,5.56 MILLIMETER",1,Each,499,D,1,2005-08-23 00:00:00
IL,IL DNR LAW ENFORCEMENT,1005-00-073-9421,"RIFLE,5.56 MILLIMETER",1,Each,499,D,1,2005-11-28 00:00:00
IL,IL DNR LAW ENFORCEMENT,1005-00-073-9421,"RIFLE,5.56 MILLIMETER",1,Each,499,D,1,2005-11-28 00:00:00
IL,IL DNR LAW ENFORCEMENT,1005-00-073-9421,"RIFLE,5.56 MILLIMETER",1,Each,499,D,1,2005-04-05 00:00:00
IL,IL DNR LAW ENFORCEMENT,1005-00-073-9421,"RIFLE,5.56 MILLIMETER",1,Each,499,D,1,2012-04-05 00:00:00
IL,IL DNR LAW ENFORCEMENT,1005-00-073-9421,"RIFLE,5.56 MILLIMETER",1,Each,499,D,1,2012-04-05 00:00:00
IL,IL DNR LAW ENFORCEMENT,1005-00-073-9421,"RIFLE,5.56 MILLIMETER",1,Each,499,D,1,2012-04-05 00:00:00
IL,IL DNR LAW ENFORCEMENT,1005-00-073-9421,"RIFLE,5.56 MILLIMETER",1,Each,499,D,1,2012-04-05 00:00:00
IL,IL DNR LAW ENFORCEMENT,1005-00-073-9421,"RIFLE,5.56 MILLIMETER",1,Each,499,D,1,2005-04-05 00:00:00
IL,IL DNR LAW ENFORCEMENT,1005-00-589-1271,"RIFLE,7.62 MILLIMETER",1,Each,138,D,1,2003-08-05 00:00:00
IL,IL DNR LAW ENFORCEMENT,1005-00-856-6885,"RIFLE,5.56 MILLIMETER",1,Each,120,D,1,2010-01-28 00:00:00
IL,IL DNR LAW ENFORCEMENT,1005-00-856-6885,"RIFLE,5.56 MILLIMETER",1,Each,120,D,1,2010-01-28 00:00:00
IL,IL DNR LAW ENFORCEMENT,1005-00-589-1271,"RIFLE,7.62 MILLIMETER",1,Each,138,D,1,2003-08-06 00:00:00
IL,IL DNR LAW ENFORCEMENT,1005-00-589-1271,"RIFLE,7.62 MILLIMETER",1,Each,138,D,1,2003-08-05 00:00:00
IL,IL DNR LAW ENFORCEMENT,1005-00-589-1271,"RIFLE,7.62 MILLIMETER",1,Each,138,D,1,2003-08-06 00:00:00
IL,IL DNR LAW ENFORCEMENT,1005-00-073-9421,"RIFLE,5.56 MILLIMETER",1,Each,499,D,1,2012-04-05 00:00:00
IL,IL DNR LAW ENFORCEMENT,1005-00-073-9421,"RIFLE,5.56 MILLIMETER",1,Each,499,D,1,2004-06-29 00:00:00
IL,IL DNR LAW ENFORCEMENT,1005-00-073-9421,"RIFLE,5.56 MILLIMETER",1,Each,499,D,1,2005-11-28 00:00:00
IL,IL DNR LAW ENFORCEMENT,1005-00-073-9421,"RIFLE,5.56 MILLIMETER",1,Each,499,D,1,2005-04-05 00:00:00
IL,IL DNR LAW ENFORCEMENT,1005-00-589-1271,"RIFLE,7.62 MILLIMETER",1,Each,138,D,1,2003-08-06 00:00:00
IL,IL DNR LAW ENFORCEMENT,1005-00-589-1271,"RIFLE,7.62 MILLIMETER",1,Each,138,D,1,2003-08-06 00:00:00
IL,IL DNR LAW ENFORCEMENT,1005-00-589-1271,"RIFLE,7.62 MILLIMETER",1,Each,138,D,1,2003-08-05 00:00:00
IL,IL DNR LAW ENFORCEMENT,1005-00-589-1271,"RIFLE,7.62 MILLIMETER",1,Each,138,D,1,2003-08-06 00:00:00
IL,IL DNR LAW ENFORCEMENT,1005-00-589-1271,"RIFLE,7.62 MILLIMETER",1,Each,138,D,1,2003-08-06 00:00:00
IL,IL DNR LAW ENFORCEMENT,1005-00-589-1271,"RIFLE,7.62 MILLIMETER",1,Each,138,D,1,2003-08-06 00:00:00
IL,IL DNR LAW ENFORCEMENT,1005-00-589-1271,"RIFLE,7.62 MILLIMETER",1,Each,138,D,1,2003-08-06 00:00:00
IL,IL DNR LAW ENFORCEMENT,1005-00-589-1271,"RIFLE,7.62 MILLIMETER",1,Each,138,D,1,2003-08-05 00:00:00
IL,IL DNR LAW ENFORCEMENT,1005-00-589-1271,"RIFLE,7.62 MILLIMETER",1,Each,138,D,1,2003-08-05 00:00:00
IL,IL DNR LAW ENFORCEMENT,1005-00-856-6885,"RIFLE,5.56 MILLIMETER",1,Each,120,D,1,2010-01-28 00:00:00
IL,IL DNR LAW ENFORCEMENT,1005-00-856-6885,"RIFLE,5.56 MILLIMETER",1,Each,120,D,1,2010-01-28 00:00:00
IL,IL DNR LAW ENFORCEMENT,1005-00-856-6885,"RIFLE,5.56 MILLIMETER",1,Each,120,D,1,2010-01-28 00:00:00
IL,IL DNR LAW ENFORCEMENT,1005-00-073-9421,"RIFLE,5.56 MILLIMETER",1,Each,499,D,1,2012-04-05 00:00:00
IL,IL DNR LAW ENFORCEMENT,1005-00-073-9421,"RIFLE,5.56 MILLIMETER",1,Each,499,D,1,2012-04-05 00:00:00
IL,IL DNR LAW ENFORCEMENT,1005-00-073-9421,"RIFLE,5.56 MILLIMETER",1,Each,499,D,1,2012-04-05 00:00:00
IL,IL DNR LAW ENFORCEMENT,1005-00-589-1271,"RIFLE,7.62 MILLIMETER",1,Each,138,D,1,2003-08-06 00:00:00
IL,IL DNR LAW ENFORCEMENT,1005-00-589-1271,"RIFLE,7.62 MILLIMETER",1,Each,138,D,1,2003-08-06 00:00:00
IL,IL DNR LAW ENFORCEMENT,1005-00-589-1271,"RIFLE,7.62 MILLIMETER",1,Each,138,D,1,2003-08-06 00:00:00
IL,IL DNR LAW ENFORCEMENT,1005-00-589-1271,"RIFLE,7.62 MILLIMETER",1,Each,138,D,1,2003-08-05 00:00:00
IL,IL DNR LAW ENFORCEMENT,1005-00-073-9421,"RIFLE,5.56 MILLIMETER",1,Each,499,D,1,2012-04-05 00:00:00
IL,IL DNR LAW ENFORCEMENT,1005-00-073-9421,"RIFLE,5.56 MILLIMETER",1,Each,499,D,1,2012-04-05 00:00:00
IL,IL DNR LAW ENFORCEMENT,1005-00-589-1271,"RIFLE,7.62 MILLIMETER",1,Each,138,D,1,2003-08-06 00:00:00
IL,IL DNR LAW ENFORCEMENT,1005-00-073-9421,"RIFLE,5.56 MILLIMETER",1,Each,499,D,1,2012-04-05 00:00:00
IL,IL DNR LAW ENFORCEMENT,1005-00-589-1271,"RIFLE,7.62 MILLIMETER",1,Each,138,D,1,2003-08-06 00:00:00
IL,IL DNR LAW ENFORCEMENT,1005-00-073-9421,"RIFLE,5.56 MILLIMETER",1,Each,499,D,1,2012-04-05 00:00:00
IL,IL DNR LAW ENFORCEMENT,1005-00-073-9421,"RIFLE,5.56 MILLIMETER",1,Each,499,D,1,2012-04-05 00:00:00
IL,IL DNR LAW ENFORCEMENT,1005-00-589-1271,"RIFLE,7.62 MILLIMETER",1,Each,138,D,1,2003-08-06 00:00:00
IL,IL DNR LAW ENFORCEMENT,1005-00-073-9421,"RIFLE,5.56 MILLIMETER",1,Each,499,D,1,2005-04-05 00:00:00
IL,IL DNR LAW ENFORCEMENT,1005-00-073-9421,"RIFLE,5.56 MILLIMETER",1,Each,499,D,1,2005-04-05 00:00:00
IL,IL DNR LAW ENFORCEMENT,1005-00-073-9421,"RIFLE,5.56 MILLIMETER",1,Each,499,D,1,2012-04-05 00:00:00
IL,IL DNR LAW ENFORCEMENT,1005-00-589-1271,"RIFLE,7.62 MILLIMETER",1,Each,138,D,1,2003-08-05 00:00:00
IL,IL DNR LAW ENFORCEMENT,1005-00-073-9421,"RIFLE,5.56 MILLIMETER",1,Each,499,D,1,2005-04-05 00:00:00
IL,IL DNR LAW ENFORCEMENT,1005-00-073-9421,"RIFLE,5.56 MILLIMETER",1,Each,499,D,1,2005-04-05 00:00:00
IL,IL DNR LAW ENFORCEMENT,1005-00-073-9421,"RIFLE,5.56 MILLIMETER",1,Each,499,D,1,2012-04-05 00:00:00
IL,IL DNR LAW ENFORCEMENT,1005-00-856-6885,"RIFLE,5.56 MILLIMETER",1,Each,120,D,1,2010-01-28 00:00:00
IL,IL DNR LAW ENFORCEMENT,1005-00-856-6885,"RIFLE,5.56 MILLIMETER",1,Each,120,D,1,2010-01-28 00:00:00
IL,IL DNR LAW ENFORCEMENT,1005-00-856-6885,"RIFLE,5.56 MILLIMETER",1,Each,120,D,1,2010-01-28 00:00:00
IL,IL DNR LAW ENFORCEMENT,1005-00-856-6885,"RIFLE,5.56 MILLIMETER",1,Each,120,D,1,2010-01-28 00:00:00
IL,IL DNR LAW ENFORCEMENT,1005-00-856-6885,"RIFLE,5.56 MILLIMETER",1,Each,120,D,1,2010-01-28 00:00:00
IL,IL DNR LAW ENFORCEMENT,1005-00-856-6885,"RIFLE,5.56 MILLIMETER",1,Each,120,D,1,2010-01-28 00:00:00
IL,IL DNR LAW ENFORCEMENT,1005-00-856-6885,"RIFLE,5.56 MILLIMETER",1,Each,120,D,1,2010-01-28 00:00:00
IL,IL DNR LAW ENFORCEMENT,1005-00-856-6885,"RIFLE,5.56 MILLIMETER",1,Each,120,D,1,2010-01-28 00:00:00
IL,IL DNR LAW ENFORCEMENT,1005-00-856-6885,"RIFLE,5.56 MILLIMETER",1,Each,120,D,1,2010-01-28 00:00:00
IL,IL DNR LAW ENFORCEMENT,1005-00-856-6885,"RIFLE,5.56 MILLIMETER",1,Each,120,D,1,2010-01-28 00:00:00
IL,IL DNR LAW ENFORCEMENT,1005-00-856-6885,"RIFLE,5.56 MILLIMETER",1,Each,120,D,1,2010-01-28 00:00:00
IL,IL DNR LAW ENFORCEMENT,1005-00-856-6885,"RIFLE,5.56 MILLIMETER",1,Each,120,D,1,2010-01-28 00:00:00
IL,IL DNR LAW ENFORCEMENT,1005-00-856-6885,"RIFLE,5.56 MILLIMETER",1,Each,120,D,1,2010-01-28 00:00:00
IL,IL DNR LAW ENFORCEMENT,1005-00-856-6885,"RIFLE,5.56 MILLIMETER",1,Each,120,D,1,2010-01-28 00:00:00
IL,IL DNR LAW ENFORCEMENT,1005-00-856-6885,"RIFLE,5.56 MILLIMETER",1,Each,120,D,1,2010-01-28 00:00:00
IL,IL DNR LAW ENFORCEMENT,1005-00-856-6885,"RIFLE,5.56 MILLIMETER",1,Each,120,D,1,2010-01-28 00:00:00
IL,IL DNR LAW ENFORCEMENT,1005-00-856-6885,"RIFLE,5.56 MILLIMETER",1,Each,120,D,1,2010-01-28 00:00:00
IL,IL DNR LAW ENFORCEMENT,1005-00-856-6885,"RIFLE,5.56 MILLIMETER",1,Each,120,D,1,2010-01-28 00:00:00
IL,IL DNR LAW ENFORCEMENT,1005-00-856-6885,"RIFLE,5.56 MILLIMETER",1,Each,120,D,1,2010-01-28 00:00:00
IL,IL DNR LAW ENFORCEMENT,1005-00-856-6885,"RIFLE,5.56 MILLIMETER",1,Each,120,D,1,2010-01-28 00:00:00
IL,IL DNR LAW ENFORCEMENT,1005-00-856-6885,"RIFLE,5.56 MILLIMETER",1,Each,120,D,1,2010-01-28 00:00:00
IL,IL DNR LAW ENFORCEMENT,1005-00-856-6885,"RIFLE,5.56 MILLIMETER",1,Each,120,D,1,2010-01-28 00:00:00
IL,IL DNR LAW ENFORCEMENT,1005-00-856-6885,"RIFLE,5.56 MILLIMETER",1,Each,120,D,1,2010-01-28 00:00:00
IL,IL DNR LAW ENFORCEMENT,1005-00-856-6885,"RIFLE,5.56 MILLIMETER",1,Each,120,D,1,2010-01-28 00:00:00
IL,IL DNR LAW ENFORCEMENT,1005-00-856-6885,"RIFLE,5.56 MILLIMETER",1,Each,120,D,1,2010-01-28 00:00:00
IL,IL DNR LAW ENFORCEMENT,1005-00-856-6885,"RIFLE,5.56 MILLIMETER",1,Each,120,D,1,2010-01-28 00:00:00
IL,IL DNR LAW ENFORCEMENT,1005-00-856-6885,"RIFLE,5.56 MILLIMETER",1,Each,120,D,1,2010-01-28 00:00:00
IL,IL DNR LAW ENFORCEMENT,1005-00-856-6885,"RIFLE,5.56 MILLIMETER",1,Each,120,D,1,2010-01-28 00:00:00
IL,IL DNR LAW ENFORCEMENT,1005-00-073-9421,"RIFLE,5.56 MILLIMETER",1,Each,499,D,1,2012-04-05 00:00:00
IL,IL DNR LAW ENFORCEMENT,1005-00-073-9421,"RIFLE,5.56 MILLIMETER",1,Each,499,D,1,2012-04-05 00:00:00
IL,IL DNR LAW ENFORCEMENT,1005-00-856-6885,"RIFLE,5.56 MILLIMETER",1,Each,120,D,1,2010-01-28 00:00:00
IL,IL DNR LAW ENFORCEMENT,1005-00-856-6885,"RIFLE,5.56 MILLIMETER",1,Each,120,D,1,2010-01-28 00:00:00
IL,IL DNR LAW ENFORCEMENT,1005-00-856-6885,"RIFLE,5.56 MILLIMETER",1,Each,120,D,1,2010-01-28 00:00:00
IL,IL DNR LAW ENFORCEMENT,1005-00-856-6885,"RIFLE,5.56 MILLIMETER",1,Each,120,D,1,2010-01-28 00:00:00
IL,IL DNR LAW ENFORCEMENT,1005-00-856-6885,"RIFLE,5.56 MILLIMETER",1,Each,120,D,1,2010-01-28 00:00:00
IL,IL DNR LAW ENFORCEMENT,1005-00-856-6885,"RIFLE,5.56 MILLIMETER",1,Each,120,D,1,2010-01-28 00:00:00
IL,IL DNR LAW ENFORCEMENT,1005-00-856-6885,"RIFLE,5.56 MILLIMETER",1,Each,120,D,1,2010-01-28 00:00:00
IL,IL DNR LAW ENFORCEMENT,1005-00-856-6885,"RIFLE,5.56 MILLIMETER",1,Each,120,D,1,2010-01-28 00:00:00
IL,IL DNR LAW ENFORCEMENT,1005-00-856-6885,"RIFLE,5.56 MILLIMETER",1,Each,120,D,1,2010-01-28 00:00:00
IL,IL DNR LAW ENFORCEMENT,1005-00-073-9421,"RIFLE,5.56 MILLIMETER",1,Each,499,D,1,2012-04-05 00:00:00
IL,IL DNR LAW ENFORCEMENT,1005-00-073-9421,"RIFLE,5.56 MILLIMETER",1,Each,499,D,1,2012-04-05 00:00:00
IL,IL DNR LAW ENFORCEMENT,1005-00-073-9421,"RIFLE,5.56 MILLIMETER",1,Each,499,D,1,2005-11-29 00:00:00
IL,IL DNR LAW ENFORCEMENT,1005-00-073-9421,"RIFLE,5.56 MILLIMETER",1,Each,499,D,1,2012-04-05 00:00:00
IL,IL DNR LAW ENFORCEMENT,1005-00-073-9421,"RIFLE,5.56 MILLIMETER",1,Each,499,D,1,2012-04-05 00:00:00
IL,IL DNR LAW ENFORCEMENT,1005-00-073-9421,"RIFLE,5.56 MILLIMETER",1,Each,499,D,1,2005-04-05 00:00:00
IL,IL DNR LAW ENFORCEMENT,1005-00-073-9421,"RIFLE,5.56 MILLIMETER",1,Each,499,D,1,2005-04-05 00:00:00
IL,IL DNR LAW ENFORCEMENT,1005-00-073-9421,"RIFLE,5.56 MILLIMETER",1,Each,499,D,1,2012-04-05 00:00:00
IL,IL DNR LAW ENFORCEMENT,1005-00-073-9421,"RIFLE,5.56 MILLIMETER",1,Each,499,D,1,2012-04-05 00:00:00
IL,IL DNR LAW ENFORCEMENT,1005-00-073-9421,"RIFLE,5.56 MILLIMETER",1,Each,499,D,1,2005-04-05 00:00:00
IL,IL DNR LAW ENFORCEMENT,1005-00-073-9421,"RIFLE,5.56 MILLIMETER",1,Each,499,D,1,2005-04-05 00:00:00
IL,IL DNR LAW ENFORCEMENT,1005-00-073-9421,"RIFLE,5.56 MILLIMETER",1,Each,499,D,1,2005-04-05 00:00:00
IL,IL DNR LAW ENFORCEMENT,1005-00-073-9421,"RIFLE,5.56 MILLIMETER",1,Each,499,D,1,2005-04-05 00:00:00
IL,IL DNR LAW ENFORCEMENT,1005-00-073-9421,"RIFLE,5.56 MILLIMETER",1,Each,499,D,1,2005-04-05 00:00:00
IL,IL DNR LAW ENFORCEMENT,1005-00-073-9421,"RIFLE,5.56 MILLIMETER",1,Each,499,D,1,2005-04-05 00:00:00
IL,IL DNR LAW ENFORCEMENT,1005-00-073-9421,"RIFLE,5.56 MILLIMETER",1,Each,499,D,1,2005-04-05 00:00:00
IL,IL DNR LAW ENFORCEMENT,1005-00-073-9421,"RIFLE,5.56 MILLIMETER",1,Each,499,D,1,2005-04-05 00:00:00
IL,IL DNR LAW ENFORCEMENT,1005-00-073-9421,"RIFLE,5.56 MILLIMETER",1,Each,499,D,1,2005-04-05 00:00:00
IL,IL DNR LAW ENFORCEMENT,1005-00-073-9421,"RIFLE,5.56 MILLIMETER",1,Each,499,D,1,2012-04-05 00:00:00
IL,IL DNR LAW ENFORCEMENT,1005-00-073-9421,"RIFLE,5.56 MILLIMETER",1,Each,499,D,1,2012-04-05 00:00:00
IL,IL DNR LAW ENFORCEMENT,1005-00-073-9421,"RIFLE,5.56 MILLIMETER",1,Each,499,D,1,2012-04-05 00:00:00
IL,IL DNR LAW ENFORCEMENT,1005-00-073-9421,"RIFLE,5.56 MILLIMETER",1,Each,499,D,1,2005-04-05 00:00:00
IL,IL DNR LAW ENFORCEMENT,1005-00-073-9421,"RIFLE,5.56 MILLIMETER",1,Each,499,D,1,2012-04-05 00:00:00
IL,IL DNR LAW ENFORCEMENT,1005-00-589-1271,"RIFLE,7.62 MILLIMETER",1,Each,138,D,1,2003-08-06 00:00:00
IL,IL DNR LAW ENFORCEMENT,1005-00-073-9421,"RIFLE,5.56 MILLIMETER",1,Each,499,D,1,2012-04-05 00:00:00
IL,IL DNR LAW ENFORCEMENT,1005-00-073-9421,"RIFLE,5.56 MILLIMETER",1,Each,499,D,1,2012-04-05 00:00:00
IL,IL DNR LAW ENFORCEMENT,1005-00-589-1271,"RIFLE,7.62 MILLIMETER",1,Each,138,D,1,2003-08-06 00:00:00
IL,IL DNR LAW ENFORCEMENT,1005-00-073-9421,"RIFLE,5.56 MILLIMETER",1,Each,499,D,1,2012-04-05 00:00:00
IL,IL DNR LAW ENFORCEMENT,1005-00-589-1271,"RIFLE,7.62 MILLIMETER",1,Each,138,D,1,2003-08-06 00:00:00
IL,IL DNR LAW ENFORCEMENT,1005-00-073-9421,"RIFLE,5.56 MILLIMETER",1,Each,499,D,1,2012-04-05 00:00:00
IL,IL DNR LAW ENFORCEMENT,1005-00-073-9421,"RIFLE,5.56 MILLIMETER",1,Each,499,D,1,2012-04-05 00:00:00
IL,IL DNR LAW ENFORCEMENT,1005-00-073-9421,"RIFLE,5.56 MILLIMETER",1,Each,499,D,1,2005-11-28 00:00:00
IL,IL DNR LAW ENFORCEMENT,1005-00-073-9421,"RIFLE,5.56 MILLIMETER",1,Each,499,D,1,2005-08-23 00:00:00
IL,IL DNR LAW ENFORCEMENT,1005-00-073-9421,"RIFLE,5.56 MILLIMETER",1,Each,499,D,1,2005-04-05 00:00:00
IL,IL DNR LAW ENFORCEMENT,1005-00-589-1271,"RIFLE,7.62 MILLIMETER",1,Each,138,D,1,2003-08-06 00:00:00
IL,IL DNR LAW ENFORCEMENT,1005-00-589-1271,"RIFLE,7.62 MILLIMETER",1,Each,138,D,1,2005-04-05 00:00:00
IL,IL DNR LAW ENFORCEMENT,1005-00-073-9421,"RIFLE,5.56 MILLIMETER",1,Each,499,D,1,2005-08-23 00:00:00
IL,IL DNR LAW ENFORCEMENT,1005-00-073-9421,"RIFLE,5.56 MILLIMETER",1,Each,499,D,1,2012-04-05 00:00:00
IL,IL DNR LAW ENFORCEMENT,1005-00-073-9421,"RIFLE,5.56 MILLIMETER",1,Each,499,D,1,2012-04-05 00:00:00
IL,IL DNR LAW ENFORCEMENT,1005-00-589-1271,"RIFLE,7.62 MILLIMETER",1,Each,138,D,1,2003-08-05 00:00:00
IL,IL DNR LAW ENFORCEMENT,1005-00-073-9421,"RIFLE,5.56 MILLIMETER",1,Each,499,D,1,2012-04-05 00:00:00
IL,IL DNR LAW ENFORCEMENT,1005-00-073-9421,"RIFLE,5.56 MILLIMETER",1,Each,499,D,1,2005-04-05 00:00:00
IL,IL DNR LAW ENFORCEMENT,1005-00-073-9421,"RIFLE,5.56 MILLIMETER",1,Each,499,D,1,2005-04-05 00:00:00
IL,IL DNR LAW ENFORCEMENT,1005-00-073-9421,"RIFLE,5.56 MILLIMETER",1,Each,499,D,1,2005-04-05 00:00:00
IL,IL DNR LAW ENFORCEMENT,1005-00-073-9421,"RIFLE,5.56 MILLIMETER",1,Each,499,D,1,2012-04-05 00:00:00
IL,IL DNR LAW ENFORCEMENT,1005-00-073-9421,"RIFLE,5.56 MILLIMETER",1,Each,499,D,1,2012-04-05 00:00:00
IL,IL DNR LAW ENFORCEMENT,1005-00-073-9421,"RIFLE,5.56 MILLIMETER",1,Each,499,D,1,2012-04-05 00:00:00
IL,IL DNR LAW ENFORCEMENT,1005-00-073-9421,"RIFLE,5.56 MILLIMETER",1,Each,499,D,1,2012-04-05 00:00:00
IL,IL DNR LAW ENFORCEMENT,1005-00-589-1271,"RIFLE,7.62 MILLIMETER",1,Each,138,D,1,2003-08-06 00:00:00
IL,IL DNR LAW ENFORCEMENT,1005-00-073-9421,"RIFLE,5.56 MILLIMETER",1,Each,499,D,1,2012-04-05 00:00:00
IL,IL DNR LAW ENFORCEMENT,1005-00-073-9421,"RIFLE,5.56 MILLIMETER",1,Each,499,D,1,2012-04-05 00:00:00
IL,IL DNR LAW ENFORCEMENT,1005-00-589-1271,"RIFLE,7.62 MILLIMETER",1,Each,138,D,1,2003-08-06 00:00:00
IL,IL DNR LAW ENFORCEMENT,1005-00-073-9421,"RIFLE,5.56 MILLIMETER",1,Each,499,D,1,2005-04-05 00:00:00
IL,IL DNR LAW ENFORCEMENT,1005-00-073-9421,"RIFLE,5.56 MILLIMETER",1,Each,499,D,1,2012-04-05 00:00:00
IL,IL DNR LAW ENFORCEMENT,1005-00-073-9421,"RIFLE,5.56 MILLIMETER",1,Each,499,D,1,2012-04-05 00:00:00
IL,IL DNR LAW ENFORCEMENT,1005-00-073-9421,"RIFLE,5.56 MILLIMETER",1,Each,499,D,1,2012-04-05 00:00:00
IL,IL DNR LAW ENFORCEMENT,1005-00-073-9421,"RIFLE,5.56 MILLIMETER",1,Each,499,D,1,2005-04-05 00:00:00
IL,IL DNR LAW ENFORCEMENT,1005-00-589-1271,"RIFLE,7.62 MILLIMETER",1,Each,138,D,1,2003-08-06 00:00:00
IL,IL DNR LAW ENFORCEMENT,1005-00-073-9421,"RIFLE,5.56 MILLIMETER",1,Each,499,D,1,2012-04-05 00:00:00
IL,IL DNR LAW ENFORCEMENT,1005-00-073-9421,"RIFLE,5.56 MILLIMETER",1,Each,499,D,1,2012-04-05 00:00:00
IL,IL DNR LAW ENFORCEMENT,1005-00-073-9421,"RIFLE,5.56 MILLIMETER",1,Each,499,D,1,2005-04-05 00:00:00
IL,IL DNR LAW ENFORCEMENT,1005-00-589-1271,"RIFLE,7.62 MILLIMETER",1,Each,138,D,1,2003-08-05 00:00:00
IL,IL DNR LAW ENFORCEMENT,1005-00-589-1271,"RIFLE,7.62 MILLIMETER",1,Each,138,D,1,2003-08-05 00:00:00
IL,IL DNR LAW ENFORCEMENT,1005-00-073-9421,"RIFLE,5.56 MILLIMETER",1,Each,499,D,1,2005-04-05 00:00:00
IL,IL DNR LAW ENFORCEMENT,1005-00-073-9421,"RIFLE,5.56 MILLIMETER",1,Each,499,D,1,2005-04-05 00:00:00
IL,IL DNR LAW ENFORCEMENT,1005-00-073-9421,"RIFLE,5.56 MILLIMETER",1,Each,499,D,1,2005-04-05 00:00:00
IL,IL DNR LAW ENFORCEMENT,1005-00-073-9421,"RIFLE,5.56 MILLIMETER",1,Each,499,D,1,2012-04-05 00:00:00
IL,IL MULTI-COUNTY NARCOTIC GROUP,2320-01-572-1119,"TRUCK,VAN",1,Each,33082,Q,6,2014-07-01 00:00:00
IL,IL SECRETARY OF STATE POLICE,1005-00-589-1271,"RIFLE,7.62 MILLIMETER",1,Each,138,D,1,1994-04-14 00:00:00
IL,IL SECRETARY OF STATE POLICE,1005-00-589-1271,"RIFLE,7.62 MILLIMETER",1,Each,138,D,1,1994-04-14 00:00:00
IL,IL STATE POLICE DEPT,1005-00-073-9421,"RIFLE,5.56 MILLIMETER",1,Each,499,D,1,2002-09-10 00:00:00
IL,IL STATE POLICE DEPT,1005-00-073-9421,"RIFLE,5.56 MILLIMETER",1,Each,499,D,1,2002-09-10 00:00:00
IL,IL STATE POLICE DEPT,1005-00-073-9421,"RIFLE,5.56 MILLIMETER",1,Each,499,D,1,2002-09-10 00:00:00
IL,IL STATE POLICE DEPT,1005-00-073-9421,"RIFLE,5.56 MILLIMETER",1,Each,499,D,1,2002-09-10 00:00:00
IL,IL STATE POLICE DEPT,1005-00-073-9421,"RIFLE,5.56 MILLIMETER",1,Each,499,D,1,2002-09-10 00:00:00
IL,IL STATE POLICE DEPT,1005-00-073-9421,"RIFLE,5.56 MILLIMETER",1,Each,499,D,1,2006-02-08 00:00:00
IL,IL STATE POLICE DEPT,1005-00-073-9421,"RIFLE,5.56 MILLIMETER",1,Each,499,D,1,2006-02-08 00:00:00
IL,IL STATE POLICE DEPT,1005-00-073-9421,"RIFLE,5.56 MILLIMETER",1,Each,499,D,1,2002-09-10 00:00:00
IL,IL STATE POLICE DEPT,1005-00-589-1271,"RIFLE,7.62 MILLIMETER",1,Each,138,D,1,1994-05-26 00:00:00
IL,IL STATE POLICE DEPT,1005-00-073-9421,"RIFLE,5.56 MILLIMETER",1,Each,499,D,1,2006-02-08 00:00:00
IL,IL STATE POLICE DEPT,1005-00-073-9421,"RIFLE,5.56 MILLIMETER",1,Each,499,D,1,2006-02-07 00:00:00
IL,IL STATE POLICE DEPT,1005-00-073-9421,"RIFLE,5.56 MILLIMETER",1,Each,499,D,1,2002-09-10 00:00:00
IL,IL STATE POLICE DEPT,1005-00-073-9421,"RIFLE,5.56 MILLIMETER",1,Each,499,D,1,2002-09-10 00:00:00
IL,IL STATE POLICE DEPT,1005-00-589-1271,"RIFLE,7.62 MILLIMETER",1,Each,138,D,1,1994-05-26 00:00:00
IL,IL STATE POLICE DEPT,1005-00-073-9421,"RIFLE,5.56 MILLIMETER",1,Each,499,D,1,2006-02-08 00:00:00
IL,IL STATE POLICE DEPT,1005-00-073-9421,"RIFLE,5.56 MILLIMETER",1,Each,499,D,1,2006-02-08 00:00:00
IL,IL STATE POLICE DEPT,1005-00-073-9421,"RIFLE,5.56 MILLIMETER",1,Each,499,D,1,2006-02-09 00:00:00
IL,IL STATE POLICE DEPT,1005-00-073-9421,"RIFLE,5.56 MILLIMETER",1,Each,499,D,1,2006-02-08 00:00:00
IL,IL STATE POLICE DEPT,1005-00-073-9421,"RIFLE,5.56 MILLIMETER",1,Each,499,D,1,2006-02-09 00:00:00
IL,IL STATE POLICE DEPT,1005-00-073-9421,"RIFLE,5.56 MILLIMETER",1,Each,499,D,1,2002-09-10 00:00:00
IL,IL STATE POLICE DEPT,1005-00-073-9421,"RIFLE,5.56 MILLIMETER",1,Each,499,D,1,2002-09-10 00:00:00
IL,IL STATE POLICE DEPT,1005-00-073-9421,"RIFLE,5.56 MILLIMETER",1,Each,499,D,1,2002-09-10 00:00:00
IL,IL STATE POLICE DEPT,1005-00-073-9421,"RIFLE,5.56 MILLIMETER",1,Each,499,D,1,2006-02-08 00:00:00
IL,IL STATE POLICE DEPT,1005-00-073-9421,"RIFLE,5.56 MILLIMETER",1,Each,499,D,1,2006-02-09 00:00:00
IL,IL STATE POLICE DEPT,1005-00-073-9421,"RIFLE,5.56 MILLIMETER",1,Each,499,D,1,2006-02-07 00:00:00
IL,IL STATE POLICE DEPT,1005-00-073-9421,"RIFLE,5.56 MILLIMETER",1,Each,499,D,1,2002-09-10 00:00:00
IL,IL STATE POLICE DEPT,1005-00-073-9421,"RIFLE,5.56 MILLIMETER",1,Each,499,D,1,2002-09-10 00:00:00
IL,IL STATE POLICE DEPT,1005-00-073-9421,"RIFLE,5.56 MILLIMETER",1,Each,499,D,1,2006-02-07 00:00:00
IL,IL STATE POLICE DEPT,1005-00-073-9421,"RIFLE,5.56 MILLIMETER",1,Each,499,D,1,2002-09-10 00:00:00
IL,IL STATE POLICE DEPT,1005-00-073-9421,"RIFLE,5.56 MILLIMETER",1,Each,499,D,1,2006-02-08 00:00:00
IL,IL STATE POLICE DEPT,1005-00-073-9421,"RIFLE,5.56 MILLIMETER",1,Each,499,D,1,2002-09-10 00:00:00
IL,IL STATE POLICE DEPT,1005-00-073-9421,"RIFLE,5.56 MILLIMETER",1,Each,499,D,1,2006-02-08 00:00:00
IL,IL STATE POLICE DEPT,1005-00-073-9421,"RIFLE,5.56 MILLIMETER",1,Each,499,D,1,2006-02-08 00:00:00
IL,IL STATE POLICE DEPT,1005-00-073-9421,"RIFLE,5.56 MILLIMETER",1,Each,499,D,1,2006-02-08 00:00:00
IL,IL STATE POLICE DEPT,1005-00-073-9421,"RIFLE,5.56 MILLIMETER",1,Each,499,D,1,2006-02-08 00:00:00
IL,IL STATE POLICE DEPT,1005-00-073-9421,"RIFLE,5.56 MILLIMETER",1,Each,499,D,1,2006-02-09 00:00:00
IL,IL STATE POLICE DEPT,1005-00-073-9421,"RIFLE,5.56 MILLIMETER",1,Each,499,D,1,2006-02-09 00:00:00
IL,IL STATE POLICE DEPT,1005-00-073-9421,"RIFLE,5.56 MILLIMETER",1,Each,499,D,1,2006-02-09 00:00:00
IL,IL STATE POLICE DEPT,1005-00-073-9421,"RIFLE,5.56 MILLIMETER",1,Each,499,D,1,2006-02-09 00:00:00
IL,IL STATE POLICE DEPT,1005-00-073-9421,"RIFLE,5.56 MILLIMETER",1,Each,499,D,1,2006-02-09 00:00:00
IL,IL STATE POLICE DEPT,1005-00-073-9421,"RIFLE,5.56 MILLIMETER",1,Each,499,D,1,2006-02-09 00:00:00
IL,IL STATE POLICE DEPT,1005-00-073-9421,"RIFLE,5.56 MILLIMETER",1,Each,499,D,1,2002-09-10 00:00:00
IL,IL STATE POLICE DEPT,1005-00-073-9421,"RIFLE,5.56 MILLIMETER",1,Each,499,D,1,2002-09-10 00:00:00
IL,IL STATE POLICE DEPT,1005-00-073-9421,"RIFLE,5.56 MILLIMETER",1,Each,499,D,1,2002-09-10 00:00:00
IL,IL STATE POLICE DEPT,1005-00-073-9421,"RIFLE,5.56 MILLIMETER",1,Each,499,D,1,2006-02-08 00:00:00
IL,IL STATE POLICE DEPT,1005-00-589-1271,"RIFLE,7.62 MILLIMETER",1,Each,138,D,1,1994-08-18 00:00:00
IL,IL STATE POLICE DEPT,1005-00-589-1271,"RIFLE,7.62 MILLIMETER",1,Each,138,D,1,1994-05-26 00:00:00
IL,IL STATE POLICE DEPT,1005-00-073-9421,"RIFLE,5.56 MILLIMETER",1,Each,499,D,1,2006-02-08 00:00:00
IL,IL STATE POLICE DEPT,1005-00-589-1271,"RIFLE,7.62 MILLIMETER",1,Each,138,D,1,1994-05-26 00:00:00
IL,IL STATE POLICE DEPT,1005-00-589-1271,"RIFLE,7.62 MILLIMETER",1,Each,138,D,1,1994-05-26 00:00:00
IL,IL STATE POLICE DEPT,1005-00-589-1271,"RIFLE,7.62 MILLIMETER",1,Each,138,D,1,1994-05-26 00:00:00
IL,IL STATE POLICE DEPT,1005-00-589-1271,"RIFLE,7.62 MILLIMETER",1,Each,138,D,1,1994-05-26 00:00:00
IL,IL STATE POLICE DEPT,1005-00-589-1271,"RIFLE,7.62 MILLIMETER",1,Each,138,D,1,1994-05-26 00:00:00
IL,IL STATE POLICE DEPT,1005-00-073-9421,"RIFLE,5.56 MILLIMETER",1,Each,499,D,1,2006-02-09 00:00:00
IL,IL STATE POLICE DEPT,1005-00-073-9421,"RIFLE,5.56 MILLIMETER",1,Each,499,D,1,2002-09-10 00:00:00
IL,IL STATE POLICE DEPT,1005-00-073-9421,"RIFLE,5.56 MILLIMETER",1,Each,499,D,1,2002-09-10 00:00:00
IL,IL STATE POLICE DEPT,1005-00-073-9421,"RIFLE,5.56 MILLIMETER",1,Each,499,D,1,2002-09-10 00:00:00
IL,IL STATE POLICE DEPT,1005-00-073-9421,"RIFLE,5.56 MILLIMETER",1,Each,499,D,1,2002-09-10 00:00:00
IL,IL STATE POLICE DEPT,1005-00-073-9421,"RIFLE,5.56 MILLIMETER",1,Each,499,D,1,2002-09-10 00:00:00
IL,IL STATE POLICE DEPT,1005-00-073-9421,"RIFLE,5.56 MILLIMETER",1,Each,499,D,1,2002-09-10 00:00:00
IL,IL STATE POLICE DEPT,1005-00-073-9421,"RIFLE,5.56 MILLIMETER",1,Each,499,D,1,2002-09-10 00:00:00
IL,IL STATE POLICE DEPT,1005-00-073-9421,"RIFLE,5.56 MILLIMETER",1,Each,499,D,1,2002-09-10 00:00:00
IL,IL STATE POLICE DEPT,1005-00-073-9421,"RIFLE,5.56 MILLIMETER",1,Each,499,D,1,2002-09-10 00:00:00
IL,IL STATE POLICE DEPT,1005-00-073-9421,"RIFLE,5.56 MILLIMETER",1,Each,499,D,1,2002-09-10 00:00:00
IL,IL STATE POLICE DEPT,1005-00-073-9421,"RIFLE,5.56 MILLIMETER",1,Each,499,D,1,2002-09-10 00:00:00
IL,IL STATE POLICE DEPT,1005-00-073-9421,"RIFLE,5.56 MILLIMETER",1,Each,499,D,1,2002-09-10 00:00:00
IL,IL STATE POLICE DEPT,1005-00-073-9421,"RIFLE,5.56 MILLIMETER",1,Each,499,D,1,2002-09-10 00:00:00
IL,IL STATE POLICE DEPT,1005-00-073-9421,"RIFLE,5.56 MILLIMETER",1,Each,499,D,1,2002-09-10 00:00:00
IL,IL STATE POLICE DEPT,1005-00-073-9421,"RIFLE,5.56 MILLIMETER",1,Each,499,D,1,2002-09-10 00:00:00
IL,IL STATE POLICE DEPT,1005-00-073-9421,"RIFLE,5.56 MILLIMETER",1,Each,499,D,1,2002-09-10 00:00:00
IL,IL STATE POLICE DEPT,1005-00-073-9421,"RIFLE,5.56 MILLIMETER",1,Each,499,D,1,2002-09-10 00:00:00
IL,IL STATE POLICE DEPT,1005-00-073-9421,"RIFLE,5.56 MILLIMETER",1,Each,499,D,1,2002-09-10 00:00:00
IL,IL STATE POLICE DEPT,1005-00-073-9421,"RIFLE,5.56 MILLIMETER",1,Each,499,D,1,2002-09-10 00:00:00
IL,IL STATE POLICE DEPT,1005-00-589-1271,"RIFLE,7.62 MILLIMETER",1,Each,138,D,1,1994-05-26 00:00:00
IL,IL STATE POLICE DEPT,1005-00-589-1271,"RIFLE,7.62 MILLIMETER",1,Each,138,D,1,1994-05-26 00:00:00
IL,IL STATE POLICE DEPT,1005-00-073-9421,"RIFLE,5.56 MILLIMETER",1,Each,499,D,1,2006-02-09 00:00:00
IL,IL STATE POLICE DEPT,1005-00-073-9421,"RIFLE,5.56 MILLIMETER",1,Each,499,D,1,2006-02-09 00:00:00
IL,IL STATE POLICE DEPT,1005-00-073-9421,"RIFLE,5.56 MILLIMETER",1,Each,499,D,1,2006-02-09 00:00:00
IL,IL STATE POLICE DEPT,1005-00-073-9421,"RIFLE,5.56 MILLIMETER",1,Each,499,D,1,2002-09-10 00:00:00
IL,IL STATE POLICE DEPT,1005-00-589-1271,"RIFLE,7.62 MILLIMETER",1,Each,138,D,1,1994-05-26 00:00:00
IL,IL STATE POLICE DEPT,1005-00-073-9421,"RIFLE,5.56 MILLIMETER",1,Each,499,D,1,2006-02-09 00:00:00
IL,IL STATE POLICE DEPT,1005-00-073-9421,"RIFLE,5.56 MILLIMETER",1,Each,499,D,1,2006-02-08 00:00:00
IL,IL STATE POLICE DEPT,1005-00-073-9421,"RIFLE,5.56 MILLIMETER",1,Each,499,D,1,2006-02-07 00:00:00
IL,IL STATE POLICE DEPT,1005-00-073-9421,"RIFLE,5.56 MILLIMETER",1,Each,499,D,1,2002-09-10 00:00:00
IL,IL STATE POLICE DEPT,1005-00-073-9421,"RIFLE,5.56 MILLIMETER",1,Each,499,D,1,2002-09-10 00:00:00
IL,IL STATE POLICE DEPT,1005-00-073-9421,"RIFLE,5.56 MILLIMETER",1,Each,499,D,1,2006-02-09 00:00:00
IL,IL STATE POLICE DEPT,1005-00-073-9421,"RIFLE,5.56 MILLIMETER",1,Each,499,D,1,2006-02-08 00:00:00
IL,IL STATE POLICE DEPT,1005-00-073-9421,"RIFLE,5.56 MILLIMETER",1,Each,499,D,1,2006-02-09 00:00:00
IL,IL STATE POLICE DEPT,1005-00-073-9421,"RIFLE,5.56 MILLIMETER",1,Each,499,D,1,2006-02-09 00:00:00
IL,IL STATE POLICE DEPT,1005-00-073-9421,"RIFLE,5.56 MILLIMETER",1,Each,499,D,1,2002-09-10 00:00:00
IL,IL STATE POLICE DEPT,1005-00-073-9421,"RIFLE,5.56 MILLIMETER",1,Each,499,D,1,2002-09-10 00:00:00
IL,IL STATE POLICE DEPT,1005-00-073-9421,"RIFLE,5.56 MILLIMETER",1,Each,499,D,1,2002-09-10 00:00:00
IL,IL STATE POLICE DEPT,1005-00-589-1271,"RIFLE,7.62 MILLIMETER",1,Each,138,D,1,1994-05-26 00:00:00
IL,IL STATE POLICE DEPT,1005-00-073-9421,"RIFLE,5.56 MILLIMETER",1,Each,499,D,1,2006-02-08 00:00:00
IL,IL STATE POLICE DEPT,1005-00-589-1271,"RIFLE,7.62 MILLIMETER",1,Each,138,D,1,1994-05-26 00:00:00
IL,IL STATE POLICE DEPT,1005-00-589-1271,"RIFLE,7.62 MILLIMETER",1,Each,138,D,1,1994-05-26 00:00:00
IL,IL STATE POLICE DEPT,1005-00-073-9421,"RIFLE,5.56 MILLIMETER",1,Each,499,D,1,2006-02-08 00:00:00
IL,IL STATE POLICE DEPT,1005-00-073-9421,"RIFLE,5.56 MILLIMETER",1,Each,499,D,1,2002-09-10 00:00:00
IL,IL STATE POLICE DEPT,1005-00-073-9421,"RIFLE,5.56 MILLIMETER",1,Each,499,D,1,2006-02-09 00:00:00
IL,IL STATE POLICE DEPT,1005-00-073-9421,"RIFLE,5.56 MILLIMETER",1,Each,499,D,1,2006-02-07 00:00:00
IL,IL STATE POLICE DEPT,1005-00-073-9421,"RIFLE,5.56 MILLIMETER",1,Each,499,D,1,2006-02-08 00:00:00
IL,IL STATE POLICE DEPT,1005-00-073-9421,"RIFLE,5.56 MILLIMETER",1,Each,499,D,1,2006-02-09 00:00:00
IL,IL STATE POLICE DEPT,1005-00-073-9421,"RIFLE,5.56 MILLIMETER",1,Each,499,D,1,2006-02-09 00:00:00
IL,IL STATE POLICE DEPT,1005-00-589-1271,"RIFLE,7.62 MILLIMETER",1,Each,138,D,1,1994-05-26 00:00:00
IL,IL STATE POLICE DEPT,1005-00-073-9421,"RIFLE,5.56 MILLIMETER",1,Each,499,D,1,2006-02-09 00:00:00
IL,IL STATE POLICE DEPT,1005-00-073-9421,"RIFLE,5.56 MILLIMETER",1,Each,499,D,1,2006-02-09 00:00:00
IL,IL STATE POLICE DEPT,1005-00-073-9421,"RIFLE,5.56 MILLIMETER",1,Each,499,D,1,2006-02-07 00:00:00
IL,IL STATE POLICE DEPT,1005-00-073-9421,"RIFLE,5.56 MILLIMETER",1,Each,499,D,1,2006-02-08 00:00:00
IL,IL STATE POLICE DEPT,1005-00-073-9421,"RIFLE,5.56 MILLIMETER",1,Each,499,D,1,2006-02-08 00:00:00
IL,IL STATE POLICE DEPT,1005-00-073-9421,"RIFLE,5.56 MILLIMETER",1,Each,499,D,1,2006-02-07 00:00:00
IL,IL STATE POLICE DEPT,1005-00-073-9421,"RIFLE,5.56 MILLIMETER",1,Each,499,D,1,2002-09-10 00:00:00
IL,IL STATE POLICE DEPT,1005-00-073-9421,"RIFLE,5.56 MILLIMETER",1,Each,499,D,1,2002-09-10 00:00:00
IL,IL STATE POLICE DEPT,1005-00-073-9421,"RIFLE,5.56 MILLIMETER",1,Each,499,D,1,2006-02-07 00:00:00
IL,IL STATE POLICE DEPT,1005-00-073-9421,"RIFLE,5.56 MILLIMETER",1,Each,499,D,1,2006-02-08 00:00:00
IL,IL STATE POLICE DEPT,1005-00-073-9421,"RIFLE,5.56 MILLIMETER",1,Each,499,D,1,2006-02-09 00:00:00
IL,IL STATE POLICE DEPT,1005-00-073-9421,"RIFLE,5.56 MILLIMETER",1,Each,499,D,1,2006-02-09 00:00:00
IL,IL STATE POLICE DEPT,1005-00-073-9421,"RIFLE,5.56 MILLIMETER",1,Each,499,D,1,2006-02-09 00:00:00
IL,IL STATE POLICE DEPT,1005-00-073-9421,"RIFLE,5.56 MILLIMETER",1,Each,499,D,1,2006-02-08 00:00:00
IL,IL STATE POLICE DEPT,1005-00-073-9421,"RIFLE,5.56 MILLIMETER",1,Each,499,D,1,2006-02-08 00:00:00
IL,IL STATE POLICE DEPT,1005-00-073-9421,"RIFLE,5.56 MILLIMETER",1,Each,499,D,1,2006-02-07 00:00:00
IL,IL STATE POLICE DEPT,1005-00-589-1271,"RIFLE,7.62 MILLIMETER",1,Each,138,D,1,1994-05-26 00:00:00
IL,IL STATE POLICE DEPT,1005-00-073-9421,"RIFLE,5.56 MILLIMETER",1,Each,499,D,1,2002-09-10 00:00:00
IL,IL STATE POLICE DEPT,1005-00-073-9421,"RIFLE,5.56 MILLIMETER",1,Each,499,D,1,2006-02-08 00:00:00
IL,IL STATE POLICE DEPT,1005-00-073-9421,"RIFLE,5.56 MILLIMETER",1,Each,499,D,1,2006-02-07 00:00:00
IL,IL STATE POLICE DEPT,1005-00-073-9421,"RIFLE,5.56 MILLIMETER",1,Each,499,D,1,2002-09-10 00:00:00
IL,IL STATE POLICE DEPT,1005-00-073-9421,"RIFLE,5.56 MILLIMETER",1,Each,499,D,1,2006-02-08 00:00:00
IL,IL STATE POLICE DEPT,1005-00-073-9421,"RIFLE,5.56 MILLIMETER",1,Each,499,D,1,2002-09-10 00:00:00
IL,IL STATE POLICE DEPT,1005-00-073-9421,"RIFLE,5.56 MILLIMETER",1,Each,499,D,1,2002-09-10 00:00:00
IL,IL STATE POLICE DEPT,1005-00-073-9421,"RIFLE,5.56 MILLIMETER",1,Each,499,D,1,2006-02-07 00:00:00
IL,IL STATE POLICE DEPT,1005-00-073-9421,"RIFLE,5.56 MILLIMETER",1,Each,499,D,1,2002-09-10 00:00:00
IL,IL STATE POLICE DEPT,1005-00-073-9421,"RIFLE,5.56 MILLIMETER",1,Each,499,D,1,2006-02-09 00:00:00
IL,IL STATE POLICE DEPT,1005-00-073-9421,"RIFLE,5.56 MILLIMETER",1,Each,499,D,1,2002-09-10 00:00:00
IL,IL STATE POLICE DEPT,1005-00-073-9421,"RIFLE,5.56 MILLIMETER",1,Each,499,D,1,2002-09-10 00:00:00
IL,IL STATE POLICE DEPT,1005-00-073-9421,"RIFLE,5.56 MILLIMETER",1,Each,499,D,1,2002-09-10 00:00:00
IL,IL STATE POLICE DEPT,1005-00-073-9421,"RIFLE,5.56 MILLIMETER",1,Each,499,D,1,2006-02-08 00:00:00
IL,IL STATE POLICE DEPT,1005-00-073-9421,"RIFLE,5.56 MILLIMETER",1,Each,499,D,1,2006-02-08 00:00:00
IL,IL STATE POLICE DEPT,1005-00-073-9421,"RIFLE,5.56 MILLIMETER",1,Each,499,D,1,2006-02-08 00:00:00
IL,IL STATE POLICE DEPT,1005-00-073-9421,"RIFLE,5.56 MILLIMETER",1,Each,499,D,1,2006-02-07 00:00:00
IL,IL STATE POLICE DEPT,1005-00-073-9421,"RIFLE,5.56 MILLIMETER",1,Each,499,D,1,2006-02-09 00:00:00
IL,IL STATE POLICE DEPT,1005-00-073-9421,"RIFLE,5.56 MILLIMETER",1,Each,499,D,1,2006-02-08 00:00:00
IL,IL STATE POLICE DEPT,1005-00-073-9421,"RIFLE,5.56 MILLIMETER",1,Each,499,D,1,2006-02-07 00:00:00
IL,IL STATE POLICE DEPT,1005-00-073-9421,"RIFLE,5.56 MILLIMETER",1,Each,499,D,1,2006-02-08 00:00:00
IL,IL STATE POLICE DEPT,1005-00-073-9421,"RIFLE,5.56 MILLIMETER",1,Each,499,D,1,2006-02-08 00:00:00
IL,IL STATE POLICE DEPT,1005-00-073-9421,"RIFLE,5.56 MILLIMETER",1,Each,499,D,1,2006-02-08 00:00:00
IL,IL STATE POLICE DEPT,1005-00-073-9421,"RIFLE,5.56 MILLIMETER",1,Each,499,D,1,2006-02-09 00:00:00
IL,IL STATE POLICE DEPT,1005-00-073-9421,"RIFLE,5.56 MILLIMETER",1,Each,499,D,1,2006-02-08 00:00:00
IL,IL STATE POLICE DEPT,1005-00-073-9421,"RIFLE,5.56 MILLIMETER",1,Each,499,D,1,2006-02-08 00:00:00
IL,IL STATE POLICE DEPT,1005-00-073-9421,"RIFLE,5.56 MILLIMETER",1,Each,499,D,1,2006-02-08 00:00:00
IL,IL STATE POLICE DEPT,1005-00-073-9421,"RIFLE,5.56 MILLIMETER",1,Each,499,D,1,2006-02-08 00:00:00
IL,IL STATE POLICE DEPT,1005-00-073-9421,"RIFLE,5.56 MILLIMETER",1,Each,499,D,1,2006-02-09 00:00:00
IL,IL STATE POLICE DEPT,1005-00-073-9421,"RIFLE,5.56 MILLIMETER",1,Each,499,D,1,2006-02-08 00:00:00
IL,IL STATE POLICE DEPT,1005-00-073-9421,"RIFLE,5.56 MILLIMETER",1,Each,499,D,1,2006-02-09 00:00:00
IL,IL STATE POLICE DEPT,1005-00-073-9421,"RIFLE,5.56 MILLIMETER",1,Each,499,D,1,2006-02-09 00:00:00
IL,IL STATE POLICE DEPT,1005-00-073-9421,"RIFLE,5.56 MILLIMETER",1,Each,499,D,1,2006-02-09 00:00:00
IL,IL STATE POLICE DEPT,1005-00-073-9421,"RIFLE,5.56 MILLIMETER",1,Each,499,D,1,2006-02-08 00:00:00
IL,IL STATE POLICE DEPT,1005-00-073-9421,"RIFLE,5.56 MILLIMETER",1,Each,499,D,1,2006-02-08 00:00:00
IL,IL STATE POLICE DEPT,1005-00-073-9421,"RIFLE,5.56 MILLIMETER",1,Each,499,D,1,2006-02-08 00:00:00
IL,IL STATE POLICE DEPT,1005-00-073-9421,"RIFLE,5.56 MILLIMETER",1,Each,499,D,1,2006-02-07 00:00:00
IL,IL STATE POLICE DEPT,1005-00-073-9421,"RIFLE,5.56 MILLIMETER",1,Each,499,D,1,2006-02-09 00:00:00
IL,IL STATE POLICE DEPT,1005-00-073-9421,"RIFLE,5.56 MILLIMETER",1,Each,499,D,1,2006-02-08 00:00:00
IL,IL STATE POLICE DEPT,1005-00-073-9421,"RIFLE,5.56 MILLIMETER",1,Each,499,D,1,2006-02-07 00:00:00
IL,IL STATE POLICE DEPT,1005-00-073-9421,"RIFLE,5.56 MILLIMETER",1,Each,499,D,1,2006-02-08 00:00:00
IL,IL STATE POLICE DEPT,1005-00-073-9421,"RIFLE,5.56 MILLIMETER",1,Each,499,D,1,2006-02-08 00:00:00
IL,IL STATE POLICE DEPT,1005-00-073-9421,"RIFLE,5.56 MILLIMETER",1,Each,499,D,1,2006-02-09 00:00:00
IL,IL STATE POLICE DEPT,1005-00-073-9421,"RIFLE,5.56 MILLIMETER",1,Each,499,D,1,2006-02-08 00:00:00
IL,IL STATE POLICE DEPT,1005-00-073-9421,"RIFLE,5.56 MILLIMETER",1,Each,499,D,1,2006-02-07 00:00:00
IL,IL STATE POLICE DEPT,1005-00-073-9421,"RIFLE,5.56 MILLIMETER",1,Each,499,D,1,2006-02-08 00:00:00
IL,IL STATE POLICE DEPT,1005-00-073-9421,"RIFLE,5.56 MILLIMETER",1,Each,499,D,1,2006-02-08 00:00:00
IL,IL STATE POLICE DEPT,1005-00-073-9421,"RIFLE,5.56 MILLIMETER",1,Each,499,D,1,2006-02-08 00:00:00
IL,IL STATE POLICE DEPT,1005-00-073-9421,"RIFLE,5.56 MILLIMETER",1,Each,499,D,1,2006-02-09 00:00:00
IL,IL STATE POLICE DEPT,1005-00-073-9421,"RIFLE,5.56 MILLIMETER",1,Each,499,D,1,2006-02-08 00:00:00
IL,IL STATE POLICE DEPT,1005-00-073-9421,"RIFLE,5.56 MILLIMETER",1,Each,499,D,1,2006-02-07 00:00:00
IL,IL STATE POLICE DEPT,1005-00-073-9421,"RIFLE,5.56 MILLIMETER",1,Each,499,D,1,2006-02-09 00:00:00
IL,IL STATE POLICE DEPT,1005-00-073-9421,"RIFLE,5.56 MILLIMETER",1,Each,499,D,1,2006-02-09 00:00:00
IL,IL STATE POLICE DEPT,1005-00-073-9421,"RIFLE,5.56 MILLIMETER",1,Each,499,D,1,2002-09-10 00:00:00
IL,IL STATE POLICE DEPT,1005-00-073-9421,"RIFLE,5.56 MILLIMETER",1,Each,499,D,1,2006-02-07 00:00:00
IL,IL STATE POLICE DEPT,1005-00-073-9421,"RIFLE,5.56 MILLIMETER",1,Each,499,D,1,2006-02-08 00:00:00
IL,IL STATE POLICE DEPT,1005-00-073-9421,"RIFLE,5.56 MILLIMETER",1,Each,499,D,1,2006-02-08 00:00:00
IL,IL STATE POLICE DEPT,1005-00-073-9421,"RIFLE,5.56 MILLIMETER",1,Each,499,D,1,2006-02-09 00:00:00
IL,IL STATE POLICE DEPT,1005-00-073-9421,"RIFLE,5.56 MILLIMETER",1,Each,499,D,1,2006-02-09 00:00:00
IL,IL STATE POLICE DEPT,1005-00-073-9421,"RIFLE,5.56 MILLIMETER",1,Each,499,D,1,2006-02-08 00:00:00
IL,IL STATE POLICE DEPT,1005-00-073-9421,"RIFLE,5.56 MILLIMETER",1,Each,499,D,1,2006-02-08 00:00:00
IL,IL STATE POLICE DEPT,1005-00-073-9421,"RIFLE,5.56 MILLIMETER",1,Each,499,D,1,2002-09-10 00:00:00
IL,IL STATE POLICE DEPT,1005-00-073-9421,"RIFLE,5.56 MILLIMETER",1,Each,499,D,1,2006-02-09 00:00:00
IL,IL STATE POLICE DEPT,1005-00-073-9421,"RIFLE,5.56 MILLIMETER",1,Each,499,D,1,2006-02-08 00:00:00
IL,IL STATE POLICE DEPT,1005-00-073-9421,"RIFLE,5.56 MILLIMETER",1,Each,499,D,1,2006-02-07 00:00:00
IL,IL STATE POLICE DEPT,1005-00-073-9421,"RIFLE,5.56 MILLIMETER",1,Each,499,D,1,2006-02-08 00:00:00
IL,IL STATE POLICE DEPT,1005-00-073-9421,"RIFLE,5.56 MILLIMETER",1,Each,499,D,1,2006-02-09 00:00:00
IL,IL STATE POLICE DEPT,1005-00-073-9421,"RIFLE,5.56 MILLIMETER",1,Each,499,D,1,2006-02-08 00:00:00
IL,IL STATE POLICE DEPT,1005-00-073-9421,"RIFLE,5.56 MILLIMETER",1,Each,499,D,1,2006-02-07 00:00:00
IL,IL STATE POLICE DEPT,1005-00-073-9421,"RIFLE,5.56 MILLIMETER",1,Each,499,D,1,2006-02-08 00:00:00
IL,IL STATE POLICE DEPT,1005-00-073-9421,"RIFLE,5.56 MILLIMETER",1,Each,499,D,1,2006-02-07 00:00:00
IL,IL STATE POLICE DEPT,1005-00-073-9421,"RIFLE,5.56 MILLIMETER",1,Each,499,D,1,2006-02-07 00:00:00
IL,IL STATE POLICE DEPT,1005-00-073-9421,"RIFLE,5.56 MILLIMETER",1,Each,499,D,1,2006-02-08 00:00:00
IL,IL STATE POLICE DEPT,1005-00-073-9421,"RIFLE,5.56 MILLIMETER",1,Each,499,D,1,2006-02-09 00:00:00
IL,IL STATE POLICE DEPT,1005-00-073-9421,"RIFLE,5.56 MILLIMETER",1,Each,499,D,1,2006-02-08 00:00:00
IL,IL STATE POLICE DEPT,1005-00-073-9421,"RIFLE,5.56 MILLIMETER",1,Each,499,D,1,2006-02-08 00:00:00
IL,IL STATE POLICE DEPT,1005-00-073-9421,"RIFLE,5.56 MILLIMETER",1,Each,499,D,1,2006-02-09 00:00:00
IL,IL STATE POLICE DEPT,1005-00-073-9421,"RIFLE,5.56 MILLIMETER",1,Each,499,D,1,2006-02-09 00:00:00
IL,IL STATE POLICE DEPT,1005-00-073-9421,"RIFLE,5.56 MILLIMETER",1,Each,499,D,1,2006-02-08 00:00:00
IL,IL STATE POLICE DEPT,1005-00-589-1271,"RIFLE,7.62 MILLIMETER",1,Each,138,D,1,1994-05-26 00:00:00
IL,IL STATE POLICE DEPT,1005-00-073-9421,"RIFLE,5.56 MILLIMETER",1,Each,499,D,1,2006-02-07 00:00:00
IL,IL STATE POLICE DEPT,1005-00-073-9421,"RIFLE,5.56 MILLIMETER",1,Each,499,D,1,2006-02-09 00:00:00
IL,IL STATE POLICE DEPT,1005-00-589-1271,"RIFLE,7.62 MILLIMETER",1,Each,138,D,1,1994-05-26 00:00:00
IL,IL STATE POLICE DEPT,1005-00-073-9421,"RIFLE,5.56 MILLIMETER",1,Each,499,D,1,2006-02-08 00:00:00
IL,IL STATE POLICE DEPT,1005-00-073-9421,"RIFLE,5.56 MILLIMETER",1,Each,499,D,1,2006-02-07 00:00:00
IL,IL STATE POLICE DEPT,1005-00-073-9421,"RIFLE,5.56 MILLIMETER",1,Each,499,D,1,2006-02-08 00:00:00
IL,IL STATE POLICE DEPT,1005-00-589-1271,"RIFLE,7.62 MILLIMETER",1,Each,138,D,1,1994-05-26 00:00:00
IL,IL STATE POLICE DEPT,1005-00-073-9421,"RIFLE,5.56 MILLIMETER",1,Each,499,D,1,2006-02-08 00:00:00
IL,IL STATE POLICE DEPT,1005-00-073-9421,"RIFLE,5.56 MILLIMETER",1,Each,499,D,1,2006-02-07 00:00:00
IL,IL STATE POLICE DEPT,1005-00-073-9421,"RIFLE,5.56 MILLIMETER",1,Each,499,D,1,2006-02-08 00:00:00
IL,IL STATE POLICE DEPT,1005-00-073-9421,"RIFLE,5.56 MILLIMETER",1,Each,499,D,1,2006-02-09 00:00:00
IL,IL STATE POLICE DEPT,1005-00-073-9421,"RIFLE,5.56 MILLIMETER",1,Each,499,D,1,2002-09-10 00:00:00
IL,IL STATE POLICE DEPT,1005-00-073-9421,"RIFLE,5.56 MILLIMETER",1,Each,499,D,1,2006-02-07 00:00:00
IL,IL STATE POLICE DEPT,1005-00-073-9421,"RIFLE,5.56 MILLIMETER",1,Each,499,D,1,2006-02-08 00:00:00
IL,IL STATE POLICE DEPT,1005-00-073-9421,"RIFLE,5.56 MILLIMETER",1,Each,499,D,1,2006-02-08 00:00:00
IL,IL STATE POLICE DEPT,1005-00-073-9421,"RIFLE,5.56 MILLIMETER",1,Each,499,D,1,2006-02-08 00:00:00
IL,IL STATE POLICE DEPT,1005-00-073-9421,"RIFLE,5.56 MILLIMETER",1,Each,499,D,1,2002-09-10 00:00:00
IL,IL STATE POLICE DEPT,1005-00-073-9421,"RIFLE,5.56 MILLIMETER",1,Each,499,D,1,2002-09-10 00:00:00
IL,IL STATE POLICE DEPT,1005-00-073-9421,"RIFLE,5.56 MILLIMETER",1,Each,499,D,1,2002-09-10 00:00:00
IL,IL STATE POLICE DEPT,1005-00-073-9421,"RIFLE,5.56 MILLIMETER",1,Each,499,D,1,2006-02-09 00:00:00
IL,IL STATE POLICE DEPT,1005-00-073-9421,"RIFLE,5.56 MILLIMETER",1,Each,499,D,1,2006-02-07 00:00:00
IL,IL STATE POLICE DEPT,1005-00-589-1271,"RIFLE,7.62 MILLIMETER",1,Each,138,D,1,1994-05-26 00:00:00
IL,IL STATE POLICE DEPT,1005-00-073-9421,"RIFLE,5.56 MILLIMETER",1,Each,499,D,1,2006-02-09 00:00:00
IL,IL STATE POLICE DEPT,1005-00-073-9421,"RIFLE,5.56 MILLIMETER",1,Each,499,D,1,2006-02-08 00:00:00
IL,IL STATE POLICE DEPT,1005-00-073-9421,"RIFLE,5.56 MILLIMETER",1,Each,499,D,1,2006-02-08 00:00:00
IL,IL STATE POLICE DEPT,1005-00-073-9421,"RIFLE,5.56 MILLIMETER",1,Each,499,D,1,2006-02-08 00:00:00
IL,IL STATE POLICE DEPT,1005-00-073-9421,"RIFLE,5.56 MILLIMETER",1,Each,499,D,1,2006-02-08 00:00:00
IL,IL STATE POLICE DEPT,1005-00-073-9421,"RIFLE,5.56 MILLIMETER",1,Each,499,D,1,2006-02-08 00:00:00
IL,IL STATE POLICE DEPT,1005-00-073-9421,"RIFLE,5.56 MILLIMETER",1,Each,499,D,1,2006-02-08 00:00:00
IL,IL STATE POLICE DEPT,1005-00-073-9421,"RIFLE,5.56 MILLIMETER",1,Each,499,D,1,2006-02-07 00:00:00
IL,IL STATE POLICE DEPT,1005-00-073-9421,"RIFLE,5.56 MILLIMETER",1,Each,499,D,1,2006-02-08 00:00:00
IL,IL STATE POLICE DEPT,1005-00-073-9421,"RIFLE,5.56 MILLIMETER",1,Each,499,D,1,2006-02-09 00:00:00
IL,IL STATE POLICE DEPT,1005-00-073-9421,"RIFLE,5.56 MILLIMETER",1,Each,499,D,1,2006-02-07 00:00:00
IL,IL STATE POLICE DEPT,1005-00-073-9421,"RIFLE,5.56 MILLIMETER",1,Each,499,D,1,2006-02-07 00:00:00
IL,IL STATE POLICE DEPT,1005-00-073-9421,"RIFLE,5.56 MILLIMETER",1,Each,499,D,1,2006-02-07 00:00:00
IL,IL STATE POLICE DEPT,1005-00-073-9421,"RIFLE,5.56 MILLIMETER",1,Each,499,D,1,2006-02-07 00:00:00
IL,IL STATE POLICE DEPT,1005-00-073-9421,"RIFLE,5.56 MILLIMETER",1,Each,499,D,1,2006-02-08 00:00:00
IL,IL STATE POLICE DEPT,1005-00-073-9421,"RIFLE,5.56 MILLIMETER",1,Each,499,D,1,2006-02-08 00:00:00
IL,IL STATE POLICE DEPT,1005-00-073-9421,"RIFLE,5.56 MILLIMETER",1,Each,499,D,1,2006-02-09 00:00:00
IL,IL STATE POLICE DEPT,1005-00-073-9421,"RIFLE,5.56 MILLIMETER",1,Each,499,D,1,2002-09-10 00:00:00
IL,IL STATE POLICE DEPT,1005-00-073-9421,"RIFLE,5.56 MILLIMETER",1,Each,499,D,1,2006-02-07 00:00:00
IL,IL STATE POLICE DEPT,1005-00-073-9421,"RIFLE,5.56 MILLIMETER",1,Each,499,D,1,2006-02-08 00:00:00
IL,IL STATE POLICE DEPT,1005-00-589-1271,"RIFLE,7.62 MILLIMETER",1,Each,138,D,1,1994-05-26 00:00:00
IL,IL STATE UNIVERSITY PD HI_ED,1005-00-856-6885,"RIFLE,5.56 MILLIMETER",1,Each,120,D,1,2009-11-04 00:00:00
IL,IL STATE UNIVERSITY PD HI_ED,1005-00-856-6885,"RIFLE,5.56 MILLIMETER",1,Each,120,D,1,2009-11-04 00:00:00
IL,IL STATE UNIVERSITY PD HI_ED,1005-00-856-6885,"RIFLE,5.56 MILLIMETER",1,Each,120,D,1,2009-11-04 00:00:00
IL,IL STATE UNIVERSITY PD HI_ED,1005-00-856-6885,"RIFLE,5.56 MILLIMETER",1,Each,120,D,1,2009-11-04 00:00:00
IL,IRVING POLICE DEPT,1005-00-073-9421,"RIFLE,5.56 MILLIMETER",1,Each,499,D,1,2008-05-06 00:00:00
IL,ISLAND LAKE POLICE DEPT,1005-00-073-9421,"RIFLE,5.56 MILLIMETER",1,Each,499,D,1,2003-08-04 00:00:00
IL,ISLAND LAKE POLICE DEPT,1005-00-073-9421,"RIFLE,5.56 MILLIMETER",1,Each,499,D,1,2005-08-24 00:00:00
IL,ISLAND LAKE POLICE DEPT,1005-00-726-5655,"PISTOL,CALIBER .45,AUTOMATIC",1,Each,58.71,D,1,2005-08-20 00:00:00
IL,ISLAND LAKE POLICE DEPT,1005-00-073-9421,"RIFLE,5.56 MILLIMETER",1,Each,499,D,1,2012-02-22 00:00:00
IL,ISLAND LAKE POLICE DEPT,1005-00-726-5655,"PISTOL,CALIBER .45,AUTOMATIC",1,Each,58.71,D,1,2005-08-20 00:00:00
IL,ISLAND LAKE POLICE DEPT,1005-00-073-9421,"RIFLE,5.56 MILLIMETER",1,Each,499,D,1,2004-10-04 00:00:00
IL,ISLAND LAKE POLICE DEPT,1005-00-726-5655,"PISTOL,CALIBER .45,AUTOMATIC",1,Each,58.71,D,1,2005-08-20 00:00:00
IL,ISLAND LAKE POLICE DEPT,1005-00-073-9421,"RIFLE,5.56 MILLIMETER",1,Each,499,D,1,2003-08-04 00:00:00
IL,ISLAND LAKE POLICE DEPT,1005-00-921-5483,"SHOTGUN,12 GAGE,RIOT TYPE",1,Each,108,D,1,2005-08-24 00:00:00
IL,ISLAND LAKE POLICE DEPT,1005-00-726-5655,"PISTOL,CALIBER .45,AUTOMATIC",1,Each,58.71,D,1,2005-08-20 00:00:00
IL,ISLAND LAKE POLICE DEPT,1005-00-589-1271,"RIFLE,7.62 MILLIMETER",1,Each,138,D,1,2005-08-22 00:00:00
IL,ISLAND LAKE POLICE DEPT,1005-00-589-1271,"RIFLE,7.62 MILLIMETER",1,Each,138,D,1,2004-10-04 00:00:00
IL,ISLAND LAKE POLICE DEPT,1005-00-073-9421,"RIFLE,5.56 MILLIMETER",1,Each,499,D,1,2012-02-22 00:00:00
IL,ISLAND LAKE POLICE DEPT,1005-00-073-9421,"RIFLE,5.56 MILLIMETER",1,Each,499,D,1,2004-10-04 00:00:00
IL,ISLAND LAKE POLICE DEPT,1005-00-073-9421,"RIFLE,5.56 MILLIMETER",1,Each,499,D,1,2012-02-22 00:00:00
IL,ISLAND LAKE POLICE DEPT,1005-00-073-9421,"RIFLE,5.56 MILLIMETER",1,Each,499,D,1,2012-02-22 00:00:00
IL,ISLAND LAKE POLICE DEPT,1005-00-726-5655,"PISTOL,CALIBER .45,AUTOMATIC",1,Each,58.71,D,1,2005-08-20 00:00:00
IL,ISLAND LAKE POLICE DEPT,1005-00-589-1271,"RIFLE,7.62 MILLIMETER",1,Each,138,D,1,2004-10-04 00:00:00
IL,ISLAND LAKE POLICE DEPT,1005-00-073-9421,"RIFLE,5.56 MILLIMETER",1,Each,499,D,1,2004-10-04 00:00:00
IL,ISLAND LAKE POLICE DEPT,1005-00-073-9421,"RIFLE,5.56 MILLIMETER",1,Each,499,D,1,2012-02-22 00:00:00
IL,ISLAND LAKE POLICE DEPT,1005-00-726-5655,"PISTOL,CALIBER .45,AUTOMATIC",1,Each,58.71,D,1,2005-08-20 00:00:00
IL,ISLAND LAKE POLICE DEPT,1005-00-726-5655,"PISTOL,CALIBER .45,AUTOMATIC",1,Each,58.71,D,1,2005-08-20 00:00:00
IL,ISLAND LAKE POLICE DEPT,1005-00-589-1271,"RIFLE,7.62 MILLIMETER",1,Each,138,D,1,2003-07-03 00:00:00
IL,ISLAND LAKE POLICE DEPT,1005-00-073-9421,"RIFLE,5.56 MILLIMETER",1,Each,499,D,1,2012-02-22 00:00:00
IL,ISLAND LAKE POLICE DEPT,1005-00-726-5655,"PISTOL,CALIBER .45,AUTOMATIC",1,Each,58.71,D,1,2005-08-20 00:00:00
IL,ISLAND LAKE POLICE DEPT,1005-00-726-5655,"PISTOL,CALIBER .45,AUTOMATIC",1,Each,58.71,D,1,2005-08-20 00:00:00
IL,ISLAND LAKE POLICE DEPT,1005-00-726-5655,"PISTOL,CALIBER .45,AUTOMATIC",1,Each,58.71,D,1,2005-08-20 00:00:00
IL,ISLAND LAKE POLICE DEPT,1005-00-921-5483,"SHOTGUN,12 GAGE,RIOT TYPE",1,Each,108,D,1,2005-08-24 00:00:00
IL,ISLAND LAKE POLICE DEPT,1005-00-921-5483,"SHOTGUN,12 GAGE,RIOT TYPE",1,Each,108,D,1,2005-08-24 00:00:00
IL,ISLAND LAKE POLICE DEPT,1005-00-589-1271,"RIFLE,7.62 MILLIMETER",1,Each,138,D,1,2004-10-04 00:00:00
IL,ISLAND LAKE POLICE DEPT,1005-00-726-5655,"PISTOL,CALIBER .45,AUTOMATIC",1,Each,58.71,D,1,2005-08-20 00:00:00
IL,ISLAND LAKE POLICE DEPT,1005-00-726-5655,"PISTOL,CALIBER .45,AUTOMATIC",1,Each,58.71,D,1,2005-08-20 00:00:00
IL,ISLAND LAKE POLICE DEPT,1005-00-073-9421,"RIFLE,5.56 MILLIMETER",1,Each,499,D,1,2012-02-22 00:00:00
IL,ISLAND LAKE POLICE DEPT,1005-00-726-5655,"PISTOL,CALIBER .45,AUTOMATIC",1,Each,58.71,D,1,2005-08-20 00:00:00
IL,ISLAND LAKE POLICE DEPT,1005-00-726-5655,"PISTOL,CALIBER .45,AUTOMATIC",1,Each,58.71,D,1,2005-08-20 00:00:00
IL,ISLAND LAKE POLICE DEPT,1005-00-073-9421,"RIFLE,5.56 MILLIMETER",1,Each,499,D,1,2012-02-22 00:00:00
IL,JACKSONVILLE POLICE DEPT,2320-01-107-7153,"TRUCK,UTILITY",1,Each,63894,C,1,2011-12-16 00:00:00
IL,JACKSONVILLE POLICE DEPT,2320-01-107-7153,"TRUCK,UTILITY",1,Each,63894,C,1,2012-04-05 00:00:00
IL,JEFFERSON COUNTY SHERIFFS OFFICE,1005-00-856-6885,"RIFLE,5.56 MILLIMETER",1,Each,120,D,1,2012-02-07 00:00:00
IL,JEFFERSON COUNTY SHERIFFS OFFICE,1005-00-856-6885,"RIFLE,5.56 MILLIMETER",1,Each,120,D,1,2012-02-07 00:00:00
IL,JEFFERSON COUNTY SHERIFFS OFFICE,1005-00-856-6885,"RIFLE,5.56 MILLIMETER",1,Each,120,D,1,2012-02-07 00:00:00
IL,JEFFERSON COUNTY SHERIFFS OFFICE,1005-00-073-9421,"RIFLE,5.56 MILLIMETER",1,Each,499,D,1,2005-12-05 00:00:00
IL,JEFFERSON COUNTY SHERIFFS OFFICE,1005-00-856-6885,"RIFLE,5.56 MILLIMETER",1,Each,120,D,1,2012-02-07 00:00:00
IL,JEFFERSON COUNTY SHERIFFS OFFICE,1005-00-073-9421,"RIFLE,5.56 MILLIMETER",1,Each,499,D,1,2005-12-05 00:00:00
IL,JEFFERSON COUNTY SHERIFFS OFFICE,1005-00-073-9421,"RIFLE,5.56 MILLIMETER",1,Each,499,D,1,2003-07-30 00:00:00
IL,JEFFERSON COUNTY SHERIFFS OFFICE,1005-00-589-1271,"RIFLE,7.62 MILLIMETER",1,Each,138,D,1,2003-05-05 00:00:00
IL,JEFFERSON COUNTY SHERIFFS OFFICE,1005-00-856-6885,"RIFLE,5.56 MILLIMETER",1,Each,120,D,1,2012-02-07 00:00:00
IL,JEFFERSON COUNTY SHERIFFS OFFICE,1005-00-856-6885,"RIFLE,5.56 MILLIMETER",1,Each,120,D,1,2012-02-07 00:00:00
IL,JEFFERSON COUNTY SHERIFFS OFFICE,1005-00-856-6885,"RIFLE,5.56 MILLIMETER",1,Each,120,D,1,2012-02-07 00:00:00
IL,JEFFERSON COUNTY SHERIFFS OFFICE,1005-00-856-6885,"RIFLE,5.56 MILLIMETER",1,Each,120,D,1,2012-02-07 00:00:00
IL,JEFFERSON COUNTY SHERIFFS OFFICE,1005-00-856-6885,"RIFLE,5.56 MILLIMETER",1,Each,120,D,1,2012-02-07 00:00:00
IL,JEFFERSON COUNTY SHERIFFS OFFICE,1005-00-073-9421,"RIFLE,5.56 MILLIMETER",1,Each,499,D,1,2003-07-30 00:00:00
IL,JEFFERSON COUNTY SHERIFFS OFFICE,1005-00-856-6885,"RIFLE,5.56 MILLIMETER",1,Each,120,D,1,2012-02-07 00:00:00
IL,JEFFERSON COUNTY SHERIFFS OFFICE,1005-00-856-6885,"RIFLE,5.56 MILLIMETER",1,Each,120,D,1,2012-02-07 00:00:00
IL,JEFFERSON COUNTY SHERIFFS OFFICE,1005-00-589-1271,"RIFLE,7.62 MILLIMETER",1,Each,138,D,1,2003-05-05 00:00:00
IL,JEFFERSON COUNTY SHERIFFS OFFICE,1005-00-856-6885,"RIFLE,5.56 MILLIMETER",1,Each,120,D,1,2012-02-07 00:00:00
IL,JEFFERSON COUNTY SHERIFFS OFFICE,1005-00-856-6885,"RIFLE,5.56 MILLIMETER",1,Each,120,D,1,2012-02-07 00:00:00
IL,JEFFERSON COUNTY SHERIFFS OFFICE,1005-00-073-9421,"RIFLE,5.56 MILLIMETER",1,Each,499,D,1,2003-07-30 00:00:00
IL,JEFFERSON COUNTY SHERIFFS OFFICE,1005-00-856-6885,"RIFLE,5.56 MILLIMETER",1,Each,120,D,1,2012-02-07 00:00:00
IL,JEFFERSON COUNTY SHERIFFS OFFICE,1005-00-073-9421,"RIFLE,5.56 MILLIMETER",1,Each,499,D,1,2003-07-30 00:00:00
IL,JEFFERSON COUNTY SHERIFFS OFFICE,1005-00-856-6885,"RIFLE,5.56 MILLIMETER",1,Each,120,D,1,2012-02-07 00:00:00
IL,JEROME POLICE DEPARTMENT,1005-01-128-9936,"RIFLE,5.56 MILLIMETER",1,Each,749,D,1,2014-10-20 00:00:00
IL,JEROME POLICE DEPARTMENT,1005-00-856-6885,"RIFLE,5.56 MILLIMETER",1,Each,120,D,1,2010-09-22 00:00:00
IL,JEROME POLICE DEPARTMENT,1005-00-856-6885,"RIFLE,5.56 MILLIMETER",1,Each,120,D,1,2010-09-22 00:00:00
IL,JEROME POLICE DEPARTMENT,1005-01-128-9936,"RIFLE,5.56 MILLIMETER",1,Each,749,D,1,2014-10-20 00:00:00
IL,JEROME POLICE DEPARTMENT,1005-01-128-9936,"RIFLE,5.56 MILLIMETER",1,Each,749,D,1,2014-10-20 00:00:00
IL,JEROME POLICE DEPARTMENT,1005-01-128-9936,"RIFLE,5.56 MILLIMETER",1,Each,749,D,1,2014-10-20 00:00:00
IL,JO DAVIESS COUNTY SHERIFFS OFFICE,1005-00-589-1271,"RIFLE,7.62 MILLIMETER",1,Each,138,D,1,2003-08-06 00:00:00
IL,JO DAVIESS COUNTY SHERIFFS OFFICE,1005-00-073-9421,"RIFLE,5.56 MILLIMETER",1,Each,499,D,1,2004-03-22 00:00:00
IL,JO DAVIESS COUNTY SHERIFFS OFFICE,1005-00-073-9421,"RIFLE,5.56 MILLIMETER",1,Each,499,D,1,2004-03-22 00:00:00
IL,JO DAVIESS COUNTY SHERIFFS OFFICE,1005-00-073-9421,"RIFLE,5.56 MILLIMETER",1,Each,499,D,1,2004-03-22 00:00:00
IL,JO DAVIESS COUNTY SHERIFFS OFFICE,1005-00-073-9421,"RIFLE,5.56 MILLIMETER",1,Each,499,D,1,2004-03-22 00:00:00
IL,JO DAVIESS COUNTY SHERIFFS OFFICE,2320-01-074-7642,"TRUCK,ARMORED",1,Each,65070,C,1,2014-08-07 00:00:00
IL,JO DAVIESS COUNTY SHERIFFS OFFICE,2320-01-074-7642,"TRUCK,ARMORED",1,Each,65070,C,1,2014-12-11 00:00:00
IL,JO DAVIESS COUNTY SHERIFFS OFFICE,2350-01-575-0646,"UNMANNED VEHICLE,GROUND",1,Each,187312,Q,3,2016-07-14 00:00:00
IL,JO DAVIESS COUNTY SHERIFFS OFFICE,1005-00-073-9421,"RIFLE,5.56 MILLIMETER",1,Each,499,D,1,2004-03-22 00:00:00
IL,JO DAVIESS COUNTY SHERIFFS OFFICE,2320-01-123-6827,"TRUCK,CARGO",1,Each,15751,A,1,2017-11-13 00:00:00
IL,JOHNSBURG POLICE DEPT,1005-01-128-9936,"RIFLE,5.56 MILLIMETER",1,Each,749,D,1,2014-09-30 00:00:00
IL,JOHNSBURG POLICE DEPT,1005-00-073-9421,"RIFLE,5.56 MILLIMETER",1,Each,499,D,1,2003-09-16 00:00:00
IL,JOHNSBURG POLICE DEPT,1005-01-561-7200,"MAGAZINE,CARTRIDGE",50,Each,12.3,D,1,2014-11-03 00:00:00
IL,JOHNSBURG POLICE DEPT,1240-01-561-6317,"SIGHT,HOLOGRAPHIC  ",17,Each,5591,D,1,2014-12-09 00:00:00
IL,JOHNSBURG POLICE DEPT,1240-01-492-5264,"SIGHT,HOLOGRAPHIC  ",17,Each,506.8,D,1,2014-12-09 00:00:00
IL,JOHNSBURG POLICE DEPT,1005-01-128-9936,"RIFLE,5.56 MILLIMETER",1,Each,749,D,1,2014-09-30 00:00:00
IL,JOHNSBURG POLICE DEPT,1005-00-589-1271,"RIFLE,7.62 MILLIMETER",1,Each,138,D,1,2003-08-06 00:00:00
IL,JOHNSBURG POLICE DEPT,4933-01-394-7781,"BORE LIGHT SYSTEM,LASER",1,Each,649,D,1,2013-09-25 00:00:00
IL,JOHNSBURG POLICE DEPT,2320-01-107-7155,"TRUCK,UTILITY",1,Each,41061,Q,6,2012-05-03 00:00:00
IL,JOHNSBURG POLICE DEPT,1240-01-411-1265,"SIGHT,REFLEX",16,Each,315,D,1,2014-06-04 00:00:00
IL,JOHNSBURG POLICE DEPT,1005-01-128-9936,"RIFLE,5.56 MILLIMETER",1,Each,749,D,1,2014-09-30 00:00:00
IL,JOHNSBURG POLICE DEPT,1005-01-128-9936,"RIFLE,5.56 MILLIMETER",1,Each,749,D,1,2014-09-30 00:00:00
IL,JOHNSBURG POLICE DEPT,1005-01-128-9936,"RIFLE,5.56 MILLIMETER",1,Each,749,D,1,2014-09-30 00:00:00
IL,JOHNSON COUNTY SHERIFF DEPT,2320-01-128-9551,"TRUCK,UTILITY",1,Each,50458,C,1,2013-06-14 00:00:00
IL,JOHNSON COUNTY SHERIFF DEPT,2320-01-107-7156,"TRUCK,UTILITY",1,Each,43376,Q,6,2013-01-02 00:00:00
IL,JOHNSON COUNTY SHERIFF DEPT,2330-01-090-7862,"SEMITRAILER,LOW BED",1,Each,27114,Q,6,2015-08-10 00:00:00
IL,JOHNSON COUNTY SHERIFF DEPT,1240-00-930-3833,BINOCULAR,6,Each,278.05,D,1,2015-03-12 00:00:00
IL,JOHNSON COUNTY SHERIFF DEPT,2320-01-128-9552,"TRUCK,UTILITY",1,Each,49897,C,1,2013-06-14 00:00:00
IL,JOLIET POLICE DEPT,1005-00-073-9421,"RIFLE,5.56 MILLIMETER",1,Each,499,D,1,1998-07-08 00:00:00
IL,JOLIET POLICE DEPT,1005-00-073-9421,"RIFLE,5.56 MILLIMETER",1,Each,499,D,1,1998-07-09 00:00:00
IL,JOLIET POLICE DEPT,1005-00-073-9421,"RIFLE,5.56 MILLIMETER",1,Each,499,D,1,1998-07-08 00:00:00
IL,JOLIET POLICE DEPT,1005-00-073-9421,"RIFLE,5.56 MILLIMETER",1,Each,499,D,1,1998-07-08 00:00:00
IL,JOLIET POLICE DEPT,1005-00-073-9421,"RIFLE,5.56 MILLIMETER",1,Each,499,D,1,1998-07-09 00:00:00
IL,JOLIET POLICE DEPT,1095-01-526-7860,"FIRING DEVICE,NON-LETHAL",10,Each,1093,D,1,2015-06-05 00:00:00
IL,JOLIET POLICE DEPT,2320-01-074-7642,"TRUCK,ARMORED",1,Each,65070,C,1,1995-01-06 00:00:00
IL,JOLIET POLICE DEPT,1385-01-574-4707,"UNMANNED VEHICLE,GROUND",1,Each,10000,Q,3,2013-03-21 00:00:00
IL,JOLIET POLICE DEPT,1005-00-073-9421,"RIFLE,5.56 MILLIMETER",1,Each,499,D,1,1998-07-08 00:00:00
IL,JOLIET POLICE DEPT,1005-00-073-9421,"RIFLE,5.56 MILLIMETER",1,Each,499,D,1,1998-07-08 00:00:00
IL,JOLIET POLICE DEPT,1005-00-073-9421,"RIFLE,5.56 MILLIMETER",1,Each,499,D,1,1998-07-09 00:00:00
IL,JOLIET POLICE DEPT,1005-00-073-9421,"RIFLE,5.56 MILLIMETER",1,Each,499,D,1,1998-07-09 00:00:00
IL,JOLIET POLICE DEPT,1005-00-073-9421,"RIFLE,5.56 MILLIMETER",1,Each,499,D,1,1998-07-08 00:00:00
IL,JOLIET POLICE DEPT,1005-00-073-9421,"RIFLE,5.56 MILLIMETER",1,Each,499,D,1,1998-07-08 00:00:00
IL,JOLIET POLICE DEPT,1005-00-073-9421,"RIFLE,5.56 MILLIMETER",1,Each,499,D,1,1998-07-08 00:00:00
IL,JUSTICE POLICE DEPT,2355-01-590-1660,MINE RESISTANT VEHICLE,1,Each,733000,C,1,2014-02-13 00:00:00
IL,KANE COUNTY FOREST PRESERVE POLICE,1005-00-073-9421,"RIFLE,5.56 MILLIMETER",1,Each,499,D,1,2002-07-24 00:00:00
IL,KANE COUNTY FOREST PRESERVE POLICE,1005-00-073-9421,"RIFLE,5.56 MILLIMETER",1,Each,499,D,1,2002-07-24 00:00:00
IL,KANE COUNTY SHERIFFS OFFICE,1005-00-073-9421,"RIFLE,5.56 MILLIMETER",1,Each,499,D,1,2003-07-30 00:00:00
IL,KANE COUNTY SHERIFFS OFFICE,1240-01-411-1265,"SIGHT,REFLEX",4,Each,315,D,1,2013-04-11 00:00:00
IL,KANE COUNTY SHERIFFS OFFICE,1005-00-073-9421,"RIFLE,5.56 MILLIMETER",1,Each,499,D,1,2003-07-30 00:00:00
IL,KANE COUNTY SHERIFFS OFFICE,1005-00-073-9421,"RIFLE,5.56 MILLIMETER",1,Each,499,D,1,2003-07-30 00:00:00
IL,KANE COUNTY SHERIFFS OFFICE,1005-00-073-9421,"RIFLE,5.56 MILLIMETER",1,Each,499,D,1,2003-07-30 00:00:00
IL,KANE COUNTY SHERIFFS OFFICE,1005-00-073-9421,"RIFLE,5.56 MILLIMETER",1,Each,499,D,1,2003-07-30 00:00:00
IL,KANE COUNTY SHERIFFS OFFICE,5965-01-574-2790,"HEADSET,ELECTRICAL",45,Each,2717.26,B,3,2013-12-13 00:00:00
IL,KANE COUNTY SHERIFFS OFFICE,1005-01-437-0324,"SUPPRESSOR,SMALL ARMS WEAPON",1,Each,727,D,1,2013-12-16 00:00:00
IL,KANE COUNTY SHERIFFS OFFICE,1240-01-534-1114,"SIGHT,BORE,OPTICAL",10,Each,865,F,1,2013-12-05 00:00:00
IL,KANE COUNTY SHERIFFS OFFICE,1005-00-073-9421,"RIFLE,5.56 MILLIMETER",1,Each,499,D,1,2002-08-12 00:00:00
IL,KANE COUNTY SHERIFFS OFFICE,1005-00-073-9421,"RIFLE,5.56 MILLIMETER",1,Each,499,D,1,2002-08-12 00:00:00
IL,KANE COUNTY SHERIFFS OFFICE,1005-00-589-1271,"RIFLE,7.62 MILLIMETER",1,Each,138,D,1,1999-04-06 00:00:00
IL,KANE COUNTY SHERIFFS OFFICE,1005-00-589-1271,"RIFLE,7.62 MILLIMETER",1,Each,138,D,1,1999-04-06 00:00:00
IL,KANE COUNTY SHERIFFS OFFICE,1005-00-589-1271,"RIFLE,7.62 MILLIMETER",1,Each,138,D,1,1999-04-06 00:00:00
IL,KANE COUNTY SHERIFFS OFFICE,1005-00-073-9421,"RIFLE,5.56 MILLIMETER",1,Each,499,D,1,2002-08-12 00:00:00
IL,KANE COUNTY SHERIFFS OFFICE,1005-00-073-9421,"RIFLE,5.56 MILLIMETER",1,Each,499,D,1,2002-08-12 00:00:00
IL,KANE COUNTY SHERIFFS OFFICE,1005-00-073-9421,"RIFLE,5.56 MILLIMETER",1,Each,499,D,1,2002-08-12 00:00:00
IL,KANE COUNTY SHERIFFS OFFICE,1005-00-073-9421,"RIFLE,5.56 MILLIMETER",1,Each,499,D,1,2002-08-12 00:00:00
IL,KANE COUNTY SHERIFFS OFFICE,1005-00-073-9421,"RIFLE,5.56 MILLIMETER",1,Each,499,D,1,2002-08-12 00:00:00
IL,KANE COUNTY SHERIFFS OFFICE,1005-00-073-9421,"RIFLE,5.56 MILLIMETER",1,Each,499,D,1,2002-08-12 00:00:00
IL,KANE COUNTY SHERIFFS OFFICE,1005-00-589-1271,"RIFLE,7.62 MILLIMETER",1,Each,138,D,1,1999-04-06 00:00:00
IL,KANE COUNTY SHERIFFS OFFICE,1005-00-589-1271,"RIFLE,7.62 MILLIMETER",1,Each,138,D,1,1999-04-06 00:00:00
IL,KANE COUNTY SHERIFFS OFFICE,1005-00-073-9421,"RIFLE,5.56 MILLIMETER",1,Each,499,D,1,2002-08-12 00:00:00
IL,KANE COUNTY SHERIFFS OFFICE,1005-00-073-9421,"RIFLE,5.56 MILLIMETER",1,Each,499,D,1,2002-08-12 00:00:00
IL,KANE COUNTY SHERIFFS OFFICE,1005-00-073-9421,"RIFLE,5.56 MILLIMETER",1,Each,499,D,1,2002-08-12 00:00:00
IL,KANE COUNTY SHERIFFS OFFICE,1005-00-073-9421,"RIFLE,5.56 MILLIMETER",1,Each,499,D,1,2002-08-12 00:00:00
IL,KANE COUNTY SHERIFFS OFFICE,1005-00-073-9421,"RIFLE,5.56 MILLIMETER",1,Each,499,D,1,2002-08-12 00:00:00
IL,KANE COUNTY SHERIFFS OFFICE,1005-00-073-9421,"RIFLE,5.56 MILLIMETER",1,Each,499,D,1,2002-08-12 00:00:00
IL,KANE COUNTY SHERIFFS OFFICE,1005-00-073-9421,"RIFLE,5.56 MILLIMETER",1,Each,499,D,1,2002-08-12 00:00:00
IL,KANE COUNTY SHERIFFS OFFICE,1005-00-589-1271,"RIFLE,7.62 MILLIMETER",1,Each,138,D,1,1999-04-06 00:00:00
IL,KANE COUNTY SHERIFFS OFFICE,1005-00-073-9421,"RIFLE,5.56 MILLIMETER",1,Each,499,D,1,2002-08-12 00:00:00
IL,KANE COUNTY SHERIFFS OFFICE,1005-00-073-9421,"RIFLE,5.56 MILLIMETER",1,Each,499,D,1,2002-08-12 00:00:00
IL,KANE COUNTY SHERIFFS OFFICE,1005-00-073-9421,"RIFLE,5.56 MILLIMETER",1,Each,499,D,1,2002-08-12 00:00:00
IL,KANE COUNTY SHERIFFS OFFICE,1005-00-073-9421,"RIFLE,5.56 MILLIMETER",1,Each,499,D,1,2002-08-12 00:00:00
IL,KANE COUNTY SHERIFFS OFFICE,1005-00-589-1271,"RIFLE,7.62 MILLIMETER",1,Each,138,D,1,2008-11-13 00:00:00
IL,KANE COUNTY SHERIFFS OFFICE,1005-00-589-1271,"RIFLE,7.62 MILLIMETER",1,Each,138,D,1,2008-11-13 00:00:00
IL,KANE COUNTY SHERIFFS OFFICE,1005-00-589-1271,"RIFLE,7.62 MILLIMETER",1,Each,138,D,1,2008-11-13 00:00:00
IL,KANE COUNTY SHERIFFS OFFICE,1005-00-589-1271,"RIFLE,7.62 MILLIMETER",1,Each,138,D,1,2008-11-13 00:00:00
IL,KANE COUNTY SHERIFFS OFFICE,1005-00-589-1271,"RIFLE,7.62 MILLIMETER",1,Each,138,D,1,2008-11-13 00:00:00
IL,KANE COUNTY SHERIFFS OFFICE,1005-00-073-9421,"RIFLE,5.56 MILLIMETER",1,Each,499,D,1,2003-07-30 00:00:00
IL,KANE COUNTY SHERIFFS OFFICE,6150-01-586-4941,"CABLE ASSEMBLY,SPECIAL PURPOSE,ELECTRICAL,BRANCHED",5,Each,436.22,B,3,2014-05-31 00:00:00
IL,KANE COUNTY SHERIFFS OFFICE,5855-01-556-7130,"DISPLAY UNIT,HEAD-UP",3,Each,1740,D,1,2014-05-28 00:00:00
IL,KANE COUNTY SHERIFFS OFFICE,1005-01-569-2263,"SUPPRESSOR,FLASH",1,Each,758,D,1,2014-04-11 00:00:00
IL,KANE COUNTY SHERIFFS OFFICE,2320-DS-TRU-CKDQ,"TRUCKS AND TRUCK TRACTORS, DEMIL Q",1,Each,250000,Q,,2014-06-02 00:00:00
IL,KANE COUNTY SHERIFFS OFFICE,6150-01-586-4951,"CABLE ASSEMBLY,SPECIAL PURPOSE,ELECTRICAL,BRANCHED",5,Each,171.84,B,3,2014-05-29 00:00:00
IL,KANE COUNTY SHERIFFS OFFICE,1240-01-540-3690,"SIGHT,REFLEX",4,Each,365,D,1,2014-01-14 00:00:00
IL,KANE COUNTY SHERIFFS OFFICE,1005-00-073-9421,"RIFLE,5.56 MILLIMETER",1,Each,499,D,1,2003-07-30 00:00:00
IL,KANE COUNTY SHERIFFS OFFICE,1005-00-073-9421,"RIFLE,5.56 MILLIMETER",1,Each,499,D,1,2003-07-30 00:00:00
IL,KANE COUNTY SHERIFFS OFFICE,1240-01-540-3690,"SIGHT,REFLEX",10,Each,365,D,1,2014-01-14 00:00:00
IL,KANE COUNTY SHERIFFS OFFICE,1005-00-073-9421,"RIFLE,5.56 MILLIMETER",1,Each,499,D,1,2003-07-30 00:00:00
IL,KANE COUNTY SHERIFFS OFFICE,2590-DS-VEH-MIDB,"MISC VEHICULAR COMPONENTS, DEMIL B",1,Each,500,B,,2013-03-25 00:00:00
IL,KANE COUNTY SHERIFFS OFFICE,2815-DS-ENG-INE2,DIESEL ENGINES AND COMPONENTS,1,Each,25000,Q,,2012-12-13 00:00:00
IL,KANE COUNTY SHERIFFS OFFICE,2530-DS-AXL-E000,VEHICLE AXLE,1,Each,6500,B,,2012-12-13 00:00:00
IL,KANE COUNTY SHERIFFS OFFICE,1005-00-073-9421,"RIFLE,5.56 MILLIMETER",1,Each,499,D,1,2003-07-30 00:00:00
IL,KANE COUNTY SHERIFFS OFFICE,2355-DS-COM-BTV2,ONLY COMPLETE COMBAT/ASSAULT/TACTICAL WHEELED VEHICLES,1,Each,460000,D,,2011-10-28 00:00:00
IL,KANE COUNTY SHERIFFS OFFICE,1005-00-073-9421,"RIFLE,5.56 MILLIMETER",1,Each,499,D,1,2003-07-30 00:00:00
IL,KANE COUNTY SHERIFFS OFFICE,5855-01-433-5746,"HARNESS,NIGHT VISION GOGGLES",4,Each,3710.54,B,3,2013-07-26 00:00:00
IL,KANE COUNTY SHERIFFS OFFICE,2530-DS-AXL-E000,VEHICLE AXLE,1,Each,6500,B,,2012-12-13 00:00:00
IL,KANE COUNTY SHERIFFS OFFICE,1005-00-073-9421,"RIFLE,5.56 MILLIMETER",1,Each,499,D,1,2003-07-30 00:00:00
IL,KANE COUNTY SHERIFFS OFFICE,1005-00-073-9421,"RIFLE,5.56 MILLIMETER",1,Each,499,D,1,2003-07-30 00:00:00
IL,KANE COUNTY SHERIFFS OFFICE,1005-00-073-9421,"RIFLE,5.56 MILLIMETER",1,Each,499,D,1,2003-07-30 00:00:00
IL,KANE COUNTY SHERIFFS OFFICE,1005-00-073-9421,"RIFLE,5.56 MILLIMETER",1,Each,499,D,1,2003-07-30 00:00:00
IL,KANE COUNTY SHERIFFS OFFICE,4933-01-394-7781,"BORE LIGHT SYSTEM,LASER",1,Each,649,D,1,2013-05-01 00:00:00
IL,KANE COUNTY SHERIFFS OFFICE,1005-00-073-9421,"RIFLE,5.56 MILLIMETER",1,Each,499,D,1,2003-07-30 00:00:00
IL,KANE COUNTY SHERIFFS OFFICE,1005-00-073-9421,"RIFLE,5.56 MILLIMETER",1,Each,499,D,1,2003-07-30 00:00:00
IL,KANE COUNTY SHERIFFS OFFICE,1005-00-073-9421,"RIFLE,5.56 MILLIMETER",1,Each,499,D,1,2003-07-30 00:00:00
IL,KANE COUNTY SHERIFFS OFFICE,1005-00-073-9421,"RIFLE,5.56 MILLIMETER",1,Each,499,D,1,2003-07-30 00:00:00
IL,KANE COUNTY SHERIFFS OFFICE,1005-00-073-9421,"RIFLE,5.56 MILLIMETER",1,Each,499,D,1,2003-07-30 00:00:00
IL,KANE COUNTY SHERIFFS OFFICE,5855-01-448-6658,"ILLUMINATOR,INFRARED",2,Each,6531.5,D,1,2013-05-14 00:00:00
IL,KANE COUNTY SHERIFFS OFFICE,1005-00-073-9421,"RIFLE,5.56 MILLIMETER",1,Each,499,D,1,2003-07-30 00:00:00
IL,KANE COUNTY SHERIFFS OFFICE,6230-01-589-4829,"LIGHT KIT,WEAPONS  ",4,Kit,7204.38,B,3,2013-06-04 00:00:00
IL,KANE COUNTY SHERIFFS OFFICE,1005-00-073-9421,"RIFLE,5.56 MILLIMETER",1,Each,499,D,1,2003-07-30 00:00:00
IL,KANE COUNTY SHERIFFS OFFICE,1240-01-540-3690,"SIGHT,REFLEX",1,Each,365,D,1,2013-05-01 00:00:00
IL,KANE COUNTY SHERIFFS OFFICE,1240-01-411-1265,"SIGHT,REFLEX",1,Each,315,D,1,2013-04-11 00:00:00
IL,KANE COUNTY SHERIFFS OFFICE,5855-00-629-5343,"VIEWING SET,NIGHT VISION",1,Each,923,C,1,2013-05-14 00:00:00
IL,KANE COUNTY SHERIFFS OFFICE,1005-00-073-9421,"RIFLE,5.56 MILLIMETER",1,Each,499,D,1,2003-07-30 00:00:00
IL,KANE COUNTY SHERIFFS OFFICE,1005-00-073-9421,"RIFLE,5.56 MILLIMETER",1,Each,499,D,1,2003-07-30 00:00:00
IL,KANE COUNTY SHERIFFS OFFICE,1005-00-073-9421,"RIFLE,5.56 MILLIMETER",1,Each,499,D,1,2003-07-30 00:00:00
IL,KANE COUNTY SHERIFFS OFFICE,2355-DS-COM-BTV2,ONLY COMPLETE COMBAT/ASSAULT/TACTICAL WHEELED VEHICLES,1,Each,410000,D,,2012-12-12 00:00:00
IL,KANE COUNTY SHERIFFS OFFICE,1005-00-073-9421,"RIFLE,5.56 MILLIMETER",1,Each,499,D,1,2003-07-30 00:00:00
IL,KANE COUNTY SHERIFFS OFFICE,1005-00-073-9421,"RIFLE,5.56 MILLIMETER",1,Each,499,D,1,2003-07-30 00:00:00
IL,KANE COUNTY SHERIFFS OFFICE,1240-01-411-1265,"SIGHT,REFLEX",15,Each,315,D,1,2013-05-15 00:00:00
IL,KANE COUNTY SHERIFFS OFFICE,2320-01-128-9552,"TRUCK,UTILITY",1,Each,49897,C,1,2013-08-06 00:00:00
IL,KANE COUNTY SHERIFFS OFFICE,1005-00-073-9421,"RIFLE,5.56 MILLIMETER",1,Each,499,D,1,2003-07-30 00:00:00
IL,KANE COUNTY SHERIFFS OFFICE,1005-00-073-9421,"RIFLE,5.56 MILLIMETER",1,Each,499,D,1,2003-07-30 00:00:00
IL,KANE COUNTY SHERIFFS OFFICE,1005-00-073-9421,"RIFLE,5.56 MILLIMETER",1,Each,499,D,1,2003-07-30 00:00:00
IL,KANE COUNTY SHERIFFS OFFICE,1005-00-073-9421,"RIFLE,5.56 MILLIMETER",1,Each,499,D,1,2003-07-30 00:00:00
IL,KANE COUNTY SHERIFFS OFFICE,6230-01-572-5707,"LIGHT SET,GENERAL ILLUMINATION",7,Each,6899.69,B,3,2013-07-16 00:00:00
IL,KANE COUNTY SHERIFFS OFFICE,1095-01-529-4911,"PISTOL,ELECTRICAL IMPULSE",50,Each,800,D,1,2013-04-25 00:00:00
IL,KANE COUNTY SHERIFFS OFFICE,6230-01-572-5707,"LIGHT SET,GENERAL ILLUMINATION",15,Each,6899.69,B,3,2013-07-16 00:00:00
IL,KANE COUNTY SHERIFFS OFFICE,1005-00-073-9421,"RIFLE,5.56 MILLIMETER",1,Each,499,D,1,2003-07-30 00:00:00
IL,KANE COUNTY SHERIFFS OFFICE,1005-00-073-9421,"RIFLE,5.56 MILLIMETER",1,Each,499,D,1,2003-07-30 00:00:00
IL,KANE COUNTY SHERIFFS OFFICE,5995-25-152-0253,"CABLE ASSEMBLY,SPECIAL PURPOSE,ELECTRICAL",25,Each,318.21,B,3,2014-01-06 00:00:00
IL,KANE COUNTY SHERIFFS OFFICE,1240-01-533-0939,"SIGHT,BORE,OPTICAL",10,Each,800,D,1,2013-12-16 00:00:00
IL,KANE COUNTY SHERIFFS OFFICE,1005-00-073-9421,"RIFLE,5.56 MILLIMETER",1,Each,499,D,1,2003-07-30 00:00:00
IL,KANE COUNTY SHERIFFS OFFICE,1005-00-073-9421,"RIFLE,5.56 MILLIMETER",1,Each,499,D,1,2003-07-30 00:00:00
IL,KANE COUNTY SHERIFFS OFFICE,1005-00-073-9421,"RIFLE,5.56 MILLIMETER",1,Each,499,D,1,2003-07-30 00:00:00
IL,KANE COUNTY SHERIFFS OFFICE,1005-00-073-9421,"RIFLE,5.56 MILLIMETER",1,Each,499,D,1,2003-07-30 00:00:00
IL,KANE COUNTY SHERIFFS OFFICE,2320-01-128-9552,"TRUCK,UTILITY",1,Each,49897,C,1,2013-08-06 00:00:00
IL,KANE COUNTY SHERIFFS OFFICE,4933-01-394-7781,"BORE LIGHT SYSTEM,LASER",1,Each,649,D,1,2013-04-11 00:00:00
IL,KANE COUNTY SHERIFFS OFFICE,1240-01-540-3690,"SIGHT,REFLEX",1,Each,365,D,1,2013-04-11 00:00:00
IL,KANE COUNTY SHERIFFS OFFICE,5855-00-629-5343,"VIEWING SET,NIGHT VISION",1,Each,923,C,1,2013-05-14 00:00:00
IL,KANE COUNTY SHERIFFS OFFICE,5855-00-629-5343,"VIEWING SET,NIGHT VISION",1,Each,923,C,1,2013-05-14 00:00:00
IL,KANE COUNTY SHERIFFS OFFICE,5855-00-629-5343,"VIEWING SET,NIGHT VISION",1,Each,923,C,1,2013-05-14 00:00:00
IL,KANE COUNTY SHERIFFS OFFICE,5855-00-629-5343,"VIEWING SET,NIGHT VISION",1,Each,923,C,1,2013-05-14 00:00:00
IL,KANE COUNTY SHERIFFS OFFICE,5855-00-629-5343,"VIEWING SET,NIGHT VISION",1,Each,923,C,1,2013-05-14 00:00:00
IL,KANE COUNTY SHERIFFS OFFICE,5855-00-629-5343,"VIEWING SET,NIGHT VISION",1,Each,923,C,1,2013-05-14 00:00:00
IL,KANE COUNTY SHERIFFS OFFICE,5855-00-629-5343,"VIEWING SET,NIGHT VISION",1,Each,923,C,1,2013-05-14 00:00:00
IL,KANE COUNTY SHERIFFS OFFICE,5855-00-629-5343,"VIEWING SET,NIGHT VISION",1,Each,923,C,1,2013-05-14 00:00:00
IL,KANE COUNTY SHERIFFS OFFICE,5855-00-629-5343,"VIEWING SET,NIGHT VISION",1,Each,923,C,1,2013-05-14 00:00:00
IL,KANE COUNTY SHERIFFS OFFICE,1005-00-589-1271,"RIFLE,7.62 MILLIMETER",1,Each,138,D,1,1999-04-06 00:00:00
IL,KANE COUNTY SHERIFFS OFFICE,1005-00-073-9421,"RIFLE,5.56 MILLIMETER",1,Each,499,D,1,2003-07-30 00:00:00
IL,KANE COUNTY SHERIFFS OFFICE,1005-00-589-1271,"RIFLE,7.62 MILLIMETER",1,Each,138,D,1,1999-04-06 00:00:00
IL,KANE COUNTY SHERIFFS OFFICE,2355-01-561-0281,MINE RESISTANT VEHICLE,1,Each,689000,C,1,2016-04-04 00:00:00
IL,KANE COUNTY SHERIFFS OFFICE,1005-01-569-2263,"SUPPRESSOR,FLASH",1,Each,758,D,1,2014-04-11 00:00:00
IL,KANE COUNTY SHERIFFS OFFICE,1005-01-569-2263,"SUPPRESSOR,FLASH",1,Each,758,D,1,2014-04-11 00:00:00
IL,KANE COUNTY SHERIFFS OFFICE,1005-01-569-2263,"SUPPRESSOR,FLASH",1,Each,758,D,1,2014-04-11 00:00:00
IL,KANE COUNTY SHERIFFS OFFICE,1005-01-569-2263,"SUPPRESSOR,FLASH",1,Each,758,D,1,2014-04-11 00:00:00
IL,KANE COUNTY SHERIFFS OFFICE,1005-01-569-2263,"SUPPRESSOR,FLASH",1,Each,758,D,1,2014-04-11 00:00:00
IL,KANE COUNTY SHERIFFS OFFICE,1005-01-569-2263,"SUPPRESSOR,FLASH",1,Each,758,D,1,2014-04-11 00:00:00
IL,KANE COUNTY SHERIFFS OFFICE,1005-01-569-2263,"SUPPRESSOR,FLASH",1,Each,758,D,1,2014-04-11 00:00:00
IL,KANE COUNTY SHERIFFS OFFICE,1005-01-569-2263,"SUPPRESSOR,FLASH",1,Each,758,D,1,2014-04-11 00:00:00
IL,KANE COUNTY SHERIFFS OFFICE,1005-01-569-2263,"SUPPRESSOR,FLASH",1,Each,758,D,1,2014-04-11 00:00:00
IL,KANE COUNTY SHERIFFS OFFICE,1005-01-569-2263,"SUPPRESSOR,FLASH",1,Each,758,D,1,2014-04-11 00:00:00
IL,KANE COUNTY SHERIFFS OFFICE,1005-01-569-2263,"SUPPRESSOR,FLASH",1,Each,758,D,1,2014-04-11 00:00:00
IL,KANE COUNTY SHERIFFS OFFICE,1005-01-569-2263,"SUPPRESSOR,FLASH",1,Each,758,D,1,2014-04-11 00:00:00
IL,KANE COUNTY SHERIFFS OFFICE,1005-01-569-2263,"SUPPRESSOR,FLASH",1,Each,758,D,1,2014-04-11 00:00:00
IL,KANE COUNTY SHERIFFS OFFICE,1005-01-569-2263,"SUPPRESSOR,FLASH",1,Each,758,D,1,2014-04-11 00:00:00
IL,KANE COUNTY SHERIFFS OFFICE,1005-01-569-2263,"SUPPRESSOR,FLASH",1,Each,758,D,1,2014-04-11 00:00:00
IL,KANE COUNTY SHERIFFS OFFICE,1005-01-569-2263,"SUPPRESSOR,FLASH",1,Each,758,D,1,2014-04-11 00:00:00
IL,KANE COUNTY SHERIFFS OFFICE,1005-01-569-2263,"SUPPRESSOR,FLASH",1,Each,758,D,1,2014-04-11 00:00:00
IL,KANE COUNTY SHERIFFS OFFICE,1005-01-569-2263,"SUPPRESSOR,FLASH",1,Each,758,D,1,2014-04-11 00:00:00
IL,KANE COUNTY SHERIFFS OFFICE,1005-01-569-2263,"SUPPRESSOR,FLASH",1,Each,758,D,1,2014-04-11 00:00:00
IL,KANE COUNTY SHERIFFS OFFICE,1005-01-569-2263,"SUPPRESSOR,FLASH",1,Each,758,D,1,2014-04-11 00:00:00
IL,KANE COUNTY SHERIFFS OFFICE,1005-01-569-2263,"SUPPRESSOR,FLASH",1,Each,758,D,1,2014-04-11 00:00:00
IL,KANE COUNTY SHERIFFS OFFICE,1005-01-569-2263,"SUPPRESSOR,FLASH",1,Each,758,D,1,2014-04-11 00:00:00
IL,KANE COUNTY SHERIFFS OFFICE,1005-01-569-2263,"SUPPRESSOR,FLASH",1,Each,758,D,1,2014-04-11 00:00:00
IL,KANE COUNTY SHERIFFS OFFICE,1005-01-569-2263,"SUPPRESSOR,FLASH",1,Each,758,D,1,2014-04-11 00:00:00
IL,KANE COUNTY SHERIFFS OFFICE,1005-01-569-2263,"SUPPRESSOR,FLASH",1,Each,758,D,1,2014-04-11 00:00:00
IL,KANE COUNTY SHERIFFS OFFICE,1005-01-569-2263,"SUPPRESSOR,FLASH",1,Each,758,D,1,2014-04-11 00:00:00
IL,KANE COUNTY SHERIFFS OFFICE,1005-01-569-2263,"SUPPRESSOR,FLASH",1,Each,758,D,1,2014-04-11 00:00:00
IL,KANE COUNTY SHERIFFS OFFICE,1005-01-569-2263,"SUPPRESSOR,FLASH",1,Each,758,D,1,2014-04-11 00:00:00
IL,KANE COUNTY SHERIFFS OFFICE,1005-01-569-2263,"SUPPRESSOR,FLASH",1,Each,758,D,1,2014-04-11 00:00:00
IL,KANE COUNTY SHERIFFS OFFICE,6220-01-586-4839,"CONTROL,ELECTRIC LIGHT",10,Each,901.52,B,3,2014-07-15 00:00:00
IL,KANE COUNTY SHERIFFS OFFICE,6650-DS-OPT-ICIN,OPTICAL INSTRUMENTS,1,Each,100,D,,2014-09-26 00:00:00
IL,KANE COUNTY SHERIFFS OFFICE,1385-01-574-4707,"UNMANNED VEHICLE,GROUND",1,Each,10000,Q,3,2014-05-13 00:00:00
IL,KANE COUNTY SHERIFFS OFFICE,5855-01-533-0555,"ILLUMINATOR,INFRARED",14,Each,1800,D,1,2014-02-14 00:00:00
IL,KANE COUNTY SHERIFFS OFFICE,5855-01-556-7130,"DISPLAY UNIT,HEAD-UP",2,Each,1740,D,1,2014-05-28 00:00:00
IL,KANE COUNTY SHERIFFS OFFICE,6150-01-586-4947,"CABLE ASSEMBLY,POWER,ELECTRICAL,BRANCHED",5,Each,110.16,B,3,2014-05-31 00:00:00
IL,KANE COUNTY SHERIFFS OFFICE,6150-01-586-4951,"CABLE ASSEMBLY,SPECIAL PURPOSE,ELECTRICAL,BRANCHED",5,Each,171.84,B,3,2014-07-15 00:00:00
IL,KANE COUNTY SHERIFFS OFFICE,1385-01-063-6053,"TOOL KIT,SUPPLEMENTAL,EXPLOSIVE ORDNANCE DISPOSAL",1,Each,1994,B,3,2014-04-02 00:00:00
IL,KANE COUNTY SHERIFFS OFFICE,5820-01-600-9530,"RECEIVER-TRANSMITTER,RADIO",15,Each,2193,D,1,2014-04-15 00:00:00
IL,KANE COUNTY SHERIFFS OFFICE,6150-01-598-7954,"WIRING HARNESS,BRANCHED",5,Each,256.13,B,3,2014-05-31 00:00:00
IL,KANE COUNTY SHERIFFS OFFICE,6150-01-586-4953,"CABLE ASSEMBLY,POWER,ELECTRICAL,BRANCHED",5,Each,110.16,B,3,2014-05-31 00:00:00
IL,KANE COUNTY SHERIFFS OFFICE,5340-01-509-1467,"BRACKET,LEVER",40,Each,37.93,B,3,2014-04-23 00:00:00
IL,KANKAKEE COUNTY SHERIFFS OFFICE,1240-01-411-1265,"SIGHT,REFLEX",50,Each,315,D,1,2010-06-30 00:00:00
IL,KANKAKEE COUNTY SHERIFFS OFFICE,1240-01-411-1265,"SIGHT,REFLEX",30,Each,315,D,1,2010-06-23 00:00:00
IL,KANKAKEE COUNTY SHERIFFS OFFICE,8470-01-472-1905,"HELMET COVER,BALLIS",6,Each,136.57,B,3,2010-04-19 00:00:00
IL,KANKAKEE COUNTY SHERIFFS OFFICE,5965-01-388-4139,HEADSET-MICROPHONE,2,Each,675,B,3,2010-04-19 00:00:00
IL,KANKAKEE COUNTY SHERIFFS OFFICE,8470-01-472-1904,"HELMET COVER,BALLIS",2,Each,136.57,B,3,2010-04-19 00:00:00
IL,KANKAKEE COUNTY SHERIFFS OFFICE,8470-01-472-1906,"HELMET COVER,BALLIS",5,Each,136.57,B,3,2010-04-19 00:00:00
IL,KANKAKEE COUNTY SHERIFFS OFFICE,1240-01-411-1265,"SIGHT,REFLEX",50,Each,315,D,1,2011-05-31 00:00:00
IL,KANKAKEE COUNTY SHERIFFS OFFICE,2540-01-556-3692,"SEAT,VEHICULAR",3,Each,4336.11,B,3,2013-11-07 00:00:00
IL,KANKAKEE COUNTY SHERIFFS OFFICE,2540-01-556-3692,"SEAT,VEHICULAR",4,Each,4336.11,B,3,2013-10-19 00:00:00
IL,KANKAKEE COUNTY SHERIFFS OFFICE,2540-01-556-3692,"SEAT,VEHICULAR",3,Each,4336.11,B,3,2013-10-28 00:00:00
IL,KANKAKEE COUNTY SHERIFFS OFFICE,2540-01-556-3692,"SEAT,VEHICULAR",2,Each,4336.11,B,3,2013-10-22 00:00:00
IL,KANKAKEE COUNTY SHERIFFS OFFICE,2320-01-107-7155,"TRUCK,UTILITY",1,Each,41061,Q,6,2010-11-08 00:00:00
IL,KANKAKEE COUNTY SHERIFFS OFFICE,2355-01-553-4634,MINE RESISTANT VEHICLE,1,Each,658000,C,1,2013-09-13 00:00:00
IL,KANKAKEE COUNTY SHERIFFS OFFICE,8470-01-441-0885,BALLISTIC BLANKET  ,2,Each,1270.8,D,1,2010-04-19 00:00:00
IL,KANKAKEE COUNTY SHERIFFS OFFICE,1240-01-490-9776,"SIGHT,BORE,OPTICAL",1,Each,2111.56,D,1,2011-11-01 00:00:00
IL,KANKAKEE COUNTY SHERIFFS OFFICE,5855-01-501-3081,"ILLUMINATOR,INFRARED",8,Each,393,C,1,2011-04-20 00:00:00
IL,KANKAKEE COUNTY SHERIFFS OFFICE,1240-01-492-5264,"SIGHT,HOLOGRAPHIC  ",50,Each,506.8,D,1,2010-06-29 00:00:00
IL,KARNAK POLICE DEPT,3825-01-136-2920,"CLEANER,VACUUM,SELF-PROPELLED",1,Each,70182.59,A,1,2016-10-19 00:00:00
IL,KARNAK POLICE DEPT,5820-01-270-5099,RECEIVER-TRANSMITTER CONTROL GROUP,1,Each,19283.36,C,7,2013-11-14 00:00:00
IL,KARNAK POLICE DEPT,4920-01-476-9271,"SHOP SET,COMPOSITE ",1,Set,238895,B,3,2013-12-17 00:00:00
IL,KARNAK POLICE DEPT,4220-01-023-1701,DIVING EQUIPMENT SET,1,Set,55753,A,7,2014-12-11 00:00:00
IL,KARNAK POLICE DEPT,2320-01-107-7155,"TRUCK,UTILITY",1,Each,41061,Q,6,2013-03-11 00:00:00
IL,KENDALL COUNTY SHERIFF OFFICE,1005-00-073-9421,"RIFLE,5.56 MILLIMETER",1,Each,499,D,1,2002-09-11 00:00:00
IL,KENDALL COUNTY SHERIFF OFFICE,2920-01-420-9968,"GENERATOR,ENGINE ACCESSORY",2,Each,2832,Q,0,2013-11-21 00:00:00
IL,KENDALL COUNTY SHERIFF OFFICE,1005-00-073-9421,"RIFLE,5.56 MILLIMETER",1,Each,499,D,1,2002-09-11 00:00:00
IL,KENDALL COUNTY SHERIFF OFFICE,1005-00-073-9421,"RIFLE,5.56 MILLIMETER",1,Each,499,D,1,2002-09-11 00:00:00
IL,KENDALL COUNTY SHERIFF OFFICE,1005-00-073-9421,"RIFLE,5.56 MILLIMETER",1,Each,499,D,1,2002-09-11 00:00:00
IL,KENDALL COUNTY SHERIFF OFFICE,1005-00-073-9421,"RIFLE,5.56 MILLIMETER",1,Each,499,D,1,2002-09-11 00:00:00
IL,KENDALL COUNTY SHERIFF OFFICE,1240-01-540-3690,"SIGHT,REFLEX",40,Each,365,D,1,2013-10-04 00:00:00
IL,KENDALL COUNTY SHERIFF OFFICE,2320-01-107-7153,"TRUCK,UTILITY",1,Each,63894,C,1,2013-09-24 00:00:00
IL,KENDALL COUNTY SHERIFF OFFICE,2320-01-107-7153,"TRUCK,UTILITY",1,Each,63894,C,1,2013-09-24 00:00:00
IL,KENDALL COUNTY SHERIFF OFFICE,2320-01-107-7153,"TRUCK,UTILITY",1,Each,63894,C,1,2013-09-24 00:00:00
IL,KENDALL COUNTY SHERIFF OFFICE,1005-00-589-1271,"RIFLE,7.62 MILLIMETER",1,Each,138,D,1,2008-11-12 00:00:00
IL,KENDALL COUNTY SHERIFF OFFICE,5855-01-523-7715,"SIGHT,THERMAL",1,Each,10508,D,1,2014-12-18 00:00:00
IL,KENDALL COUNTY SHERIFF OFFICE,5855-01-523-7715,"SIGHT,THERMAL",1,Each,10508,D,1,2014-12-18 00:00:00
IL,KENDALL COUNTY SHERIFF OFFICE,5855-01-523-7715,"SIGHT,THERMAL",1,Each,10508,D,1,2014-12-18 00:00:00
IL,KENDALL COUNTY SHERIFF OFFICE,5855-01-464-3152,"SIGHT,THERMAL",1,Each,17591,D,7,2014-12-18 00:00:00
IL,KENDALL COUNTY SHERIFF OFFICE,6150-01-586-4941,"CABLE ASSEMBLY,SPECIAL PURPOSE,ELECTRICAL,BRANCHED",1,Each,436.22,B,3,2014-09-26 00:00:00
IL,KENDALL COUNTY SHERIFF OFFICE,6150-01-586-4951,"CABLE ASSEMBLY,SPECIAL PURPOSE,ELECTRICAL,BRANCHED",1,Each,171.84,B,3,2014-09-26 00:00:00
IL,KENDALL COUNTY SHERIFF OFFICE,5895-01-382-3221,"CONTROL,INDICATOR",1,Each,2766,B,3,2014-08-29 00:00:00
IL,KENDALL COUNTY SHERIFF OFFICE,6150-01-586-4953,"CABLE ASSEMBLY,POWER,ELECTRICAL,BRANCHED",1,Each,110.16,B,3,2014-09-26 00:00:00
IL,KENDALL COUNTY SHERIFF OFFICE,6150-01-586-4947,"CABLE ASSEMBLY,POWER,ELECTRICAL,BRANCHED",1,Each,110.16,B,3,2014-09-26 00:00:00
IL,KENDALL COUNTY SHERIFF OFFICE,6130-01-555-4760,"INVERTER,ELECTRICAL",1,Each,4968.76,B,3,2014-09-28 00:00:00
IL,KENDALL COUNTY SHERIFF OFFICE,6150-01-577-9778,WIRING HARNESS,1,Each,794.26,B,3,2014-09-26 00:00:00
IL,KENDALL COUNTY SHERIFF OFFICE,6220-01-586-4839,"CONTROL,ELECTRIC LIGHT",2,Each,901.52,B,3,2014-09-26 00:00:00
IL,KENDALL COUNTY SHERIFF OFFICE,1240-01-386-2771,"TELESCOPE,STRAIGHT",3,Each,2051,F,1,2014-06-30 00:00:00
IL,KENDALL COUNTY SHERIFF OFFICE,6150-01-586-4961,"CABLE ASSEMBLY,SPECIAL PURPOSE,ELECTRICAL,BRANCHED",1,Each,110.16,B,3,2014-09-26 00:00:00
IL,KENDALL COUNTY SHERIFF OFFICE,2355-01-590-1660,MINE RESISTANT VEHICLE,1,Each,733000,C,1,2014-02-13 00:00:00
IL,KENDALL COUNTY SHERIFF OFFICE,1005-00-589-1271,"RIFLE,7.62 MILLIMETER",1,Each,138,D,1,2008-11-12 00:00:00
IL,KENDALL COUNTY SHERIFF OFFICE,1005-00-589-1271,"RIFLE,7.62 MILLIMETER",1,Each,138,D,1,2008-11-12 00:00:00
IL,KENDALL COUNTY SHERIFF OFFICE,1005-00-589-1271,"RIFLE,7.62 MILLIMETER",1,Each,138,D,1,2008-11-12 00:00:00
IL,KENDALL COUNTY SHERIFF OFFICE,1005-00-589-1271,"RIFLE,7.62 MILLIMETER",1,Each,138,D,1,2008-11-12 00:00:00
IL,KENDALL COUNTY SHERIFF OFFICE,1005-00-589-1271,"RIFLE,7.62 MILLIMETER",1,Each,138,D,1,2008-11-12 00:00:00
IL,KENDALL COUNTY SHERIFF OFFICE,1005-00-073-9421,"RIFLE,5.56 MILLIMETER",1,Each,499,D,1,2002-09-11 00:00:00
IL,KENDALL COUNTY SHERIFF OFFICE,1005-00-073-9421,"RIFLE,5.56 MILLIMETER",1,Each,499,D,1,2002-09-11 00:00:00
IL,KENDALL COUNTY SHERIFF OFFICE,1005-00-073-9421,"RIFLE,5.56 MILLIMETER",1,Each,499,D,1,2002-09-11 00:00:00
IL,KENDALL COUNTY SHERIFF OFFICE,1005-00-073-9421,"RIFLE,5.56 MILLIMETER",1,Each,499,D,1,2002-09-11 00:00:00
IL,KENDALL COUNTY SHERIFF OFFICE,1005-00-073-9421,"RIFLE,5.56 MILLIMETER",1,Each,499,D,1,2002-09-11 00:00:00
IL,KENDALL COUNTY SHERIFF OFFICE,1005-00-073-9421,"RIFLE,5.56 MILLIMETER",1,Each,499,D,1,2002-09-11 00:00:00
IL,KENDALL COUNTY SHERIFF OFFICE,1005-00-073-9421,"RIFLE,5.56 MILLIMETER",1,Each,499,D,1,2002-09-11 00:00:00
IL,KENDALL COUNTY SHERIFF OFFICE,1240-01-533-0939,"SIGHT,BORE,OPTICAL",15,Each,800,D,1,2013-10-31 00:00:00
IL,KENDALL COUNTY SHERIFF OFFICE,2320-01-128-9551,"TRUCK,UTILITY",1,Each,50458,C,1,2013-09-13 00:00:00
IL,KENDALL COUNTY SHERIFF OFFICE,2320-01-371-9579,"TRUCK,UTILITY",1,Each,63108,C,1,2013-09-13 00:00:00
IL,KEWANEE POLICE DEPT,1005-00-073-9421,"RIFLE,5.56 MILLIMETER",1,Each,499,D,1,2002-09-13 00:00:00
IL,KEWANEE POLICE DEPT,1005-00-073-9421,"RIFLE,5.56 MILLIMETER",1,Each,499,D,1,2002-09-13 00:00:00
IL,KEWANEE POLICE DEPT,1005-00-073-9421,"RIFLE,5.56 MILLIMETER",1,Each,499,D,1,2002-09-13 00:00:00
IL,KEWANEE POLICE DEPT,1005-00-073-9421,"RIFLE,5.56 MILLIMETER",1,Each,499,D,1,2002-09-13 00:00:00
IL,KILDEER POLICE DEPT,1005-00-073-9421,"RIFLE,5.56 MILLIMETER",1,Each,499,D,1,2004-07-26 00:00:00
IL,KILDEER POLICE DEPT,1005-00-073-9421,"RIFLE,5.56 MILLIMETER",1,Each,499,D,1,2004-07-26 00:00:00
IL,KILDEER POLICE DEPT,1005-00-073-9421,"RIFLE,5.56 MILLIMETER",1,Each,499,D,1,2004-07-26 00:00:00
IL,KILDEER POLICE DEPT,1005-00-073-9421,"RIFLE,5.56 MILLIMETER",1,Each,499,D,1,2004-07-26 00:00:00
IL,KINCAID POLICE DEPT,1005-00-726-5655,"PISTOL,CALIBER .45,AUTOMATIC",1,Each,58.71,D,1,2005-11-28 00:00:00
IL,KINCAID POLICE DEPT,1005-00-073-9421,"RIFLE,5.56 MILLIMETER",1,Each,499,D,1,2005-11-29 00:00:00
IL,KINCAID POLICE DEPT,1005-00-589-1271,"RIFLE,7.62 MILLIMETER",1,Each,138,D,1,1994-08-09 00:00:00
IL,KINCAID POLICE DEPT,1005-00-726-5655,"PISTOL,CALIBER .45,AUTOMATIC",1,Each,58.71,D,1,2005-11-28 00:00:00
IL,KINMUNDY POLICE DEPT,1005-00-073-9421,"RIFLE,5.56 MILLIMETER",1,Each,499,D,1,2006-09-06 00:00:00
IL,KINMUNDY POLICE DEPT,1005-00-726-5655,"PISTOL,CALIBER .45,AUTOMATIC",1,Each,58.71,D,1,2006-09-06 00:00:00
IL,KIRKLAND POLICE DEPT,1005-00-726-5655,"PISTOL,CALIBER .45,AUTOMATIC",1,Each,58.71,D,1,2008-07-22 00:00:00
IL,KIRKLAND POLICE DEPT,1005-00-726-5655,"PISTOL,CALIBER .45,AUTOMATIC",1,Each,58.71,D,1,2008-07-22 00:00:00
IL,KIRKLAND POLICE DEPT,1005-00-726-5655,"PISTOL,CALIBER .45,AUTOMATIC",1,Each,58.71,D,1,2008-07-22 00:00:00
IL,KIRKLAND POLICE DEPT,1005-00-726-5655,"PISTOL,CALIBER .45,AUTOMATIC",1,Each,58.71,D,1,2008-07-22 00:00:00
IL,KIRKLAND POLICE DEPT,1005-00-726-5655,"PISTOL,CALIBER .45,AUTOMATIC",1,Each,58.71,D,1,2008-07-22 00:00:00
IL,KIRKLAND POLICE DEPT,1005-00-726-5655,"PISTOL,CALIBER .45,AUTOMATIC",1,Each,58.71,D,1,2008-07-22 00:00:00
IL,KIRKLAND POLICE DEPT,1005-00-726-5655,"PISTOL,CALIBER .45,AUTOMATIC",1,Each,58.71,D,1,2008-07-22 00:00:00
IL,KIRKLAND POLICE DEPT,1005-00-726-5655,"PISTOL,CALIBER .45,AUTOMATIC",1,Each,58.71,D,1,2008-07-22 00:00:00
IL,KIRKLAND POLICE DEPT,1005-00-726-5655,"PISTOL,CALIBER .45,AUTOMATIC",1,Each,58.71,D,1,2008-07-22 00:00:00
IL,KIRKLAND POLICE DEPT,1005-00-726-5655,"PISTOL,CALIBER .45,AUTOMATIC",1,Each,58.71,D,1,2008-07-22 00:00:00
IL,KIRKLAND POLICE DEPT,1005-00-726-5655,"PISTOL,CALIBER .45,AUTOMATIC",1,Each,58.71,D,1,2008-07-22 00:00:00
IL,KNOX COUNTY SHERIFF DEPT,6545-01-537-4197,TRIAGE MANAGEMENT COMMAND,3,Set,380.49,A,1,2017-07-14 00:00:00
IL,KNOX COUNTY SHERIFF DEPT,6515-01-575-2772,CARD CASUALTY RESPONSE DOCUMENTATION TOOL,2,Each,3.48,A,1,2017-06-08 00:00:00
IL,KNOX COUNTY SHERIFF DEPT,8415-01-538-6289,"PARKA,EXTREME COLD WEATHER",3,Each,116.45,A,1,2017-02-22 00:00:00
IL,KNOX COUNTY SHERIFF DEPT,7125-00-641-5436,"CABINET,STORAGE",4,Unknown,0,A,1,2017-04-26 00:00:00
IL,KNOX COUNTY SHERIFF DEPT,5180-00-117-3414,"TOOL KIT,MEDICAL EQUIPMENT",1,Kit,1046.5,A,1,2017-04-26 00:00:00
IL,KNOX COUNTY SHERIFF DEPT,4220-01-571-4851,"SLING,RESCUE EQUIPMENT",20,Each,51.45,A,1,2017-02-08 00:00:00
IL,KNOX COUNTY SHERIFF DEPT,6515-01-515-0161,"TOOL KIT,RESCUE,OROPHARYNGEAL AIRWAY",15,Each,62.89,A,1,2017-02-22 00:00:00
IL,KNOX COUNTY SHERIFF DEPT,8415-01-538-6300,"PARKA,EXTREME COLD WEATHER",2,Each,116.45,A,1,2017-02-22 00:00:00
IL,KNOX COUNTY SHERIFF DEPT,6510-00-782-2700,"SPONGE,SURGICAL",4,Package,1.88,A,1,2017-02-07 00:00:00
IL,KNOX COUNTY SHERIFF DEPT,6530-01-549-6480,"PACK,MEDICAL TRAUMA",1,Each,241.15,A,1,2017-02-07 00:00:00
IL,KNOX COUNTY SHERIFF DEPT,6530-01-549-6480,"PACK,MEDICAL TRAUMA",1,Each,241.15,A,1,2017-02-07 00:00:00
IL,KNOX COUNTY SHERIFF DEPT,6510-00-926-8883,"ADHESIVE TAPE,SURGICAL",1,Package,11.61,A,1,2017-02-07 00:00:00
IL,KNOX COUNTY SHERIFF DEPT,6545-01-527-1078,"CASE,MEDICAL MODULAR PRIMARY CARE ORGANI",3,Each,882.32,A,1,2017-07-21 00:00:00
IL,KNOX COUNTY SHERIFF DEPT,6515-01-533-2850,"ELECTRODE,ELECTROCARDIOGRAPH",1,Package,370.01,A,1,2017-03-14 00:00:00
IL,KNOX COUNTY SHERIFF DEPT,4310-01-520-7065,"COMPRESSOR UNIT,RECIPROCATING",1,Each,5283,A,1,2017-03-15 00:00:00
IL,KNOX COUNTY SHERIFF DEPT,6545-01-598-4589,MES GROUND AMBULANCE,1,Set,39980.38,A,1,2017-03-15 00:00:00
IL,KNOX COUNTY SHERIFF DEPT,5180-01-506-8287,"TOOL KIT,SMALL ARMS",1,Kit,1800,A,1,2017-03-15 00:00:00
IL,KNOX COUNTY SHERIFF DEPT,6130-01-495-2839,"CHARGER,BATTERY",1,Each,2497,A,1,2017-03-08 00:00:00
IL,KNOX COUNTY SHERIFF DEPT,6230-01-528-5169,FLASHLIGHT,1,Each,22.25,A,1,2017-03-02 00:00:00
IL,KNOX COUNTY SHERIFF DEPT,6545-01-533-8202,"CASE,MEDICAL INSTRUMENT AND SUPPLY SET",7,Each,1000.48,A,1,2017-02-22 00:00:00
IL,KNOX COUNTY SHERIFF DEPT,6515-01-368-2874,"DETECTOR,END-TIDAL,CARBON DIOXIDE",3,Package,86.66,A,1,2017-02-22 00:00:00
IL,KNOX COUNTY SHERIFF DEPT,6230-01-528-2956,CASE               ,10,Each,48.94,A,1,2017-03-24 00:00:00
IL,KNOX COUNTY SHERIFF DEPT,6545-01-549-1053,"PACK ASSEMBLAGE,MEDICAL CORPSMAN,ASSULT",1,Each,4397.39,A,1,2017-03-28 00:00:00
IL,KNOX COUNTY SHERIFF DEPT,6515-01-619-3969,"CATHETER,INTRAVENOUS",17,Each,3.56,A,1,2017-06-19 00:00:00
IL,KNOX COUNTY SHERIFF DEPT,6515-01-524-4855,"CATHETER,INTRAVENOUS",1,Each,4.46,A,1,2017-06-19 00:00:00
IL,KNOX COUNTY SHERIFF DEPT,6515-01-523-7242,SPHYGMOMANOMETER,5,Each,68.76,A,1,2017-06-08 00:00:00
IL,KNOX COUNTY SHERIFF DEPT,6530-01-504-5736,"CASE,CARRYING,PELICAN",1,Each,175.39,A,1,2017-05-03 00:00:00
IL,KNOX COUNTY SHERIFF DEPT,6515-01-518-7552,"HARNESS,CHEST,MEDICAL",8,Each,122.28,A,1,2017-05-05 00:00:00
IL,KNOX COUNTY SHERIFF DEPT,2320-01-076-8379,"TRUCK,MAINTENANCE",1,Each,31626,A,1,2017-03-21 00:00:00
IL,KNOX COUNTY SHERIFF DEPT,6515-01-469-7217,"HOLDER,TUBE,TRACHEA",1,Package,460.78,A,1,2017-03-14 00:00:00
IL,KNOX COUNTY SHERIFF DEPT,6515-01-518-8551,"CONTAINER,SHARPS SHUTTLE",30,Each,5.47,A,1,2017-03-14 00:00:00
IL,KNOX COUNTY SHERIFF DEPT,6510-00-926-8883,"ADHESIVE TAPE,SURGICAL",1,Package,11.61,A,1,2017-02-07 00:00:00
IL,KNOX COUNTY SHERIFF DEPT,6515-01-523-7295,SPHYGMOMANOMETER,6,Each,56.57,A,1,2017-06-08 00:00:00
IL,KNOX COUNTY SHERIFF DEPT,6530-01-491-5030,"DISPOSAL CONTAINER,HYPODERMIC NEEDLE AND SYRINGE",30,Each,6.79,A,1,2017-03-14 00:00:00
IL,KNOX COUNTY SHERIFF DEPT,6530-01-560-9391,"ROD,INTRAVENOUS-IRRIGATION CONTAINER",4,Each,313.61,A,1,2017-03-14 00:00:00
IL,KNOX COUNTY SHERIFF DEPT,7240-00-089-3827,"CAN,MILITARY",3,Each,19.05,A,1,2017-04-26 00:00:00
IL,KNOX COUNTY SHERIFF DEPT,1005-01-158-2226,"CASE,ACCESSORY     ",3,Each,61.39,B,3,2017-04-26 00:00:00
IL,KNOX COUNTY SHERIFF DEPT,8415-01-538-6315,"PARKA,EXTREME COLD WEATHER",2,Each,116.45,A,1,2017-02-22 00:00:00
IL,KNOX COUNTY SHERIFF DEPT,6515-01-515-0151,"TOOL KIT,RESCUE,OROPHARYNGEAL AIRWAY",15,Each,61.58,A,1,2017-02-22 00:00:00
IL,KNOX COUNTY SHERIFF DEPT,6515-01-296-8419,"REMOVER,SURGICAL STAPLE,SKIN",2,Package,127.05,A,1,2017-02-22 00:00:00
IL,KNOX COUNTY SHERIFF DEPT,7025-DS-PRO-JEC2,"PROJECTOR, COMPUTER SCREEN",1,Each,5495,A,,2017-02-09 00:00:00
IL,KNOX COUNTY SHERIFF DEPT,6515-01-541-0432,"TESTER,PULSE OXIMETER",1,Each,8243.49,A,1,2017-02-09 00:00:00
IL,KNOX COUNTY SHERIFF DEPT,6530-01-549-6480,"PACK,MEDICAL TRAUMA",1,Each,241.15,A,1,2017-02-07 00:00:00
IL,KNOX COUNTY SHERIFF DEPT,5140-DS-TOO-LBOX,TOOLBOX,1,Each,100,A,,2017-02-09 00:00:00
IL,KNOX COUNTY SHERIFF DEPT,6515-01-523-7242,SPHYGMOMANOMETER,1,Each,68.76,A,1,2017-06-08 00:00:00
IL,KNOX COUNTY SHERIFF DEPT,6230-01-595-5726,"LIGHT,TACTICAL     ",10,Each,49.68,A,1,2016-12-21 00:00:00
IL,KNOX COUNTY SHERIFF DEPT,6515-01-540-7226,"LEASH,SHEARS,TRAUMA",6,Each,30.47,A,1,2017-01-11 00:00:00
IL,KNOX COUNTY SHERIFF DEPT,6515-01-593-4841,"RESUSCITATOR,HAND OPERATED",25,Each,55.29,A,1,2017-01-12 00:00:00
IL,KNOX COUNTY SHERIFF DEPT,6515-01-458-3840,"RECORDER SYSTEM,DEFIBRILLATOR-MONITOR",1,Each,21441.39,A,1,2017-01-09 00:00:00
IL,KNOX COUNTY SHERIFF DEPT,6530-01-164-6854,"DISPOSAL CONTAINER,HYPODERMIC NEEDLE AND SYRINGE",1,Package,209.62,A,1,2017-01-12 00:00:00
IL,KNOX COUNTY SHERIFF DEPT,6515-01-532-8056,HYPOTHERMIA MANAGEMENT KIT,10,Each,123.27,A,1,2017-01-12 00:00:00
IL,KNOX COUNTY SHERIFF DEPT,6515-01-515-5470,"SHEARS,EMS         ",50,Each,16.32,A,1,2017-01-31 00:00:00
IL,KNOX COUNTY SHERIFF DEPT,4240-01-502-9401,"LANYARD,SAFETY,INDUSTRIAL",20,Each,27.99,A,1,2016-12-23 00:00:00
IL,KNOX COUNTY SHERIFF DEPT,6510-00-054-7254,"SKIN CLOSURE,ADHESIVE,SURGICAL",1,Package,73.93,A,1,2017-02-02 00:00:00
IL,KNOX COUNTY SHERIFF DEPT,6515-01-469-8665,STETHOSCOPE,6,Each,189.12,A,1,2017-01-31 00:00:00
IL,KNOX COUNTY SHERIFF DEPT,6545-01-529-4187,"FIRST AID KIT,UTILITY",50,Each,194.22,A,1,2017-01-21 00:00:00
IL,KNOX COUNTY SHERIFF DEPT,8105-01-550-8427,"KIT,DRUG TRANSPORT ",1,Each,125.63,A,1,2017-01-26 00:00:00
IL,KNOX COUNTY SHERIFF DEPT,8465-01-465-2080,SET BUCKLES MOLLE  ,30,Each,5.83,A,1,2017-01-26 00:00:00
IL,KNOX COUNTY SHERIFF DEPT,6530-01-549-6480,"PACK,MEDICAL TRAUMA",1,Each,241.15,A,1,2017-01-26 00:00:00
IL,KNOX COUNTY SHERIFF DEPT,8145-DS-CAS-E004,SHIPPING CASE,8,Each,250,A,,2017-01-26 00:00:00
IL,KNOX COUNTY SHERIFF DEPT,8145-DS-CAS-E004,SHIPPING CASE,12,Each,250,A,,2017-01-26 00:00:00
IL,KNOX COUNTY SHERIFF DEPT,6515-01-571-3152,"INTRAOSSEOUS INJECTION GUN,BONE",1,Each,489.32,A,1,2016-09-29 00:00:00
IL,KNOX COUNTY SHERIFF DEPT,6515-01-531-6535,"LEG KIT,ALS        ",3,Each,112.86,A,1,2016-11-14 00:00:00
IL,KNOX COUNTY SHERIFF DEPT,7045-DS-ADP-SUPL,ADP SUPPLIES,10,Each,100,A,,2017-01-25 00:00:00
IL,KNOX COUNTY SHERIFF DEPT,6515-01-469-8665,STETHOSCOPE,4,Each,189.12,A,1,2017-01-31 00:00:00
IL,KNOX COUNTY SHERIFF DEPT,8105-01-550-8427,"KIT,DRUG TRANSPORT ",1,Each,125.63,A,1,2017-01-26 00:00:00
IL,KNOX COUNTY SHERIFF DEPT,6515-01-500-6087,"BLANKET,HYPOTHERMIA,BATTERY POWERED",2,Each,3124.33,A,1,2017-02-22 00:00:00
IL,KNOX COUNTY SHERIFF DEPT,6530-01-549-5301,"BACKPACK,MEDICAL TRAUMA",4,Each,823.27,A,1,2016-10-04 00:00:00
IL,KNOX COUNTY SHERIFF DEPT,6515-01-516-4719,"ROLL,AIRWAY,EMERGENCY",1,Each,110.85,A,1,2016-12-08 00:00:00
IL,KNOX COUNTY SHERIFF DEPT,1240-01-411-1265,"SIGHT,REFLEX",5,Each,315,D,1,2016-01-26 00:00:00
IL,KNOX COUNTY SHERIFF DEPT,2350-01-575-0646,"UNMANNED VEHICLE,GROUND",1,Each,187312,Q,3,2016-04-12 00:00:00
IL,KNOX COUNTY SHERIFF DEPT,8415-01-538-6695,"TROUSERS,EXTREME COLD WEATHER",1,Each,106.62,A,1,2017-02-22 00:00:00
IL,KNOX COUNTY SHERIFF DEPT,6515-01-246-8225,"STAPLER,SKIN,SURGICAL",3,Package,131.37,A,1,2017-02-22 00:00:00
IL,KNOX COUNTY SHERIFF DEPT,6260-01-178-5559,"LIGHT,CHEMILUMINESCENT",3,Box,19.63,A,1,2017-02-22 00:00:00
IL,KNOX COUNTY SHERIFF DEPT,6760-01-503-9062,"CASE,PHOTOGRAPHIC EQUIPMENT",4,Each,9.21,A,1,2017-02-22 00:00:00
IL,KNOX COUNTY SHERIFF DEPT,4240-01-365-8241,"TEST KIT,MASK,PROTECTIVE",1,Each,5593,F,1,2015-06-23 00:00:00
IL,KNOX COUNTY SHERIFF DEPT,1005-00-921-5004,"MAGAZINE,CARTRIDGE",10,Each,12.3,D,1,2015-01-15 00:00:00
IL,KNOX COUNTY SHERIFF DEPT,1005-01-541-2476,"ADAPTER RAIL,WEAPON MOUNTED",8,Each,12.03,D,1,2015-02-27 00:00:00
IL,KNOX COUNTY SHERIFF DEPT,8470-01-506-0938,"HELMET,GROUND TROOPS",4,Each,269.76,D,1,2015-03-25 00:00:00
IL,KNOX COUNTY SHERIFF DEPT,6230-01-588-8427,"LIGHT KIT,WEAPONS  ",16,Each,451.26,B,3,2015-03-25 00:00:00
IL,KNOX COUNTY SHERIFF DEPT,8470-01-506-0939,"HELMET,GROUND TROOPS",7,Each,269.76,D,1,2015-03-25 00:00:00
IL,KNOX COUNTY SHERIFF DEPT,1005-01-561-7200,"MAGAZINE,CARTRIDGE",20,Each,12.3,D,1,2015-01-15 00:00:00
IL,KNOX COUNTY SHERIFF DEPT,8470-01-506-0938,"HELMET,GROUND TROOPS",3,Each,269.76,D,1,2015-03-25 00:00:00
IL,KNOX COUNTY SHERIFF DEPT,1005-00-056-2237,"MAGAZINE,CARTRIDGE",7,Each,12.26,D,1,2015-01-15 00:00:00
IL,KNOX COUNTY SHERIFF DEPT,8465-01-569-8803,"KIT,MODERN ARMY COMBATIVES",2,Kit,14463.67,Q,3,2014-06-10 00:00:00
IL,KNOX COUNTY SHERIFF DEPT,6720-01-568-2071,"CAMERA SYSTEM,RECONNAISSANCE",1,Kit,8450,C,1,2014-05-05 00:00:00
IL,KNOX COUNTY SHERIFF DEPT,4220-01-474-5159,"LIFE PRESERVER,VEST",6,Each,392.86,Q,3,2014-03-24 00:00:00
IL,KNOX COUNTY SHERIFF DEPT,4220-01-539-7252,"LIFE PRESERVER,VEST",1,Each,881.09,D,1,2014-01-24 00:00:00
IL,KNOX COUNTY SHERIFF DEPT,4220-01-539-7252,"LIFE PRESERVER,VEST",1,Each,881.09,D,1,2014-01-24 00:00:00
IL,KNOX COUNTY SHERIFF DEPT,1005-00-073-9421,"RIFLE,5.56 MILLIMETER",1,Each,499,D,1,1997-08-27 00:00:00
IL,KNOX COUNTY SHERIFF DEPT,1005-00-073-9421,"RIFLE,5.56 MILLIMETER",1,Each,499,D,1,1997-08-27 00:00:00
IL,KNOX COUNTY SHERIFF DEPT,1005-00-073-9421,"RIFLE,5.56 MILLIMETER",1,Each,499,D,1,1997-08-27 00:00:00
IL,KNOX COUNTY SHERIFF DEPT,1005-00-073-9421,"RIFLE,5.56 MILLIMETER",1,Each,499,D,1,1997-08-27 00:00:00
IL,KNOX COUNTY SHERIFF DEPT,2320-01-107-7153,"TRUCK,UTILITY",1,Each,63894,C,1,2012-01-13 00:00:00
IL,KNOX COUNTY SHERIFF DEPT,2320-01-107-7153,"TRUCK,UTILITY",1,Each,63894,C,1,2011-12-16 00:00:00
IL,KNOX COUNTY SHERIFF DEPT,6515-01-537-9013,"NEEDLE SET,INTRAOSSEOUS INJECTION",2,Package,930.3,A,1,2017-07-25 00:00:00
IL,KNOX COUNTY SHERIFF DEPT,6515-01-280-1841,"RESUSCITATOR,MOUTH TO MASK",2,Package,100.62,A,1,2017-03-14 00:00:00
IL,KNOX COUNTY SHERIFF DEPT,6510-01-571-9729,COMPRESS AND BANDAGE,12,Each,7.04,A,1,2017-03-14 00:00:00
IL,KNOX COUNTY SHERIFF DEPT,6515-00-363-4150,"BLADE,FINGER RING SAW",1,Each,35.95,A,1,2017-03-14 00:00:00
IL,KNOX COUNTY SHERIFF DEPT,6720-DS-DIG-ITA0,"CAMERA, DIGITAL",3,Each,250,A,,2017-03-15 00:00:00
IL,KNOX COUNTY SHERIFF DEPT,6115-DS-GEN-ERA1,"GENERATORS AND GENERATOR SETS, ELECTRICA",1,Each,82365.76,A,,2017-03-15 00:00:00
IL,KNOX COUNTY SHERIFF DEPT,7025-DS-ADP-IODV,ADP INPUT/OUTPUT AND STORAGE DEVICES,7,Each,2856,A,,2017-03-15 00:00:00
IL,KNOX COUNTY SHERIFF DEPT,6515-01-561-6204,"ADMINISTRATION SET,INTRAVENOUS FLUIDS",1,Package,385.84,A,1,2017-03-15 00:00:00
IL,KNOX COUNTY SHERIFF DEPT,6515-01-524-4855,"CATHETER,INTRAVENOUS",1,Each,4.46,A,1,2017-06-19 00:00:00
IL,KNOX COUNTY SHERIFF DEPT,6515-01-521-7501,"GLOVES,TACTICAL EXAM",2,Package,12.64,A,1,2017-03-14 00:00:00
IL,KNOX COUNTY SHERIFF DEPT,6530-01-491-5030,"DISPOSAL CONTAINER,HYPODERMIC NEEDLE AND SYRINGE",20,Each,6.79,A,1,2017-03-14 00:00:00
IL,KNOX COUNTY SHERIFF DEPT,6515-01-491-5719,"GLOVE,PATIENT EXAMINING",10,Package,12.42,A,1,2017-03-14 00:00:00
IL,KNOX COUNTY SHERIFF DEPT,6545-01-502-9038,"CASE,MEDICAL INSTRUMENT AND SUPPLY SET",1,Each,785.04,A,1,2017-04-26 00:00:00
IL,KNOX COUNTY SHERIFF DEPT,2420-DS-TRA-CTO1,"TRACTORS, WHEELED",1,Each,15092,A,,2017-04-26 00:00:00
IL,KNOX COUNTY SHERIFF DEPT,5855-DS-NIG-HTVI,"NIGHT VISION EQUIP, EMIT, REFLECTED RAD",1,Each,1000,D,,2012-02-16 00:00:00
IL,KNOX COUNTY SHERIFF DEPT,1240-01-492-5264,"SIGHT,HOLOGRAPHIC  ",2,Each,506.8,D,1,2013-03-26 00:00:00
IL,KNOX COUNTY SHERIFF DEPT,6910-DS-TRA-INAI,TRAINING AIDS,5,Each,130,D,,2013-04-17 00:00:00
IL,KNOX COUNTY SHERIFF DEPT,4220-01-251-6467,"SUIT,IMMERSION     ",4,Each,358.69,B,3,2013-06-10 00:00:00
IL,KNOX COUNTY SHERIFF DEPT,1240-01-411-1265,"SIGHT,REFLEX",10,Each,315,D,1,2011-12-28 00:00:00
IL,KNOX COUNTY SHERIFF DEPT,1095-01-533-4284,PRISON WORN STUN DE,1,Each,2109.12,D,1,2013-04-12 00:00:00
IL,KNOX COUNTY SHERIFF DEPT,2320-01-107-7153,"TRUCK,UTILITY",1,Each,63894,C,1,2012-01-13 00:00:00
IL,KNOX COUNTY SHERIFF DEPT,2320-01-107-7153,"TRUCK,UTILITY",1,Each,63894,C,1,2011-12-16 00:00:00
IL,KNOX COUNTY SHERIFF DEPT,2330-DS-TRA-ILE1,TRAILER,1,Each,3100,Q,,2013-01-22 00:00:00
IL,KNOX COUNTY SHERIFF DEPT,6910-DS-TRA-INAI,TRAINING AIDS,10,Each,63.85,D,,2013-05-06 00:00:00
IL,KNOX COUNTY SHERIFF DEPT,1005-00-921-5004,"MAGAZINE,CARTRIDGE",1,Each,12.3,D,1,2013-02-13 00:00:00
IL,KNOX COUNTY SHERIFF DEPT,8470-01-584-1750,"NAPE PAD,HELMET    ",2,Each,29.02,D,1,2013-02-13 00:00:00
IL,KNOX COUNTY SHERIFF DEPT,5855-01-490-7093,"ILLUMINATOR,INFRARED",10,Each,1496.4,D,1,2012-11-26 00:00:00
IL,KNOX COUNTY SHERIFF DEPT,6350-01-593-2232,"MANAGEMENT SYSTEM,BIOMETRIC AND IDENTITY",5,Kit,10800,D,1,2014-01-09 00:00:00
IL,KNOX COUNTY SHERIFF DEPT,1005-00-921-5004,"MAGAZINE,CARTRIDGE",4,Each,12.3,D,1,2013-02-13 00:00:00
IL,KNOX COUNTY SHERIFF DEPT,2510-01-560-3945,"INSULATION PANEL,VEHICULAR CAB",1,Each,80.98,B,3,2013-01-14 00:00:00
IL,KNOX COUNTY SHERIFF DEPT,2510-01-203-9873,"LINER,ROOF,VEHICULAR,FRONT",2,Each,49.59,Q,3,2013-01-14 00:00:00
IL,KNOX COUNTY SHERIFF DEPT,7025-01-564-7986,SCANNER FINGERPRIN ,5,Each,1540.47,Q,3,2014-01-09 00:00:00
IL,KNOX COUNTY SHERIFF DEPT,5855-01-420-0849,"ILLUMINATOR,INFRARED",1,Each,1018.85,D,1,2013-12-30 00:00:00
IL,KNOX COUNTY SHERIFF DEPT,2510-01-203-9873,"LINER,ROOF,VEHICULAR,FRONT",3,Each,49.59,Q,3,2013-01-22 00:00:00
IL,KNOX COUNTY SHERIFF DEPT,5855-01-438-4588,"TRANSMITTER,INFRARED",1,Each,30.99,D,1,2012-06-30 00:00:00
IL,KNOX COUNTY SHERIFF DEPT,8465-01-416-4626,"SPECTACLES KIT,BALLISTIC AND LASER PROTECTIVE",30,Kit,15.16,D,1,2012-06-23 00:00:00
IL,KNOX COUNTY SHERIFF DEPT,6675-00-641-5735,"TRANSIT,POCKET",3,Each,220.76,B,3,2012-06-23 00:00:00
IL,KNOX COUNTY SHERIFF DEPT,6230-DS-LIG-HT01,"ELECTRIC PORTABLE, HAND LIGHTING EQUIP",4,Each,114.35,A,,2017-02-22 00:00:00
IL,KNOX COUNTY SHERIFF DEPT,6515-01-516-2527,"SPINAL KIT,IMMOBILIZATION,FIELD",7,Each,777.45,A,1,2017-02-22 00:00:00
IL,KNOX COUNTY SHERIFF DEPT,5855-01-438-4588,"TRANSMITTER,INFRARED",2,Each,30.99,D,1,2012-06-30 00:00:00
IL,KNOX COUNTY SHERIFF DEPT,6545-01-535-6523,"CASE,MEDICAL MODULAR,WOUND MANAGEMENT",4,Each,776.86,A,1,2017-03-14 00:00:00
IL,KNOX COUNTY SHERIFF DEPT,1005-00-073-9421,"RIFLE,5.56 MILLIMETER",1,Each,499,D,1,1997-08-27 00:00:00
IL,KNOX COUNTY SHERIFF DEPT,2330-DS-TRA-ILE1,TRAILER,1,Each,8000,A,,2017-03-22 00:00:00
IL,KNOX COUNTY SHERIFF DEPT,6515-01-537-9615,"INTRAOSSEOUS INJECTION GUN,BONE",1,Each,341.84,A,1,2017-03-14 00:00:00
IL,KNOX COUNTY SHERIFF DEPT,6515-01-525-8727,"INTUBATION KIT,EMERGENCY",1,Kit,2605.85,A,1,2017-02-07 00:00:00
IL,KNOX COUNTY SHERIFF DEPT,8465-01-225-4661,"BELT,HIGH VISIBILITY",50,Each,2.98,A,1,2017-04-26 00:00:00
IL,KNOX COUNTY SHERIFF DEPT,5120-DS-HAN-DTOL,"HAND TOOLS, NONEDGED, NONPOWERED",1,Lot,0,A,,2017-04-26 00:00:00
IL,KNOX COUNTY SHERIFF DEPT,8415-01-565-0164,"STRAP ASSEMBLY,CHIN",12,Kit,47.3,A,1,2017-03-28 00:00:00
IL,KNOX COUNTY SHERIFF DEPT,8430-01-516-1685,"BOOTS,COMBAT",5,Pair,89.64,A,1,2017-03-02 00:00:00
IL,KNOX COUNTY SHERIFF DEPT,6532-01-525-4062,"BLANKET,HEATING    ",10,Package,281.47,A,1,2017-02-22 00:00:00
IL,KNOX COUNTY SHERIFF DEPT,7025-DS-SCA-NNE2,"SCANNER, DIGITAL",2,Each,1300,A,,2017-03-08 00:00:00
IL,KNOX COUNTY SHERIFF DEPT,4910-00-754-0654,"SHOP EQUIPMENT,AUTOMOTIVE VEHICLE",1,Set,20947,A,1,2017-02-09 00:00:00
IL,KNOX COUNTY SHERIFF DEPT,6220-DS-VEH-LIGH,ELECTRIC VEHICULAR LIGHTS AND FIXTURES,2,Each,88,A,,2017-03-16 00:00:00
IL,KNOX COUNTY SHERIFF DEPT,3895-DS-MIS-CCO0,MISCELLANEOUS CONSTRUCTION EQUIPMENT,1,Each,1500,A,,2017-04-03 00:00:00
IL,LACON POLICE,1005-00-073-9421,"RIFLE,5.56 MILLIMETER",1,Each,499,D,1,2012-01-04 00:00:00
IL,LACON POLICE,1005-00-589-1271,"RIFLE,7.62 MILLIMETER",1,Each,138,D,1,2003-01-13 00:00:00
IL,LACON POLICE,1005-00-726-5655,"PISTOL,CALIBER .45,AUTOMATIC",1,Each,58.71,D,1,2003-01-13 00:00:00
IL,LACON POLICE,1005-01-094-7045,"REVOLVER,CALIBER .38 SPECIAL",1,Each,89.57,D,1,2005-02-15 00:00:00
IL,LACON POLICE,1005-01-094-7045,"REVOLVER,CALIBER .38 SPECIAL",1,Each,89.57,D,1,2005-02-15 00:00:00
IL,LACON POLICE,1005-00-073-9421,"RIFLE,5.56 MILLIMETER",1,Each,499,D,1,2012-01-04 00:00:00
IL,LACON POLICE,1005-00-921-5483,"SHOTGUN,12 GAGE,RIOT TYPE",1,Each,108,D,1,2005-02-15 00:00:00
IL,LACON POLICE,1005-01-094-7045,"REVOLVER,CALIBER .38 SPECIAL",1,Each,89.57,D,1,2005-02-15 00:00:00
IL,LACON POLICE,1005-00-726-5655,"PISTOL,CALIBER .45,AUTOMATIC",1,Each,58.71,D,1,2003-01-13 00:00:00
IL,LACON POLICE,1005-00-589-1271,"RIFLE,7.62 MILLIMETER",1,Each,138,D,1,2002-08-21 00:00:00
IL,LACON POLICE,1005-00-726-5655,"PISTOL,CALIBER .45,AUTOMATIC",1,Each,58.71,D,1,2003-01-13 00:00:00
IL,LACON POLICE,1005-00-073-9421,"RIFLE,5.56 MILLIMETER",1,Each,499,D,1,2005-02-15 00:00:00
IL,LAKE COUNTY SHERIFF OFFICE,1005-00-589-1271,"RIFLE,7.62 MILLIMETER",1,Each,138,D,1,2000-05-17 00:00:00
IL,LAKE COUNTY SHERIFF OFFICE,1005-00-589-1271,"RIFLE,7.62 MILLIMETER",1,Each,138,D,1,2000-05-17 00:00:00
IL,LAKE COUNTY SHERIFF OFFICE,1005-00-589-1271,"RIFLE,7.62 MILLIMETER",1,Each,138,D,1,2000-05-17 00:00:00
IL,LAKE COUNTY SHERIFF OFFICE,8470-01-472-1905,"HELMET COVER,BALLIS",11,Each,136.57,B,3,2012-02-22 00:00:00
IL,LAKE COUNTY SHERIFF OFFICE,8470-01-472-1906,"HELMET COVER,BALLIS",10,Each,136.57,B,3,2012-02-22 00:00:00
IL,LAKE COUNTY SHERIFF OFFICE,1005-00-589-1271,"RIFLE,7.62 MILLIMETER",1,Each,138,D,1,2000-05-17 00:00:00
IL,LAKE COUNTY SHERIFF OFFICE,1005-00-589-1271,"RIFLE,7.62 MILLIMETER",1,Each,138,D,1,2000-05-17 00:00:00
IL,LAKE COUNTY SHERIFF OFFICE,1005-00-589-1271,"RIFLE,7.62 MILLIMETER",1,Each,138,D,1,2000-05-17 00:00:00
IL,LAKE COUNTY SHERIFF OFFICE,1005-00-589-1271,"RIFLE,7.62 MILLIMETER",1,Each,138,D,1,2000-05-17 00:00:00
IL,LAKE COUNTY SHERIFF OFFICE,1005-00-589-1271,"RIFLE,7.62 MILLIMETER",1,Each,138,D,1,2000-05-17 00:00:00
IL,LAKE COUNTY SHERIFF OFFICE,1005-00-589-1271,"RIFLE,7.62 MILLIMETER",1,Each,138,D,1,2000-05-17 00:00:00
IL,LAKE COUNTY SHERIFF OFFICE,2320-01-107-7153,"TRUCK,UTILITY",1,Each,63894,C,1,2011-09-21 00:00:00
IL,LAKE COUNTY SHERIFF OFFICE,2320-01-074-7642,"TRUCK,ARMORED",1,Each,65070,C,1,2000-10-04 00:00:00
IL,LAKE COUNTY SHERIFF OFFICE,1005-00-589-1271,"RIFLE,7.62 MILLIMETER",1,Each,138,D,1,2000-05-18 00:00:00
IL,LAKE COUNTY SHERIFF OFFICE,1005-00-589-1271,"RIFLE,7.62 MILLIMETER",1,Each,138,D,1,2000-05-18 00:00:00
IL,LAKE COUNTY SHERIFF OFFICE,1005-00-589-1271,"RIFLE,7.62 MILLIMETER",1,Each,138,D,1,2000-05-17 00:00:00
IL,LAKE COUNTY SHERIFF OFFICE,1005-00-589-1271,"RIFLE,7.62 MILLIMETER",1,Each,138,D,1,2000-05-17 00:00:00
IL,LAKE COUNTY SHERIFF OFFICE,1005-00-589-1271,"RIFLE,7.62 MILLIMETER",1,Each,138,D,1,2000-05-17 00:00:00
IL,LAKE COUNTY SHERIFF OFFICE,1005-00-589-1271,"RIFLE,7.62 MILLIMETER",1,Each,138,D,1,2000-05-17 00:00:00
IL,LAKE COUNTY SHERIFF OFFICE,1005-00-589-1271,"RIFLE,7.62 MILLIMETER",1,Each,138,D,1,2000-05-18 00:00:00
IL,LAKE COUNTY SHERIFF OFFICE,1005-00-589-1271,"RIFLE,7.62 MILLIMETER",1,Each,138,D,1,2000-05-17 00:00:00
IL,LAKE COUNTY SHERIFF OFFICE,1005-00-589-1271,"RIFLE,7.62 MILLIMETER",1,Each,138,D,1,2000-05-17 00:00:00
IL,LAKE COUNTY SHERIFF OFFICE,1005-00-589-1271,"RIFLE,7.62 MILLIMETER",1,Each,138,D,1,2000-05-17 00:00:00
IL,LAKE COUNTY SHERIFF OFFICE,1005-00-589-1271,"RIFLE,7.62 MILLIMETER",1,Each,138,D,1,2000-05-17 00:00:00
IL,LAKE COUNTY SHERIFF OFFICE,1005-00-589-1271,"RIFLE,7.62 MILLIMETER",1,Each,138,D,1,2000-05-17 00:00:00
IL,LAKE COUNTY SHERIFF OFFICE,2320-01-107-7153,"TRUCK,UTILITY",1,Each,63894,C,1,2011-09-21 00:00:00
IL,LAKE COUNTY SHERIFF OFFICE,1005-00-589-1271,"RIFLE,7.62 MILLIMETER",1,Each,138,D,1,2000-05-17 00:00:00
IL,LAKE COUNTY SHERIFF OFFICE,1005-00-589-1271,"RIFLE,7.62 MILLIMETER",1,Each,138,D,1,2000-05-17 00:00:00
IL,LAKE COUNTY SHERIFF OFFICE,1005-00-589-1271,"RIFLE,7.62 MILLIMETER",1,Each,138,D,1,2000-05-17 00:00:00
IL,LAKE COUNTY SHERIFF OFFICE,1005-00-589-1271,"RIFLE,7.62 MILLIMETER",1,Each,138,D,1,2000-05-18 00:00:00
IL,LAKE IN THE HILLS POLICE DEPT,1095-01-526-7860,"FIRING DEVICE,NON-LETHAL",10,Each,1093,D,1,2015-04-29 00:00:00
IL,LAKE IN THE HILLS POLICE DEPT,1095-01-526-7860,"FIRING DEVICE,NON-LETHAL",1,Each,1093,D,1,2015-04-29 00:00:00
IL,LAKE IN THE HILLS POLICE DEPT,1005-00-856-6885,"RIFLE,5.56 MILLIMETER",1,Each,120,D,1,2010-03-16 00:00:00
IL,LAKE IN THE HILLS POLICE DEPT,1005-00-856-6885,"RIFLE,5.56 MILLIMETER",1,Each,120,D,1,2010-03-16 00:00:00
IL,LAKE IN THE HILLS POLICE DEPT,1005-00-856-6885,"RIFLE,5.56 MILLIMETER",1,Each,120,D,1,2010-03-16 00:00:00
IL,LAKE IN THE HILLS POLICE DEPT,1005-00-856-6885,"RIFLE,5.56 MILLIMETER",1,Each,120,D,1,2010-03-16 00:00:00
IL,LAKE IN THE HILLS POLICE DEPT,1005-00-856-6885,"RIFLE,5.56 MILLIMETER",1,Each,120,D,1,2010-03-16 00:00:00
IL,LAKE IN THE HILLS POLICE DEPT,1005-00-856-6885,"RIFLE,5.56 MILLIMETER",1,Each,120,D,1,2010-03-16 00:00:00
IL,LAKE IN THE HILLS POLICE DEPT,1005-00-856-6885,"RIFLE,5.56 MILLIMETER",1,Each,120,D,1,2010-03-16 00:00:00
IL,LAKE IN THE HILLS POLICE DEPT,1005-00-856-6885,"RIFLE,5.56 MILLIMETER",1,Each,120,D,1,2010-03-16 00:00:00
IL,LAKE VILLA POLICE DEPT,1005-00-073-9421,"RIFLE,5.56 MILLIMETER",1,Each,499,D,1,2002-07-24 00:00:00
IL,LAKE VILLA POLICE DEPT,1005-00-073-9421,"RIFLE,5.56 MILLIMETER",1,Each,499,D,1,2005-04-06 00:00:00
IL,LAKE VILLA POLICE DEPT,1005-00-073-9421,"RIFLE,5.56 MILLIMETER",1,Each,499,D,1,2005-04-06 00:00:00
IL,LAKE VILLA POLICE DEPT,1005-00-073-9421,"RIFLE,5.56 MILLIMETER",1,Each,499,D,1,2005-04-06 00:00:00
IL,LAKE VILLA POLICE DEPT,1005-00-073-9421,"RIFLE,5.56 MILLIMETER",1,Each,499,D,1,2005-04-06 00:00:00
IL,LAKE VILLA POLICE DEPT,1005-00-726-5655,"PISTOL,CALIBER .45,AUTOMATIC",1,Each,58.71,D,1,2005-04-04 00:00:00
IL,LAKE VILLA POLICE DEPT,1005-01-094-7045,"REVOLVER,CALIBER .38 SPECIAL",1,Each,89.57,D,1,2005-04-04 00:00:00
IL,LAKE VILLA POLICE DEPT,1005-01-094-7045,"REVOLVER,CALIBER .38 SPECIAL",1,Each,89.57,D,1,2005-04-04 00:00:00
IL,LAKE VILLA POLICE DEPT,1005-00-073-9421,"RIFLE,5.56 MILLIMETER",1,Each,499,D,1,2005-04-06 00:00:00
IL,LAKE VILLA POLICE DEPT,1005-00-073-9421,"RIFLE,5.56 MILLIMETER",1,Each,499,D,1,2005-04-06 00:00:00
IL,LAKE VILLA POLICE DEPT,1005-00-073-9421,"RIFLE,5.56 MILLIMETER",1,Each,499,D,1,2005-04-06 00:00:00
IL,LAKE VILLA POLICE DEPT,1005-00-726-5655,"PISTOL,CALIBER .45,AUTOMATIC",1,Each,58.71,D,1,2005-04-04 00:00:00
IL,LAKE VILLA POLICE DEPT,2320-01-107-7153,"TRUCK,UTILITY",1,Each,63894,C,1,2012-01-25 00:00:00
IL,LAKE VILLA POLICE DEPT,1005-00-073-9421,"RIFLE,5.56 MILLIMETER",1,Each,499,D,1,2005-02-16 00:00:00
IL,LAKE VILLA POLICE DEPT,1005-00-073-9421,"RIFLE,5.56 MILLIMETER",1,Each,499,D,1,2005-02-16 00:00:00
IL,LAKE VILLA POLICE DEPT,1005-00-073-9421,"RIFLE,5.56 MILLIMETER",1,Each,499,D,1,2005-02-16 00:00:00
IL,LAKE VILLA POLICE DEPT,1005-00-073-9421,"RIFLE,5.56 MILLIMETER",1,Each,499,D,1,2005-02-16 00:00:00
IL,LAKE VILLA POLICE DEPT,1005-00-073-9421,"RIFLE,5.56 MILLIMETER",1,Each,499,D,1,2005-02-16 00:00:00
IL,LAKE VILLA POLICE DEPT,1005-00-073-9421,"RIFLE,5.56 MILLIMETER",1,Each,499,D,1,2002-07-24 00:00:00
IL,LAKE VILLA POLICE DEPT,1005-00-073-9421,"RIFLE,5.56 MILLIMETER",1,Each,499,D,1,2002-07-24 00:00:00
IL,LAKE VILLA POLICE DEPT,1005-00-073-9421,"RIFLE,5.56 MILLIMETER",1,Each,499,D,1,2005-04-06 00:00:00
IL,LAKE VILLA POLICE DEPT,2320-01-107-7155,"TRUCK,UTILITY",1,Each,41061,Q,6,2011-12-01 00:00:00
IL,LAKE VILLA POLICE DEPT,5855-01-561-0057,"SIGHT,THERMAL",1,Each,7080.21,D,1,2014-06-30 00:00:00
IL,LAKE VILLA POLICE DEPT,5855-01-561-0057,"SIGHT,THERMAL",1,Each,7080.21,D,1,2014-06-30 00:00:00
IL,LAKE VILLA POLICE DEPT,5855-01-561-0057,"SIGHT,THERMAL",1,Each,7080.21,D,1,2014-06-30 00:00:00
IL,LAKE VILLA POLICE DEPT,5855-01-561-0057,"SIGHT,THERMAL",1,Each,7080.21,D,1,2014-06-30 00:00:00
IL,LAKE VILLA POLICE DEPT,5855-01-228-0939,NIGHT VISION GOGGLE,1,Each,7621,F,1,2014-05-23 00:00:00
IL,LAKE VILLA POLICE DEPT,8465-01-569-8803,"KIT,MODERN ARMY COMBATIVES",2,Kit,14463.67,Q,3,2014-10-02 00:00:00
IL,LAKE VILLA POLICE DEPT,1240-01-411-1265,"SIGHT,REFLEX",10,Each,315,D,1,2014-06-30 00:00:00
IL,LAKEMOOR POLICE DEPARTMENT,1005-00-073-9421,"RIFLE,5.56 MILLIMETER",1,Each,499,D,1,2012-01-11 00:00:00
IL,LAKEMOOR POLICE DEPARTMENT,1005-00-073-9421,"RIFLE,5.56 MILLIMETER",1,Each,499,D,1,2012-01-11 00:00:00
IL,LAKEMOOR POLICE DEPARTMENT,1005-00-073-9421,"RIFLE,5.56 MILLIMETER",1,Each,499,D,1,2012-01-11 00:00:00
IL,LAKEMOOR POLICE DEPARTMENT,1005-00-073-9421,"RIFLE,5.56 MILLIMETER",1,Each,499,D,1,2012-01-11 00:00:00
IL,LAKEMOOR POLICE DEPARTMENT,1005-00-073-9421,"RIFLE,5.56 MILLIMETER",1,Each,499,D,1,2012-01-11 00:00:00
IL,LAKEMOOR POLICE DEPARTMENT,1005-00-073-9421,"RIFLE,5.56 MILLIMETER",1,Each,499,D,1,2012-01-11 00:00:00
IL,LAKEMOOR POLICE DEPARTMENT,1005-00-073-9421,"RIFLE,5.56 MILLIMETER",1,Each,499,D,1,2012-01-11 00:00:00
IL,LAKEMOOR POLICE DEPARTMENT,1005-00-073-9421,"RIFLE,5.56 MILLIMETER",1,Each,499,D,1,2012-01-11 00:00:00
IL,LAKEMOOR POLICE DEPARTMENT,1005-00-073-9421,"RIFLE,5.56 MILLIMETER",1,Each,499,D,1,2012-01-11 00:00:00
IL,LAKEMOOR POLICE DEPARTMENT,5855-01-590-4576,"PAN AND TILT ASSEMBLY,THERMAL VIEWER",1,Each,4042,D,1,2014-08-12 00:00:00
IL,LAKEMOOR POLICE DEPARTMENT,5855-01-433-2220,THERMAL IMAGING SYSTEM,1,Each,13265.94,C,1,2014-08-13 00:00:00
IL,LAKEMOOR POLICE DEPARTMENT,1005-00-073-9421,"RIFLE,5.56 MILLIMETER",1,Each,499,D,1,2012-01-11 00:00:00
IL,LAKEMOOR POLICE DEPARTMENT,1005-00-073-9421,"RIFLE,5.56 MILLIMETER",1,Each,499,D,1,2012-01-11 00:00:00
IL,LANARK POLICE DEPT,5855-01-485-4098,"GRIP,PISTOL,LASER  ",3,Each,288.64,D,1,2013-12-03 00:00:00
IL,LANARK POLICE DEPT,5855-01-425-1041,"CASE,TRANSPORTATION",1,Each,177.58,D,,2013-11-14 00:00:00
IL,LANARK POLICE DEPT,1240-01-424-7122,"TELESCOPE,STRAIGHT",1,Each,2659.37,D,,2013-11-06 00:00:00
IL,LANARK POLICE DEPT,5855-01-391-7026,MAGNIFIER LENS ASSEMBLY,2,Each,882.28,D,1,2013-02-20 00:00:00
IL,LANARK POLICE DEPT,5855-01-457-2953,"MOUNT,VIEWER",3,Each,102,B,3,2013-05-10 00:00:00
IL,LANARK POLICE DEPT,5855-01-526-4180,"ADAPTER,GOGGLES,NIGHT VISION",3,Each,348.52,B,3,2013-04-01 00:00:00
IL,LANARK POLICE DEPT,5860-DS-LAS-ER00,STIMULATED COHERENT RADIATION DEVICES,1,Each,125,D,,2013-01-02 00:00:00
IL,LANARK POLICE DEPT,1005-00-589-1271,"RIFLE,7.62 MILLIMETER",1,Each,138,D,1,2000-06-23 00:00:00
IL,LANARK POLICE DEPT,1005-00-073-9421,"RIFLE,5.56 MILLIMETER",1,Each,499,D,1,2012-01-17 00:00:00
IL,LANARK POLICE DEPT,1005-00-726-5655,"PISTOL,CALIBER .45,AUTOMATIC",1,Each,58.71,D,1,2012-01-17 00:00:00
IL,LANARK POLICE DEPT,1005-00-726-5655,"PISTOL,CALIBER .45,AUTOMATIC",1,Each,58.71,D,1,2004-12-21 00:00:00
IL,LANARK POLICE DEPT,6110-01-463-9260,"CONTROL,REMOTE SWITCHING",2,Each,101,B,3,2012-12-21 00:00:00
IL,LANARK POLICE DEPT,5855-01-465-2168,"ILLUMINATOR,INFRARED",1,Each,7786.31,C,1,2012-12-05 00:00:00
IL,LANARK POLICE DEPT,6110-01-470-1931,"CONTROL,REMOTE SWITCHING",1,Each,143,B,3,2012-12-21 00:00:00
IL,LANARK POLICE DEPT,5855-01-540-3355,"VIEWER KIT,NIGHT VISION",2,Each,2560.33,D,1,2013-02-03 00:00:00
IL,LANARK POLICE DEPT,6110-01-463-9260,"CONTROL,REMOTE SWITCHING",1,Each,101,B,3,2012-12-23 00:00:00
IL,LANARK POLICE DEPT,2320-01-107-7153,"TRUCK,UTILITY",1,Each,63894,C,1,2012-07-02 00:00:00
IL,LANARK POLICE DEPT,1005-00-856-6885,"RIFLE,5.56 MILLIMETER",1,Each,120,D,1,2010-03-29 00:00:00
IL,LANARK POLICE DEPT,1005-01-472-3902,"BIPOD,FOLDING      ",1,Each,102.96,D,1,2012-12-18 00:00:00
IL,LANARK POLICE DEPT,6110-01-463-9260,"CONTROL,REMOTE SWITCHING",1,Each,101,B,3,2012-12-21 00:00:00
IL,LANARK POLICE DEPT,6110-01-463-9260,"CONTROL,REMOTE SWITCHING",1,Each,101,B,3,2012-12-21 00:00:00
IL,LANARK POLICE DEPT,8415-01-526-9064,"TROUSERS,COLD WEATHER",4,Pair,109.29,E,1,2012-12-14 00:00:00
IL,LANARK POLICE DEPT,5855-01-488-6563,"ILLUMINATOR,INFRARED",1,Each,1794,D,1,2012-10-23 00:00:00
IL,LANARK POLICE DEPT,1005-00-589-1271,"RIFLE,7.62 MILLIMETER",1,Each,138,D,1,2005-01-05 00:00:00
IL,LANARK POLICE DEPT,5860-01-471-2091,"BORELIGHT SYSTEM,LA",2,Each,391,D,1,2012-04-28 00:00:00
IL,LANARK POLICE DEPT,8405-01-547-2555,"PONCHO,WET WEATHER",1,Each,64.74,E,1,2012-07-20 00:00:00
IL,LANARK POLICE DEPT,8405-01-547-2555,"PONCHO,WET WEATHER",10,Each,64.74,E,1,2012-08-02 00:00:00
IL,LANARK POLICE DEPT,1005-00-118-6192,"FIRING ATTACHMENT,BLANK AMMUNITION",4,Each,5.96,B,3,2012-05-01 00:00:00
IL,LANARK POLICE DEPT,8405-01-547-2555,"PONCHO,WET WEATHER",3,Each,64.74,E,1,2012-07-18 00:00:00
IL,LANARK POLICE DEPT,2990-01-319-5435,"INSTALLATION KIT,ENGINE EXHAUST SYSTEM",1,Kit,399.59,Q,3,2012-07-22 00:00:00
IL,LANARK POLICE DEPT,1005-01-360-4862,"MAGAZINE,CARTRIDGE",1,Each,189.27,D,1,2012-05-05 00:00:00
IL,LANARK POLICE DEPT,1005-01-234-2297,"GUARD,HAND,GUN",2,Each,28.78,B,3,2012-04-30 00:00:00
IL,LANARK POLICE DEPT,1005-00-056-2237,"MAGAZINE,CARTRIDGE",10,Each,12.26,D,1,2012-01-21 00:00:00
IL,LANARK POLICE DEPT,1240-01-492-5264,"SIGHT,HOLOGRAPHIC  ",2,Each,506.8,D,1,2012-03-03 00:00:00
IL,LANARK POLICE DEPT,1005-01-452-3527,"ADAPTER RAIL,WEAPON MOUNTED,M4",2,Each,75.01,D,7,2012-04-14 00:00:00
IL,LANARK POLICE DEPT,5855-01-465-2168,"ILLUMINATOR,INFRARED",1,Each,7786.31,C,1,2012-12-05 00:00:00
IL,LANARK POLICE DEPT,1005-00-726-5655,"PISTOL,CALIBER .45,AUTOMATIC",1,Each,58.71,D,1,2012-01-17 00:00:00
IL,LANARK POLICE DEPT,1240-01-411-1265,"SIGHT,REFLEX",1,Each,315,D,1,2012-01-23 00:00:00
IL,LANARK POLICE DEPT,1240-01-411-1265,"SIGHT,REFLEX",1,Each,315,D,1,2012-01-23 00:00:00
IL,LANARK POLICE DEPT,1005-01-563-8451,"BIPOD,RIFLE",2,Each,147.26,D,1,2013-12-30 00:00:00
IL,LANARK POLICE DEPT,5855-01-485-4098,"GRIP,PISTOL,LASER  ",2,Each,288.64,D,1,2013-12-10 00:00:00
IL,LANARK POLICE DEPT,5855-01-425-1041,"CASE,TRANSPORTATION",1,Each,177.58,D,,2013-11-14 00:00:00
IL,LANARK POLICE DEPT,5855-01-528-2744,"IMAGE INTENSIFIER,NIGHT VISION",1,Each,6392,C,1,2013-04-16 00:00:00
IL,LANARK POLICE DEPT,1240-01-600-0749,"SIGHT,REFLEX",2,Each,574.58,D,1,2014-09-20 00:00:00
IL,LANARK POLICE DEPT,1005-01-506-5750,"MOUNT,SIGHT,SMALL ARMS",3,Each,306.18,D,1,2014-03-15 00:00:00
IL,LANARK POLICE DEPT,1005-01-535-4430,"MOUNT,SIGHT,SMALL ARMS",2,Each,611.87,D,1,2014-04-26 00:00:00
IL,LANARK POLICE DEPT,1240-01-571-5004,"PERISCOPE,PORTABLE",3,Each,616.03,D,1,2014-03-17 00:00:00
IL,LANARK POLICE DEPT,1005-01-506-5750,"MOUNT,SIGHT,SMALL ARMS",1,Each,306.18,D,1,2014-03-21 00:00:00
IL,LANARK POLICE DEPT,1005-01-452-6771,"ADAPTER RAIL,WEAPON MOUNTED,M5",1,Each,200.02,B,3,2014-01-22 00:00:00
IL,LANARK POLICE DEPT,5365-01-562-0979,"RING SET,RETAINING,INSTRUMENT",2,Each,131.47,B,3,2014-01-28 00:00:00
IL,LANARK POLICE DEPT,1005-01-452-6771,"ADAPTER RAIL,WEAPON MOUNTED,M5",3,Each,200.02,B,3,2014-01-22 00:00:00
IL,LANARK POLICE DEPT,5825-01-551-3619,"NAVIGATION SET,SATELLITE SIGNALS",1,Each,500,Q,3,2014-01-08 00:00:00
IL,LANARK POLICE DEPT,1005-00-073-9421,"RIFLE,5.56 MILLIMETER",1,Each,499,D,1,2003-06-11 00:00:00
IL,LANARK POLICE DEPT,1005-00-073-9421,"RIFLE,5.56 MILLIMETER",1,Each,499,D,1,2003-06-11 00:00:00
IL,LANARK POLICE DEPT,1005-00-073-9421,"RIFLE,5.56 MILLIMETER",1,Each,499,D,1,2003-06-11 00:00:00
IL,LANARK POLICE DEPT,1005-00-073-9421,"RIFLE,5.56 MILLIMETER",1,Each,499,D,1,2003-06-11 00:00:00
IL,LANARK POLICE DEPT,1005-00-073-9421,"RIFLE,5.56 MILLIMETER",1,Each,499,D,1,2003-06-11 00:00:00
IL,LANARK POLICE DEPT,5855-01-461-2741,"MODIFICATION KIT,NIGHT VISION EQUIPMENT",2,Each,542.4,D,1,2014-01-03 00:00:00
IL,LANARK POLICE DEPT,1240-01-587-1372,"MAGNIFIER,WEAPON SIGHT",1,Each,450,D,1,2013-12-30 00:00:00
IL,LANARK POLICE DEPT,6150-01-565-2188,"WIRING HARNESS,BRANCHED",1,Each,181.25,B,3,2013-11-06 00:00:00
IL,LANARK POLICE DEPT,1240-01-490-7312,"SIGHT,REFLEX",1,Each,1170.55,D,1,2013-11-05 00:00:00
IL,LANARK POLICE DEPT,5855-01-423-0817,MAGNIFIER LENS ASSE,3,Each,398.69,D,1,2013-11-05 00:00:00
IL,LANARK POLICE DEPT,4933-00-055-5996,"TOOL,RIFLE,BOLT ASSEMBLY",3,Each,97.42,B,3,2013-09-17 00:00:00
IL,LANARK POLICE DEPT,6150-01-565-2183,"WIRING HARNESS,BRANCHED",2,Each,178.6,B,3,2013-09-04 00:00:00
IL,LANARK POLICE DEPT,2540-01-408-7049,"PARTS KIT,SEAT,VEHICULAR",1,Each,750,Q,6,2013-09-17 00:00:00
IL,LANARK POLICE DEPT,6150-01-565-2177,"WIRING HARNESS,BRANCHED",2,Each,119.71,B,3,2013-09-04 00:00:00
IL,LANARK POLICE DEPT,6150-01-565-2188,"WIRING HARNESS,BRANCHED",3,Each,181.25,B,3,2013-08-06 00:00:00
IL,LANARK POLICE DEPT,5855-01-381-6052,COMPASS ASSEMBLY   ,2,Each,61.1,Q,3,2013-07-26 00:00:00
IL,LANARK POLICE DEPT,5930-01-572-3848,SWITCH ASSEMBLY,1,Each,365.82,Q,6,2013-07-11 00:00:00
IL,LANARK POLICE DEPT,1240-01-578-2332,BINOCULAR,1,Each,100000,D,1,2013-07-09 00:00:00
IL,LANARK POLICE DEPT,5855-01-381-6052,COMPASS ASSEMBLY   ,3,Each,61.1,Q,3,2013-07-06 00:00:00
IL,LANARK POLICE DEPT,1240-00-670-2508,BINOCULAR,2,Each,236,D,1,2013-06-28 00:00:00
IL,LANARK POLICE DEPT,6220-01-565-2245,"LIGHTBAR ASSEMBLY,FLASHING,MRAP LIGHT KIT",1,Each,5410.87,B,3,2013-04-30 00:00:00
IL,LANARK POLICE DEPT,5855-01-526-4180,"ADAPTER,GOGGLES,NIGHT VISION",2,Each,348.52,B,3,2013-03-30 00:00:00
IL,LANARK POLICE DEPT,6230-01-588-8427,"LIGHT KIT,WEAPONS  ",4,Each,451.26,B,3,2013-01-02 00:00:00
IL,LANARK POLICE DEPT,5825-01-457-5944,"NAVIGATION SET,SATELLITE SIGNALS",2,Each,368,Q,3,2013-01-02 00:00:00
IL,LANARK POLICE DEPT,7010-DS-LAP-TOPS,COMPUTER SYSTEMS LAPTOP,1,Each,1698.56,D,,2013-03-28 00:00:00
IL,LASALLE COUNTY SHERIFF OFFICE,1005-00-589-1271,"RIFLE,7.62 MILLIMETER",1,Each,138,D,1,1994-04-20 00:00:00
IL,LASALLE COUNTY SHERIFF OFFICE,1005-01-541-2476,"ADAPTER RAIL,WEAPON MOUNTED",39,Each,12.03,D,1,2012-06-30 00:00:00
IL,LASALLE COUNTY SHERIFF OFFICE,1005-00-589-1271,"RIFLE,7.62 MILLIMETER",1,Each,138,D,1,1994-04-20 00:00:00
IL,LASALLE COUNTY SHERIFF OFFICE,1005-00-589-1271,"RIFLE,7.62 MILLIMETER",1,Each,138,D,1,1994-04-20 00:00:00
IL,LASALLE COUNTY SHERIFF OFFICE,1005-00-589-1271,"RIFLE,7.62 MILLIMETER",1,Each,138,D,1,1994-04-20 00:00:00
IL,LASALLE COUNTY SHERIFF OFFICE,1005-01-559-7993,"SIGHT,HOLOGRAPHIC",9,Each,485.43,D,1,2013-04-11 00:00:00
IL,LASALLE COUNTY SHERIFF OFFICE,1240-DS-OPT-SIGH,OPTICAL SIGHTING AND RANGING EQUIPMENT,1,Each,600,D,,2013-03-12 00:00:00
IL,LASALLE COUNTY SHERIFF OFFICE,1240-01-411-1265,"SIGHT,REFLEX",26,Each,315,D,1,2012-07-11 00:00:00
IL,LASALLE COUNTY SHERIFF OFFICE,1240-DS-OPT-SIGH,OPTICAL SIGHTING AND RANGING EQUIPMENT,1,Each,600,D,,2013-03-12 00:00:00
IL,LASALLE COUNTY SHERIFF OFFICE,1240-01-411-1265,"SIGHT,REFLEX",16,Each,315,D,1,2012-07-11 00:00:00
IL,LASALLE COUNTY SHERIFF OFFICE,1240-01-411-1265,"SIGHT,REFLEX",11,Each,315,D,1,2012-07-11 00:00:00
IL,LASALLE COUNTY SHERIFF OFFICE,2320-01-107-7155,"TRUCK,UTILITY",1,Each,41061,Q,6,2013-01-02 00:00:00
IL,LASALLE COUNTY SHERIFF OFFICE,4933-01-394-7781,"BORE LIGHT SYSTEM,LASER",2,Each,649,D,1,2013-04-11 00:00:00
IL,LASALLE COUNTY SHERIFF OFFICE,1240-01-571-5004,"PERISCOPE,PORTABLE",23,Each,616.03,D,1,2013-02-14 00:00:00
IL,LASALLE COUNTY SHERIFF OFFICE,2320-01-371-9577,"TRUCK,UTILITY",1,Each,47023,Q,6,2012-07-06 00:00:00
IL,LASALLE COUNTY SHERIFF OFFICE,1265-01-558-5814,"TRANSMITTER,LASER",1,Each,7092.06,D,1,2013-03-04 00:00:00
IL,LASALLE COUNTY SHERIFF OFFICE,1240-01-504-3278,SCOPE ASSEMBLY     ,1,Assembly,1300,C,1,2013-04-11 00:00:00
IL,LASALLE COUNTY SHERIFF OFFICE,6650-00-530-0960,"TELESCOPE,STRAIGHT",4,Each,442,D,1,2012-06-30 00:00:00
IL,LASALLE COUNTY SHERIFF OFFICE,2355-01-590-1660,MINE RESISTANT VEHICLE,1,Each,733000,C,1,2014-05-06 00:00:00
IL,LASALLE POLICE DEPT,1005-00-073-9421,"RIFLE,5.56 MILLIMETER",1,Each,499,D,1,2005-08-24 00:00:00
IL,LASALLE POLICE DEPT,1005-00-073-9421,"RIFLE,5.56 MILLIMETER",1,Each,499,D,1,2005-08-24 00:00:00
IL,LASALLE POLICE DEPT,1005-00-073-9421,"RIFLE,5.56 MILLIMETER",1,Each,499,D,1,2005-08-24 00:00:00
IL,LASALLE POLICE DEPT,1005-00-073-9421,"RIFLE,5.56 MILLIMETER",1,Each,499,D,1,2005-08-24 00:00:00
IL,LASALLE POLICE DEPT,1005-00-073-9421,"RIFLE,5.56 MILLIMETER",1,Each,499,D,1,2005-08-24 00:00:00
IL,LASALLE POLICE DEPT,1005-00-073-9421,"RIFLE,5.56 MILLIMETER",1,Each,499,D,1,2005-08-24 00:00:00
IL,LASALLE POLICE DEPT,1005-00-073-9421,"RIFLE,5.56 MILLIMETER",1,Each,499,D,1,2005-08-24 00:00:00
IL,LAWRENCE COUNTY SHERIFF DEPT,1005-00-073-9421,"RIFLE,5.56 MILLIMETER",1,Each,499,D,1,2002-11-13 00:00:00
IL,LAWRENCE COUNTY SHERIFF DEPT,1005-00-589-1271,"RIFLE,7.62 MILLIMETER",1,Each,138,D,1,2000-05-18 00:00:00
IL,LAWRENCE COUNTY SHERIFF DEPT,2320-01-107-7155,"TRUCK,UTILITY",1,Each,41061,Q,6,2012-03-29 00:00:00
IL,LAWRENCE COUNTY SHERIFF DEPT,2320-01-107-7155,"TRUCK,UTILITY",1,Each,41061,Q,6,2012-03-13 00:00:00
IL,LAWRENCE COUNTY SHERIFF DEPT,1005-00-073-9421,"RIFLE,5.56 MILLIMETER",1,Each,499,D,1,2002-11-13 00:00:00
IL,LAWRENCE COUNTY SHERIFF DEPT,1005-00-073-9421,"RIFLE,5.56 MILLIMETER",1,Each,499,D,1,2002-11-13 00:00:00
IL,LAWRENCE COUNTY SHERIFF DEPT,1005-00-073-9421,"RIFLE,5.56 MILLIMETER",1,Each,499,D,1,2002-11-13 00:00:00
IL,LAWRENCE COUNTY SHERIFF DEPT,1005-00-073-9421,"RIFLE,5.56 MILLIMETER",1,Each,499,D,1,2002-11-13 00:00:00
IL,LAWRENCE COUNTY SHERIFF DEPT,1005-00-589-1271,"RIFLE,7.62 MILLIMETER",1,Each,138,D,1,2000-05-18 00:00:00
IL,LAWRENCE COUNTY SHERIFF DEPT,1005-00-073-9421,"RIFLE,5.56 MILLIMETER",1,Each,499,D,1,2002-11-13 00:00:00
IL,LAWRENCE COUNTY SHERIFF DEPT,1005-00-073-9421,"RIFLE,5.56 MILLIMETER",1,Each,499,D,1,2002-11-13 00:00:00
IL,LAWRENCE COUNTY SHERIFF DEPT,1005-00-073-9421,"RIFLE,5.56 MILLIMETER",1,Each,499,D,1,2002-11-13 00:00:00
IL,LAWRENCEVILLE POLICE DEPT,1005-00-589-1271,"RIFLE,7.62 MILLIMETER",1,Each,138,D,1,2000-01-20 00:00:00
IL,LAWRENCEVILLE POLICE DEPT,1005-00-589-1271,"RIFLE,7.62 MILLIMETER",1,Each,138,D,1,2000-01-20 00:00:00
IL,LAWRENCEVILLE POLICE DEPT,1005-00-589-1271,"RIFLE,7.62 MILLIMETER",1,Each,138,D,1,2000-01-20 00:00:00
IL,LAWRENCEVILLE POLICE DEPT,1005-00-589-1271,"RIFLE,7.62 MILLIMETER",1,Each,138,D,1,2000-01-20 00:00:00
IL,LEBANON POLICE DEPT,1005-00-726-5655,"PISTOL,CALIBER .45,AUTOMATIC",1,Each,58.71,D,1,2006-10-31 00:00:00
IL,LEBANON POLICE DEPT,1005-00-726-5655,"PISTOL,CALIBER .45,AUTOMATIC",1,Each,58.71,D,1,2006-10-31 00:00:00
IL,LEBANON POLICE DEPT,1005-00-073-9421,"RIFLE,5.56 MILLIMETER",1,Each,499,D,1,2006-10-31 00:00:00
IL,LEBANON POLICE DEPT,5855-01-228-0936,NIGHT VISION GOGGLE,1,Each,4300,F,1,2012-02-22 00:00:00
IL,LEBANON POLICE DEPT,1005-00-726-5655,"PISTOL,CALIBER .45,AUTOMATIC",1,Each,58.71,D,1,2006-10-31 00:00:00
IL,LEBANON POLICE DEPT,1005-00-726-5655,"PISTOL,CALIBER .45,AUTOMATIC",1,Each,58.71,D,1,2006-10-31 00:00:00
IL,LEBANON POLICE DEPT,1005-00-726-5655,"PISTOL,CALIBER .45,AUTOMATIC",1,Each,58.71,D,1,2006-10-31 00:00:00
IL,LEBANON POLICE DEPT,1005-00-726-5655,"PISTOL,CALIBER .45,AUTOMATIC",1,Each,58.71,D,1,2006-10-31 00:00:00
IL,LEBANON POLICE DEPT,1005-00-073-9421,"RIFLE,5.56 MILLIMETER",1,Each,499,D,1,2006-10-31 00:00:00
IL,LEBANON POLICE DEPT,1005-00-726-5655,"PISTOL,CALIBER .45,AUTOMATIC",1,Each,58.71,D,1,2006-10-31 00:00:00
IL,LEBANON POLICE DEPT,1005-00-726-5655,"PISTOL,CALIBER .45,AUTOMATIC",1,Each,58.71,D,1,2006-10-31 00:00:00
IL,LEBANON POLICE DEPT,5855-01-228-0936,NIGHT VISION GOGGLE,1,Each,4300,F,1,2012-02-22 00:00:00
IL,LEBANON POLICE DEPT,5855-01-228-0936,NIGHT VISION GOGGLE,1,Each,4300,F,1,2012-02-22 00:00:00
IL,LEBANON POLICE DEPT,1005-00-726-5655,"PISTOL,CALIBER .45,AUTOMATIC",1,Each,58.71,D,1,2006-10-31 00:00:00
IL,LEBANON POLICE DEPT,1005-00-589-1271,"RIFLE,7.62 MILLIMETER",1,Each,138,D,1,2006-10-31 00:00:00
IL,LEBANON POLICE DEPT,1005-00-726-5655,"PISTOL,CALIBER .45,AUTOMATIC",1,Each,58.71,D,1,2006-10-31 00:00:00
IL,LEBANON POLICE DEPT,1005-00-589-1271,"RIFLE,7.62 MILLIMETER",1,Each,138,D,1,2006-10-31 00:00:00
IL,LEBANON POLICE DEPT,5855-01-228-0936,NIGHT VISION GOGGLE,1,Each,4300,F,1,2012-02-22 00:00:00
IL,LELAND GROVE POLICE DEPT,2320-01-107-7155,"TRUCK,UTILITY",1,Each,41061,Q,6,2011-08-30 00:00:00
IL,LELAND GROVE POLICE DEPT,1005-00-856-6885,"RIFLE,5.56 MILLIMETER",1,Each,120,D,1,2011-10-18 00:00:00
IL,LELAND GROVE POLICE DEPT,1005-01-128-9936,"RIFLE,5.56 MILLIMETER",1,Each,749,D,1,2014-10-21 00:00:00
IL,LELAND GROVE POLICE DEPT,1005-00-856-6885,"RIFLE,5.56 MILLIMETER",1,Each,120,D,1,2009-08-12 00:00:00
IL,LELAND GROVE POLICE DEPT,1005-01-128-9936,"RIFLE,5.56 MILLIMETER",1,Each,749,D,1,2014-10-21 00:00:00
IL,LELAND GROVE POLICE DEPT,1005-01-128-9936,"RIFLE,5.56 MILLIMETER",1,Each,749,D,1,2014-10-21 00:00:00
IL,LELAND POLICE DEPARTMENT,1005-00-921-5483,"SHOTGUN,12 GAGE,RIOT TYPE",1,Each,108,D,1,2005-08-25 00:00:00
IL,LELAND POLICE DEPARTMENT,1005-00-073-9421,"RIFLE,5.56 MILLIMETER",1,Each,499,D,1,2005-08-24 00:00:00
IL,LELAND POLICE DEPARTMENT,1005-00-589-1271,"RIFLE,7.62 MILLIMETER",1,Each,138,D,1,2005-07-26 00:00:00
IL,LELAND POLICE DEPARTMENT,1005-00-726-5655,"PISTOL,CALIBER .45,AUTOMATIC",1,Each,58.71,D,1,2005-08-20 00:00:00
IL,LEMONT POLICE DEPT,1005-00-073-9421,"RIFLE,5.56 MILLIMETER",1,Each,499,D,1,1998-09-02 00:00:00
IL,LEMONT POLICE DEPT,1005-00-073-9421,"RIFLE,5.56 MILLIMETER",1,Each,499,D,1,1998-09-02 00:00:00
IL,LEMONT POLICE DEPT,1005-00-073-9421,"RIFLE,5.56 MILLIMETER",1,Each,499,D,1,1998-09-02 00:00:00
IL,LEMONT POLICE DEPT,1005-00-073-9421,"RIFLE,5.56 MILLIMETER",1,Each,499,D,1,1998-09-02 00:00:00
IL,LEMONT POLICE DEPT,1005-00-073-9421,"RIFLE,5.56 MILLIMETER",1,Each,499,D,1,1998-09-02 00:00:00
IL,LEMONT POLICE DEPT,1005-00-073-9421,"RIFLE,5.56 MILLIMETER",1,Each,499,D,1,1998-09-02 00:00:00
IL,LEROY POLICE DEPT,1005-00-073-9421,"RIFLE,5.56 MILLIMETER",1,Each,499,D,1,2003-09-09 00:00:00
IL,LEROY POLICE DEPT,5855-01-420-0851,"ILLUMINATOR,INFRARED",3,Each,1632.37,D,1,2003-07-03 00:00:00
IL,LEWISTOWN POLICE DEPT,1005-01-128-9936,"RIFLE,5.56 MILLIMETER",1,Each,749,D,1,2014-11-12 00:00:00
IL,LEWISTOWN POLICE DEPT,1005-01-128-9936,"RIFLE,5.56 MILLIMETER",1,Each,749,D,1,2014-11-12 00:00:00
IL,LEWISTOWN POLICE DEPT,1005-01-128-9936,"RIFLE,5.56 MILLIMETER",1,Each,749,D,1,2014-11-12 00:00:00
IL,LEWISTOWN POLICE DEPT,1005-00-073-9421,"RIFLE,5.56 MILLIMETER",1,Each,499,D,1,2008-05-12 00:00:00
IL,LIBERTYVILLE POLICE DEPT,1005-00-073-9421,"RIFLE,5.56 MILLIMETER",1,Each,499,D,1,2002-10-03 00:00:00
IL,LIBERTYVILLE POLICE DEPT,1005-00-073-9421,"RIFLE,5.56 MILLIMETER",1,Each,499,D,1,2002-10-03 00:00:00
IL,LIBERTYVILLE POLICE DEPT,1005-00-073-9421,"RIFLE,5.56 MILLIMETER",1,Each,499,D,1,2002-10-03 00:00:00
IL,LIBERTYVILLE POLICE DEPT,1005-00-073-9421,"RIFLE,5.56 MILLIMETER",1,Each,499,D,1,2002-10-03 00:00:00
IL,LIBERTYVILLE POLICE DEPT,1005-00-073-9421,"RIFLE,5.56 MILLIMETER",1,Each,499,D,1,2002-10-03 00:00:00
IL,LIBERTYVILLE POLICE DEPT,1005-00-073-9421,"RIFLE,5.56 MILLIMETER",1,Each,499,D,1,2002-10-03 00:00:00
IL,LIBERTYVILLE POLICE DEPT,1005-00-073-9421,"RIFLE,5.56 MILLIMETER",1,Each,499,D,1,2002-10-03 00:00:00
IL,LIBERTYVILLE POLICE DEPT,1005-00-073-9421,"RIFLE,5.56 MILLIMETER",1,Each,499,D,1,2002-10-03 00:00:00
IL,LINCOLN POLICE DEPT,1005-00-073-9421,"RIFLE,5.56 MILLIMETER",1,Each,499,D,1,2005-12-29 00:00:00
IL,LINCOLN POLICE DEPT,1005-00-073-9421,"RIFLE,5.56 MILLIMETER",1,Each,499,D,1,2005-12-29 00:00:00
IL,LINCOLN POLICE DEPT,1005-00-073-9421,"RIFLE,5.56 MILLIMETER",1,Each,499,D,1,2005-12-29 00:00:00
IL,LINCOLN POLICE DEPT,1005-00-073-9421,"RIFLE,5.56 MILLIMETER",1,Each,499,D,1,2002-08-12 00:00:00
IL,LINCOLN POLICE DEPT,1005-00-589-1271,"RIFLE,7.62 MILLIMETER",1,Each,138,D,1,2012-02-07 00:00:00
IL,LINCOLN POLICE DEPT,1005-00-073-9421,"RIFLE,5.56 MILLIMETER",1,Each,499,D,1,2002-08-12 00:00:00
IL,LINCOLN POLICE DEPT,1005-00-073-9421,"RIFLE,5.56 MILLIMETER",1,Each,499,D,1,2005-12-29 00:00:00
IL,LINCOLN POLICE DEPT,1005-00-073-9421,"RIFLE,5.56 MILLIMETER",1,Each,499,D,1,2002-08-12 00:00:00
IL,LINCOLN POLICE DEPT,1005-00-073-9421,"RIFLE,5.56 MILLIMETER",1,Each,499,D,1,2002-08-12 00:00:00
IL,LINCOLN POLICE DEPT,1005-00-073-9421,"RIFLE,5.56 MILLIMETER",1,Each,499,D,1,2002-08-12 00:00:00
IL,LINCOLN POLICE DEPT,1005-00-073-9421,"RIFLE,5.56 MILLIMETER",1,Each,499,D,1,2002-08-12 00:00:00
IL,LINCOLN POLICE DEPT,1005-00-073-9421,"RIFLE,5.56 MILLIMETER",1,Each,499,D,1,2002-08-12 00:00:00
IL,LINCOLN POLICE DEPT,1005-00-589-1271,"RIFLE,7.62 MILLIMETER",1,Each,138,D,1,2012-02-07 00:00:00
IL,LINCOLN POLICE DEPT,1005-00-073-9421,"RIFLE,5.56 MILLIMETER",1,Each,499,D,1,2005-12-29 00:00:00
IL,LINCOLN POLICE DEPT,1005-00-073-9421,"RIFLE,5.56 MILLIMETER",1,Each,499,D,1,2002-08-12 00:00:00
IL,LINCOLN POLICE DEPT,1005-00-073-9421,"RIFLE,5.56 MILLIMETER",1,Each,499,D,1,2002-08-12 00:00:00
IL,LINCOLN POLICE DEPT,1005-00-589-1271,"RIFLE,7.62 MILLIMETER",1,Each,138,D,1,2012-02-07 00:00:00
IL,LINCOLN POLICE DEPT,1005-00-073-9421,"RIFLE,5.56 MILLIMETER",1,Each,499,D,1,2002-08-12 00:00:00
IL,LINCOLN POLICE DEPT,1005-00-589-1271,"RIFLE,7.62 MILLIMETER",1,Each,138,D,1,2012-02-07 00:00:00
IL,LINCOLN POLICE DEPT,1005-00-073-9421,"RIFLE,5.56 MILLIMETER",1,Each,499,D,1,2002-08-12 00:00:00
IL,LINCOLN POLICE DEPT,2320-01-107-7153,"TRUCK,UTILITY",1,Each,63894,C,1,2011-12-16 00:00:00
IL,LINCOLN POLICE DEPT,1005-00-073-9421,"RIFLE,5.56 MILLIMETER",1,Each,499,D,1,2002-08-12 00:00:00
IL,LINCOLN POLICE DEPT,1005-00-073-9421,"RIFLE,5.56 MILLIMETER",1,Each,499,D,1,2002-08-12 00:00:00
IL,LINCOLN POLICE DEPT,1005-00-073-9421,"RIFLE,5.56 MILLIMETER",1,Each,499,D,1,2002-08-12 00:00:00
IL,LINCOLN POLICE DEPT,1005-00-073-9421,"RIFLE,5.56 MILLIMETER",1,Each,499,D,1,2002-08-12 00:00:00
IL,LINCOLN POLICE DEPT,2320-01-107-7153,"TRUCK,UTILITY",1,Each,63894,C,1,2011-12-16 00:00:00
IL,LISLE POLICE DEPT,1005-00-073-9421,"RIFLE,5.56 MILLIMETER",1,Each,499,D,1,2008-01-23 00:00:00
IL,LISLE POLICE DEPT,1005-00-073-9421,"RIFLE,5.56 MILLIMETER",1,Each,499,D,1,2008-01-22 00:00:00
IL,LISLE POLICE DEPT,1005-00-073-9421,"RIFLE,5.56 MILLIMETER",1,Each,499,D,1,2008-01-22 00:00:00
IL,LISLE POLICE DEPT,1005-00-073-9421,"RIFLE,5.56 MILLIMETER",1,Each,499,D,1,2008-01-22 00:00:00
IL,LISLE POLICE DEPT,1005-00-073-9421,"RIFLE,5.56 MILLIMETER",1,Each,499,D,1,2008-01-23 00:00:00
IL,LISLE POLICE DEPT,1005-00-073-9421,"RIFLE,5.56 MILLIMETER",1,Each,499,D,1,2008-01-23 00:00:00
IL,LISLE POLICE DEPT,1005-00-073-9421,"RIFLE,5.56 MILLIMETER",1,Each,499,D,1,2008-01-23 00:00:00
IL,LISLE POLICE DEPT,1005-00-073-9421,"RIFLE,5.56 MILLIMETER",1,Each,499,D,1,2008-01-22 00:00:00
IL,LISLE POLICE DEPT,1005-00-073-9421,"RIFLE,5.56 MILLIMETER",1,Each,499,D,1,2008-01-22 00:00:00
IL,LITCHFIELD POLICE DEPT,1005-00-073-9421,"RIFLE,5.56 MILLIMETER",1,Each,499,D,1,2005-03-24 00:00:00
IL,LITCHFIELD POLICE DEPT,1005-00-073-9421,"RIFLE,5.56 MILLIMETER",1,Each,499,D,1,2005-03-24 00:00:00
IL,LITCHFIELD POLICE DEPT,5855-01-017-7366,NIGHT VISION SIGHT ASSEMBLY,1,Each,3207,F,1,2005-06-29 00:00:00
IL,LITCHFIELD POLICE DEPT,5855-01-017-7366,NIGHT VISION SIGHT ASSEMBLY,1,Each,3207,F,1,2005-06-29 00:00:00
IL,LITCHFIELD POLICE DEPT,1005-00-073-9421,"RIFLE,5.56 MILLIMETER",1,Each,499,D,1,2005-03-24 00:00:00
IL,LITCHFIELD POLICE DEPT,1005-00-073-9421,"RIFLE,5.56 MILLIMETER",1,Each,499,D,1,2005-03-24 00:00:00
IL,LITCHFIELD POLICE DEPT,5855-01-017-7366,NIGHT VISION SIGHT ASSEMBLY,1,Each,3207,F,1,2005-06-29 00:00:00
IL,LITCHFIELD POLICE DEPT,1005-00-921-5483,"SHOTGUN,12 GAGE,RIOT TYPE",1,Each,108,D,1,2005-03-24 00:00:00
IL,LITCHFIELD POLICE DEPT,1005-00-073-9421,"RIFLE,5.56 MILLIMETER",1,Each,499,D,1,2005-03-24 00:00:00
IL,LITCHFIELD POLICE DEPT,1005-00-921-5483,"SHOTGUN,12 GAGE,RIOT TYPE",1,Each,108,D,1,2005-03-24 00:00:00
IL,LITCHFIELD POLICE DEPT,1005-00-921-5483,"SHOTGUN,12 GAGE,RIOT TYPE",1,Each,108,D,1,2005-03-24 00:00:00
IL,LITCHFIELD POLICE DEPT,5855-01-017-7366,NIGHT VISION SIGHT ASSEMBLY,1,Each,3207,F,1,2005-06-29 00:00:00
IL,LITCHFIELD POLICE DEPT,1005-00-073-9421,"RIFLE,5.56 MILLIMETER",1,Each,499,D,1,2005-03-24 00:00:00
IL,LOAMI POLICE DEPT,6230-01-588-8427,"LIGHT KIT,WEAPONS  ",8,Each,451.26,B,3,2017-11-15 00:00:00
IL,LOAMI POLICE DEPT,1005-00-726-5655,"PISTOL,CALIBER .45,AUTOMATIC",1,Each,58.71,D,1,2008-10-28 00:00:00
IL,LOAMI POLICE DEPT,1240-01-499-3547,BINOCULAR,3,Each,341,F,1,2011-12-31 00:00:00
IL,LOAMI POLICE DEPT,8465-01-416-4626,"SPECTACLES KIT,BALLISTIC AND LASER PROTECTIVE",12,Kit,15.16,D,1,2011-12-31 00:00:00
IL,LOAMI POLICE DEPT,1005-00-726-5655,"PISTOL,CALIBER .45,AUTOMATIC",1,Each,58.71,D,1,2008-10-28 00:00:00
IL,LOAMI POLICE DEPT,1005-00-589-1271,"RIFLE,7.62 MILLIMETER",1,Each,138,D,1,2008-10-29 00:00:00
IL,LOAMI POLICE DEPT,1005-00-856-6885,"RIFLE,5.56 MILLIMETER",1,Each,120,D,1,2010-08-26 00:00:00
IL,LOAMI POLICE DEPT,1005-00-726-5655,"PISTOL,CALIBER .45,AUTOMATIC",1,Each,58.71,D,1,2010-08-18 00:00:00
IL,LOAMI POLICE DEPT,3920-00-202-2223,"TRUCK,LIFT,HAND",1,Each,379.61,A,1,2017-11-20 00:00:00
IL,LOAMI POLICE DEPT,6115-01-643-0200,"GENERATOR SET,DIESEL ENGINE",1,Each,3500,A,1,2017-11-20 00:00:00
IL,LOAMI POLICE DEPT,5855-DS-NIG-HTVI,"NIGHT VISION EQUIP, EMIT, REFLECTED RAD",1,Each,7000,D,,2011-05-14 00:00:00
IL,LOAMI POLICE DEPT,8470-01-506-6375,"HELMET,ADVANCED COMBAT",1,Each,224.07,D,1,2010-07-27 00:00:00
IL,LOAMI POLICE DEPT,1240-01-587-1372,"MAGNIFIER,WEAPON SIGHT",9,Each,450,D,1,2011-08-06 00:00:00
IL,LOAMI POLICE DEPT,1240-01-411-6350,"TELESCOPE,STRAIGHT",6,Each,794,F,7,2010-07-27 00:00:00
IL,LOAMI POLICE DEPT,8470-01-506-6375,"HELMET,ADVANCED COMBAT",1,Each,224.07,D,1,2010-07-27 00:00:00
IL,LOAMI POLICE DEPT,1005-00-056-2237,"MAGAZINE,CARTRIDGE",50,Each,12.26,D,1,2012-01-21 00:00:00
IL,LOAMI POLICE DEPT,1240-01-361-1318,BINOCULAR,2,Each,328,F,1,2011-01-08 00:00:00
IL,LOAMI POLICE DEPT,1240-01-207-5787,BINOCULAR,2,Each,435,F,1,2011-01-05 00:00:00
IL,LOAMI POLICE DEPT,1005-00-921-5004,"MAGAZINE,CARTRIDGE",50,Each,12.3,D,1,2010-07-27 00:00:00
IL,LOAMI POLICE DEPT,8470-01-529-6344,"HELMET,ADVANCED COMBAT",2,Each,273.4,D,1,2010-07-27 00:00:00
IL,LOAMI POLICE DEPT,8470-01-506-6369,"HELMET,ADVANCED COMBAT",2,Each,224.07,D,1,2010-07-27 00:00:00
IL,LOAMI POLICE DEPT,8465-01-398-0687,SLEEPING BAG,8,Each,65.86,A,1,2017-11-20 00:00:00
IL,LOAMI POLICE DEPT,6230-DS-LIG-HT01,"ELECTRIC PORTABLE, HAND LIGHTING EQUIP",5,Each,114.35,A,,2017-11-20 00:00:00
IL,LOAMI POLICE DEPT,7830-DS-TRA-INE1,TRAINER,1,Each,1000,A,,2017-11-20 00:00:00
IL,LOAMI POLICE DEPT,4310-DS-COM-PRE1,"COMPRESSOR, AIR",1,Each,1300,A,,2017-11-20 00:00:00
IL,LOAMI POLICE DEPT,4110-DS-REF-RIG0,REFRIGERATOR,1,Each,759,A,,2017-11-20 00:00:00
IL,LOAMI POLICE DEPT,1095-01-227-1739,BAYONET AND SCABBARD,3,Each,47.5,Q,6,2017-11-20 00:00:00
IL,LOAMI POLICE DEPT,8465-01-398-5428,"STUFF SACK,COMPRESS",4,Each,16.23,A,1,2017-11-20 00:00:00
IL,LOAMI POLICE DEPT,8415-01-545-9542,"PARKA,EXTREME COLD WEATHER",1,Each,116.45,A,1,2017-11-20 00:00:00
IL,LOAMI POLICE DEPT,1240-01-533-0941,"SIGHT,REFLEX",9,Each,400,A,1,2017-11-16 00:00:00
IL,LOAMI POLICE DEPT,1005-00-726-5655,"PISTOL,CALIBER .45,AUTOMATIC",1,Each,58.71,D,1,2008-10-28 00:00:00
IL,LOAMI POLICE DEPT,5855-DS-NIG-HTVI,"NIGHT VISION EQUIP, EMIT, REFLECTED RAD",1,Each,7000,D,,2011-05-14 00:00:00
IL,LOAMI POLICE DEPT,4310-01-555-0717,"COMPRESSOR UNIT,RECIPROCATING",1,Each,1566,B,3,2014-03-27 00:00:00
IL,LOAMI POLICE DEPT,1005-00-726-5655,"PISTOL,CALIBER .45,AUTOMATIC",1,Each,58.71,D,1,2008-10-28 00:00:00
IL,LOAMI POLICE DEPT,2320-01-107-7153,"TRUCK,UTILITY",1,Each,63894,C,1,2011-12-21 00:00:00
IL,LOAMI POLICE DEPT,6230-01-580-0346,"LIGHT UNIT,PORTABLE",1,Each,794.38,B,3,2017-11-08 00:00:00
IL,LOCKPORT POLICE DEPT,1005-00-589-1271,"RIFLE,7.62 MILLIMETER",1,Each,138,D,1,2000-09-08 00:00:00
IL,LOCKPORT POLICE DEPT,1005-00-073-9421,"RIFLE,5.56 MILLIMETER",1,Each,499,D,1,2002-11-14 00:00:00
IL,LOCKPORT POLICE DEPT,1005-00-589-1271,"RIFLE,7.62 MILLIMETER",1,Each,138,D,1,2000-09-08 00:00:00
IL,LOCKPORT POLICE DEPT,1005-00-073-9421,"RIFLE,5.56 MILLIMETER",1,Each,499,D,1,2002-11-14 00:00:00
IL,LOCKPORT POLICE DEPT,1005-00-073-9421,"RIFLE,5.56 MILLIMETER",1,Each,499,D,1,2002-11-14 00:00:00
IL,LOCKPORT POLICE DEPT,1005-00-589-1271,"RIFLE,7.62 MILLIMETER",1,Each,138,D,1,2000-09-08 00:00:00
IL,LOCKPORT POLICE DEPT,1005-00-589-1271,"RIFLE,7.62 MILLIMETER",1,Each,138,D,1,2000-09-08 00:00:00
IL,LOCKPORT POLICE DEPT,1005-00-589-1271,"RIFLE,7.62 MILLIMETER",1,Each,138,D,1,2000-09-08 00:00:00
IL,LOCKPORT POLICE DEPT,1005-00-073-9421,"RIFLE,5.56 MILLIMETER",1,Each,499,D,1,2002-11-14 00:00:00
IL,LOGAN COUNTY SHERIFF OFFICE,2320-01-128-9551,"TRUCK,UTILITY",1,Each,50458,C,1,2011-10-21 00:00:00
IL,LOGAN COUNTY SHERIFF OFFICE,1005-00-589-1271,"RIFLE,7.62 MILLIMETER",1,Each,138,D,1,2003-10-30 00:00:00
IL,LOGAN COUNTY SHERIFF OFFICE,1005-00-589-1271,"RIFLE,7.62 MILLIMETER",1,Each,138,D,1,2003-10-30 00:00:00
IL,LOGAN COUNTY SHERIFF OFFICE,1005-00-589-1271,"RIFLE,7.62 MILLIMETER",1,Each,138,D,1,2003-10-30 00:00:00
IL,LOGAN COUNTY SHERIFF OFFICE,1005-00-073-9421,"RIFLE,5.56 MILLIMETER",1,Each,499,D,1,2004-03-22 00:00:00
IL,LOGAN COUNTY SHERIFF OFFICE,1005-00-073-9421,"RIFLE,5.56 MILLIMETER",1,Each,499,D,1,2004-03-22 00:00:00
IL,LOGAN COUNTY SHERIFF OFFICE,1005-00-073-9421,"RIFLE,5.56 MILLIMETER",1,Each,499,D,1,2004-03-22 00:00:00
IL,LOGAN COUNTY SHERIFF OFFICE,1005-00-589-1271,"RIFLE,7.62 MILLIMETER",1,Each,138,D,1,2003-10-30 00:00:00
IL,LOGAN COUNTY SHERIFF OFFICE,1005-00-073-9421,"RIFLE,5.56 MILLIMETER",1,Each,499,D,1,2004-03-22 00:00:00
IL,LOGAN COUNTY SHERIFF OFFICE,2320-01-128-9551,"TRUCK,UTILITY",1,Each,50458,C,1,2011-10-21 00:00:00
IL,LOMBARD POLICE DEPT,1005-00-073-9421,"RIFLE,5.56 MILLIMETER",1,Each,499,D,1,2002-09-10 00:00:00
IL,LOMBARD POLICE DEPT,1005-00-073-9421,"RIFLE,5.56 MILLIMETER",1,Each,499,D,1,2002-09-10 00:00:00
IL,LOMBARD POLICE DEPT,1005-00-073-9421,"RIFLE,5.56 MILLIMETER",1,Each,499,D,1,2002-09-10 00:00:00
IL,LOMBARD POLICE DEPT,1005-00-073-9421,"RIFLE,5.56 MILLIMETER",1,Each,499,D,1,2002-09-10 00:00:00
IL,LOMBARD POLICE DEPT,1005-00-073-9421,"RIFLE,5.56 MILLIMETER",1,Each,499,D,1,2002-09-10 00:00:00
IL,LOMBARD POLICE DEPT,1005-00-073-9421,"RIFLE,5.56 MILLIMETER",1,Each,499,D,1,2002-09-10 00:00:00
IL,LOMBARD POLICE DEPT,5855-01-228-0936,NIGHT VISION GOGGLE,1,Each,4300,F,1,2014-09-23 00:00:00
IL,LOMBARD POLICE DEPT,5855-01-228-0936,NIGHT VISION GOGGLE,1,Each,4300,F,1,2014-09-23 00:00:00
IL,LOMBARD POLICE DEPT,5860-01-062-3543,"LASER,INFRARED OBS ",1,Each,4880,D,1,2014-11-12 00:00:00
IL,LOMBARD POLICE DEPT,1240-01-411-1265,"SIGHT,REFLEX",1,Each,315,D,1,2016-03-01 00:00:00
IL,LOMBARD POLICE DEPT,1240-01-411-1265,"SIGHT,REFLEX",1,Each,315,D,1,2016-03-01 00:00:00
IL,LOMBARD POLICE DEPT,1005-01-382-6795,"RECEIVER,CARTRIDGE",1,Each,87.96,D,1,2016-02-22 00:00:00
IL,LOMBARD POLICE DEPT,1240-01-411-1265,"SIGHT,REFLEX",5,Each,315,D,1,2016-03-22 00:00:00
IL,LOMBARD POLICE DEPT,1240-01-411-1265,"SIGHT,REFLEX",2,Each,315,D,1,2016-03-01 00:00:00
IL,LOMBARD POLICE DEPT,1005-00-073-9421,"RIFLE,5.56 MILLIMETER",1,Each,499,D,1,2002-09-10 00:00:00
IL,LOMBARD POLICE DEPT,1005-00-073-9421,"RIFLE,5.56 MILLIMETER",1,Each,499,D,1,2002-09-10 00:00:00
IL,LOMBARD POLICE DEPT,1005-00-589-1271,"RIFLE,7.62 MILLIMETER",1,Each,138,D,1,1994-04-14 00:00:00
IL,LOMBARD POLICE DEPT,1005-00-589-1271,"RIFLE,7.62 MILLIMETER",1,Each,138,D,1,1994-04-14 00:00:00
IL,LOMBARD POLICE DEPT,1005-00-589-1271,"RIFLE,7.62 MILLIMETER",1,Each,138,D,1,1994-04-14 00:00:00
IL,LOMBARD POLICE DEPT,1005-00-589-1271,"RIFLE,7.62 MILLIMETER",1,Each,138,D,1,1994-04-14 00:00:00
IL,LOMBARD POLICE DEPT,1005-00-073-9421,"RIFLE,5.56 MILLIMETER",1,Each,499,D,1,2002-09-10 00:00:00
IL,LOMBARD POLICE DEPT,1005-00-073-9421,"RIFLE,5.56 MILLIMETER",1,Each,499,D,1,2002-09-10 00:00:00
IL,LONDON MILLS POLICE DEPT,8145-01-608-0901,SHIPPING CONTAINER ,6,Each,2185.26,Q,3,2015-07-29 00:00:00
IL,LONDON MILLS POLICE DEPT,2320-01-107-7153,"TRUCK,UTILITY",1,Each,63894,C,1,2011-12-21 00:00:00
IL,LOSTANT POLICE DEPT,6530-00-788-4010,"RESTRAINT SET,WRIST AND ANKLE",5,Set,195.21,Q,6,2013-11-12 00:00:00
IL,LOSTANT POLICE DEPT,8465-01-416-4634,"SPECTACLES,BALLISTIC AND LASER PROTECTIVE",5,Each,20.2,D,1,2012-08-04 00:00:00
IL,LOSTANT POLICE DEPT,6675-01-371-4961,"SURVEYING INSTRUMENT,ELECTRONIC DISTANCE MEASURING,INFRARED",1,Each,50000,Q,6,2011-05-28 00:00:00
IL,LOSTANT POLICE DEPT,1240-00-930-3833,BINOCULAR,1,Each,278.05,D,1,2009-12-17 00:00:00
IL,LOSTANT POLICE DEPT,8145-01-316-3296,SHIPPING AND STORAG,1,Each,6896.49,A,1,2017-08-14 00:00:00
IL,LOSTANT POLICE DEPT,2340-01-420-2816,"UTILITY VEHICLE,4WD",1,Each,9831.07,A,1,2017-08-28 00:00:00
IL,LOSTANT POLICE DEPT,5140-DS-CAB-INE0,"CABINET, TOOL",1,Each,25,A,,2017-05-09 00:00:00
IL,LOSTANT POLICE DEPT,8440-01-577-0401,SOCKS,25,Package,9.77,A,1,2017-05-09 00:00:00
IL,LOSTANT POLICE DEPT,8415-DS-SPC-LOTA,"CLOTHING, SPECIAL PURPOSE, DEMIL A",5,Each,6.22,A,,2017-04-05 00:00:00
IL,LOSTANT POLICE DEPT,8465-01-396-9922,HYDRATION SYSTEM,1,Each,99.19,A,1,2017-04-05 00:00:00
IL,LOSTANT POLICE DEPT,6230-DS-LIG-HT01,"ELECTRIC PORTABLE, HAND LIGHTING EQUIP",2,Each,114.35,A,,2017-04-04 00:00:00
IL,LOSTANT POLICE DEPT,8415-01-538-6747,"JACKET,COLD WEATHER",5,Each,64,A,1,2017-04-05 00:00:00
IL,LOSTANT POLICE DEPT,5120-00-204-1999,"WRENCH SET,SOCKET",1,Set,435.47,A,1,2017-05-09 00:00:00
IL,LOSTANT POLICE DEPT,8415-00-935-3140,"HELMET,SAFETY",5,Each,8.37,A,1,2017-03-15 00:00:00
IL,LOSTANT POLICE DEPT,6220-01-219-7620,"LIGHTING KIT,VEHICULAR",1,Each,787.38,B,3,2013-08-27 00:00:00
IL,LOSTANT POLICE DEPT,1080-01-462-0278,CAMOUFLAGE SCREENING SYSTEM,1,Each,1414,D,1,2013-08-27 00:00:00
IL,LOSTANT POLICE DEPT,1005-00-921-5004,"MAGAZINE,CARTRIDGE",20,Each,12.3,D,1,2013-09-18 00:00:00
IL,LOSTANT POLICE DEPT,1005-01-541-1772,"BIPOD,RIFLE",3,Each,124.37,D,1,2013-08-27 00:00:00
IL,LOSTANT POLICE DEPT,6650-00-530-0960,"TELESCOPE,STRAIGHT",1,Each,442,D,1,2013-12-18 00:00:00
IL,LOSTANT POLICE DEPT,5825-01-457-5944,"NAVIGATION SET,SATELLITE SIGNALS",1,Each,368,Q,3,2013-12-18 00:00:00
IL,LOSTANT POLICE DEPT,5860-01-062-3543,"LASER,INFRARED OBS ",1,Each,4880,D,1,2013-12-18 00:00:00
IL,LOSTANT POLICE DEPT,1005-00-073-9421,"RIFLE,5.56 MILLIMETER",1,Each,499,D,1,2003-08-27 00:00:00
IL,LOSTANT POLICE DEPT,1005-00-073-9421,"RIFLE,5.56 MILLIMETER",1,Each,499,D,1,2012-01-25 00:00:00
IL,LOSTANT POLICE DEPT,1240-01-411-1265,"SIGHT,REFLEX",2,Each,315,D,1,2013-12-18 00:00:00
IL,LOSTANT POLICE DEPT,1005-01-561-7200,"MAGAZINE,CARTRIDGE",10,Each,12.3,D,1,2014-10-16 00:00:00
IL,LOSTANT POLICE DEPT,1005-01-128-9936,"RIFLE,5.56 MILLIMETER",1,Each,749,D,1,2014-09-19 00:00:00
IL,LOSTANT POLICE DEPT,1005-01-128-9936,"RIFLE,5.56 MILLIMETER",1,Each,749,D,1,2014-09-19 00:00:00
IL,LOSTANT POLICE DEPT,6220-00-947-7621,"LIGHT,WARNING",1,Each,82.88,Q,6,2014-11-18 00:00:00
IL,LOSTANT POLICE DEPT,1005-01-128-9936,"RIFLE,5.56 MILLIMETER",1,Each,749,D,1,2014-09-19 00:00:00
IL,LOSTANT POLICE DEPT,1080-DS-CAM-OUFL,CAMOUFLAGE AND DECEPTION EQUIPMENT,1,Each,209.06,D,,2015-08-20 00:00:00
IL,LOSTANT POLICE DEPT,2340-01-525-1656,ALL TERRAIN VEHICLE WHEELED,1,Each,11507,A,1,2017-05-09 00:00:00
IL,LOSTANT POLICE DEPT,1240-01-412-6608,"TELESCOPE,STRAIGHT",2,Each,943,D,7,2015-06-09 00:00:00
IL,LOSTANT POLICE DEPT,1240-01-410-7427,"MOUNT,SIGHT",5,Each,32.73,D,1,2015-05-27 00:00:00
IL,LOSTANT POLICE DEPT,8465-01-580-2774,MEDIC SET          ,1,Each,152.19,A,1,2017-02-07 00:00:00
IL,LOSTANT POLICE DEPT,3431-00-165-4112,"TORCH OUTFIT,WELDING,GAS SHIELDED ARC",1,Each,1246.02,A,1,2017-02-07 00:00:00
IL,LOSTANT POLICE DEPT,4910-DS-PRE-SSUR,PRESSURE WASHER,1,Each,400,A,,2017-05-08 00:00:00
IL,LOSTANT POLICE DEPT,5120-01-335-0948,"SOCKET,SOCKET WRENCH",2,Each,10.58,A,1,2017-03-15 00:00:00
IL,LOSTANT POLICE DEPT,8465-01-499-9924,"CLUB,SELF-PROTECTION",5,Each,71.16,Q,6,2017-05-09 00:00:00
IL,LOSTANT POLICE DEPT,1240-01-411-1265,"SIGHT,REFLEX",1,Each,315,D,1,2015-06-09 00:00:00
IL,LYONS POLICE DEPT,1005-00-856-6885,"RIFLE,5.56 MILLIMETER",1,Each,120,D,1,2010-07-23 00:00:00
IL,LYONS POLICE DEPT,1005-00-856-6885,"RIFLE,5.56 MILLIMETER",1,Each,120,D,1,2010-07-23 00:00:00
IL,LYONS POLICE DEPT,1005-00-856-6885,"RIFLE,5.56 MILLIMETER",1,Each,120,D,1,2010-09-21 00:00:00
IL,LYONS POLICE DEPT,1005-00-856-6885,"RIFLE,5.56 MILLIMETER",1,Each,120,D,1,2010-09-21 00:00:00
IL,LYONS POLICE DEPT,1005-00-073-9421,"RIFLE,5.56 MILLIMETER",1,Each,499,D,1,2002-08-22 00:00:00
IL,LYONS POLICE DEPT,1005-00-073-9421,"RIFLE,5.56 MILLIMETER",1,Each,499,D,1,2002-08-22 00:00:00
IL,LYONS POLICE DEPT,1005-00-589-1271,"RIFLE,7.62 MILLIMETER",1,Each,138,D,1,1999-02-12 00:00:00
IL,LYONS POLICE DEPT,1005-00-856-6885,"RIFLE,5.56 MILLIMETER",1,Each,120,D,1,2010-07-23 00:00:00
IL,LYONS POLICE DEPT,1005-00-589-1271,"RIFLE,7.62 MILLIMETER",1,Each,138,D,1,1999-02-12 00:00:00
IL,LYONS POLICE DEPT,1005-00-856-6885,"RIFLE,5.56 MILLIMETER",1,Each,120,D,1,2010-09-21 00:00:00
IL,MACOMB  POLICE DEPT,1005-00-589-1271,"RIFLE,7.62 MILLIMETER",1,Each,138,D,1,2000-07-24 00:00:00
IL,MACOMB  POLICE DEPT,1005-00-589-1271,"RIFLE,7.62 MILLIMETER",1,Each,138,D,1,2000-07-24 00:00:00
IL,MACOMB  POLICE DEPT,1005-00-589-1271,"RIFLE,7.62 MILLIMETER",1,Each,138,D,1,2000-07-24 00:00:00
IL,MACOMB  POLICE DEPT,1005-00-589-1271,"RIFLE,7.62 MILLIMETER",1,Each,138,D,1,2000-07-24 00:00:00
IL,MACOMB  POLICE DEPT,1005-00-589-1271,"RIFLE,7.62 MILLIMETER",1,Each,138,D,1,2000-07-24 00:00:00
IL,MACOUPIN COUNTY SHERIFF,1005-00-073-9421,"RIFLE,5.56 MILLIMETER",1,Each,499,D,1,2002-08-22 00:00:00
IL,MACOUPIN COUNTY SHERIFF,1005-00-073-9421,"RIFLE,5.56 MILLIMETER",1,Each,499,D,1,2002-08-22 00:00:00
IL,MACOUPIN COUNTY SHERIFF,1005-00-073-9421,"RIFLE,5.56 MILLIMETER",1,Each,499,D,1,2002-08-22 00:00:00
IL,MACOUPIN COUNTY SHERIFF,1005-00-073-9421,"RIFLE,5.56 MILLIMETER",1,Each,499,D,1,2002-08-22 00:00:00
IL,MADISON POLICE DEPT,1005-00-073-9421,"RIFLE,5.56 MILLIMETER",1,Each,499,D,1,2002-09-26 00:00:00
IL,MADISON POLICE DEPT,1005-00-073-9421,"RIFLE,5.56 MILLIMETER",1,Each,499,D,1,2002-09-26 00:00:00
IL,MADISON POLICE DEPT,1005-00-073-9421,"RIFLE,5.56 MILLIMETER",1,Each,499,D,1,2002-09-26 00:00:00
IL,MADISON POLICE DEPT,1005-00-073-9421,"RIFLE,5.56 MILLIMETER",1,Each,499,D,1,2002-09-26 00:00:00
IL,MANITO POLICE DEPT,1005-00-073-9421,"RIFLE,5.56 MILLIMETER",1,Each,499,D,1,2006-06-30 00:00:00
IL,MANTENO POLICE DEPT,1005-00-073-9421,"RIFLE,5.56 MILLIMETER",1,Each,499,D,1,2007-06-21 00:00:00
IL,MANTENO POLICE DEPT,1005-00-589-1271,"RIFLE,7.62 MILLIMETER",1,Each,138,D,1,1994-08-09 00:00:00
IL,MANTENO POLICE DEPT,1005-00-589-1271,"RIFLE,7.62 MILLIMETER",1,Each,138,D,1,1994-04-18 00:00:00
IL,MANTENO POLICE DEPT,1005-00-589-1271,"RIFLE,7.62 MILLIMETER",1,Each,138,D,1,1994-08-09 00:00:00
IL,MANTENO POLICE DEPT,1005-00-589-1271,"RIFLE,7.62 MILLIMETER",1,Each,138,D,1,1994-08-09 00:00:00
IL,MANTENO POLICE DEPT,1005-00-589-1271,"RIFLE,7.62 MILLIMETER",1,Each,138,D,1,1994-04-18 00:00:00
IL,MANTENO POLICE DEPT,1005-00-589-1271,"RIFLE,7.62 MILLIMETER",1,Each,138,D,1,1994-08-09 00:00:00
IL,MANTENO POLICE DEPT,1005-00-073-9421,"RIFLE,5.56 MILLIMETER",1,Each,499,D,1,2007-06-21 00:00:00
IL,MANTENO POLICE DEPT,1005-00-589-1271,"RIFLE,7.62 MILLIMETER",1,Each,138,D,1,1994-08-09 00:00:00
IL,MANTENO POLICE DEPT,1005-00-589-1271,"RIFLE,7.62 MILLIMETER",1,Each,138,D,1,1994-08-09 00:00:00
IL,MANTENO POLICE DEPT,1005-00-589-1271,"RIFLE,7.62 MILLIMETER",1,Each,138,D,1,1994-08-09 00:00:00
IL,MANTENO POLICE DEPT,1005-00-589-1271,"RIFLE,7.62 MILLIMETER",1,Each,138,D,1,1994-08-09 00:00:00
IL,MANTENO POLICE DEPT,1005-00-073-9421,"RIFLE,5.56 MILLIMETER",1,Each,499,D,1,2007-06-21 00:00:00
IL,MAPLE PARK POLICE DEPT,1005-00-726-5655,"PISTOL,CALIBER .45,AUTOMATIC",1,Each,58.71,D,1,2008-05-29 00:00:00
IL,MAPLE PARK POLICE DEPT,1005-00-726-5655,"PISTOL,CALIBER .45,AUTOMATIC",1,Each,58.71,D,1,2008-05-29 00:00:00
IL,MAPLE PARK POLICE DEPT,1005-00-073-9421,"RIFLE,5.56 MILLIMETER",1,Each,499,D,1,2008-05-29 00:00:00
IL,MAPLE PARK POLICE DEPT,1005-00-589-1271,"RIFLE,7.62 MILLIMETER",1,Each,138,D,1,2008-05-29 00:00:00
IL,MAPLE PARK POLICE DEPT,1005-00-726-5655,"PISTOL,CALIBER .45,AUTOMATIC",1,Each,58.71,D,1,2008-05-29 00:00:00
IL,MAPLE PARK POLICE DEPT,1005-00-726-5655,"PISTOL,CALIBER .45,AUTOMATIC",1,Each,58.71,D,1,2008-05-29 00:00:00
IL,MAPLE PARK POLICE DEPT,1005-00-726-5655,"PISTOL,CALIBER .45,AUTOMATIC",1,Each,58.71,D,1,2008-05-29 00:00:00
IL,MARENGO POLICE DEPT,1005-00-726-5655,"PISTOL,CALIBER .45,AUTOMATIC",1,Each,58.71,D,1,2008-10-01 00:00:00
IL,MARENGO POLICE DEPT,1005-01-128-9936,"RIFLE,5.56 MILLIMETER",1,Each,749,D,1,2014-10-20 00:00:00
IL,MARENGO POLICE DEPT,1005-00-726-5655,"PISTOL,CALIBER .45,AUTOMATIC",1,Each,58.71,D,1,2008-10-01 00:00:00
IL,MARENGO POLICE DEPT,1005-00-726-5655,"PISTOL,CALIBER .45,AUTOMATIC",1,Each,58.71,D,1,2008-10-01 00:00:00
IL,MARENGO POLICE DEPT,1005-00-726-5655,"PISTOL,CALIBER .45,AUTOMATIC",1,Each,58.71,D,1,2008-10-01 00:00:00
IL,MARENGO POLICE DEPT,1005-00-589-1271,"RIFLE,7.62 MILLIMETER",1,Each,138,D,1,2001-01-22 00:00:00
IL,MARENGO POLICE DEPT,1005-00-589-1271,"RIFLE,7.62 MILLIMETER",1,Each,138,D,1,2001-01-23 00:00:00
IL,MARENGO POLICE DEPT,1005-00-589-1271,"RIFLE,7.62 MILLIMETER",1,Each,138,D,1,2001-01-22 00:00:00
IL,MARENGO POLICE DEPT,1005-00-589-1271,"RIFLE,7.62 MILLIMETER",1,Each,138,D,1,2001-01-23 00:00:00
IL,MARENGO POLICE DEPT,1005-01-128-9936,"RIFLE,5.56 MILLIMETER",1,Each,749,D,1,2014-10-20 00:00:00
IL,MARENGO POLICE DEPT,1005-01-128-9936,"RIFLE,5.56 MILLIMETER",1,Each,749,D,1,2014-10-20 00:00:00
IL,MARENGO POLICE DEPT,1005-01-128-9936,"RIFLE,5.56 MILLIMETER",1,Each,749,D,1,2014-10-20 00:00:00
IL,MARENGO POLICE DEPT,1005-00-726-5655,"PISTOL,CALIBER .45,AUTOMATIC",1,Each,58.71,D,1,2008-10-01 00:00:00
IL,MARENGO POLICE DEPT,1005-00-589-1271,"RIFLE,7.62 MILLIMETER",1,Each,138,D,1,2001-01-22 00:00:00
IL,MARENGO POLICE DEPT,1240-01-411-1265,"SIGHT,REFLEX",1,Each,315,D,1,2016-09-13 00:00:00
IL,MARENGO POLICE DEPT,1240-01-411-1265,"SIGHT,REFLEX",1,Each,315,D,1,2016-09-13 00:00:00
IL,MARENGO POLICE DEPT,1240-01-411-1265,"SIGHT,REFLEX",1,Each,315,D,1,2016-09-13 00:00:00
IL,MARENGO POLICE DEPT,1005-01-128-9936,"RIFLE,5.56 MILLIMETER",1,Each,749,D,1,2014-10-20 00:00:00
IL,MARENGO POLICE DEPT,1005-00-726-5655,"PISTOL,CALIBER .45,AUTOMATIC",1,Each,58.71,D,1,2008-10-01 00:00:00
IL,MARINE POLICE DEPT,1005-00-856-6885,"RIFLE,5.56 MILLIMETER",1,Each,120,D,1,2011-10-07 00:00:00
IL,MARINE POLICE DEPT,1005-00-856-6885,"RIFLE,5.56 MILLIMETER",1,Each,120,D,1,2011-10-07 00:00:00
IL,MARINE POLICE DEPT,1005-00-726-5655,"PISTOL,CALIBER .45,AUTOMATIC",1,Each,58.71,D,1,2007-08-07 00:00:00
IL,MARINE POLICE DEPT,2320-01-107-7155,"TRUCK,UTILITY",1,Each,41061,Q,6,2011-05-25 00:00:00
IL,MARINE POLICE DEPT,2320-01-371-9579,"TRUCK,UTILITY",1,Each,63108,C,1,2015-03-18 00:00:00
IL,MARION COUNTY SHERIFF OFFICE,1005-00-856-6885,"RIFLE,5.56 MILLIMETER",1,Each,120,D,1,2012-02-07 00:00:00
IL,MARION COUNTY SHERIFF OFFICE,5855-01-459-4340,NIGHT SIGHT VISION ,10,Each,4410,D,1,2009-10-05 00:00:00
IL,MARION COUNTY SHERIFF OFFICE,1005-00-856-6885,"RIFLE,5.56 MILLIMETER",1,Each,120,D,1,2012-02-07 00:00:00
IL,MARION COUNTY SHERIFF OFFICE,1005-00-856-6885,"RIFLE,5.56 MILLIMETER",1,Each,120,D,1,2012-02-07 00:00:00
IL,MARION COUNTY SHERIFF OFFICE,1005-00-856-6885,"RIFLE,5.56 MILLIMETER",1,Each,120,D,1,2012-02-07 00:00:00
IL,MARION COUNTY SHERIFF OFFICE,1005-00-856-6885,"RIFLE,5.56 MILLIMETER",1,Each,120,D,1,2012-02-07 00:00:00
IL,MARION COUNTY SHERIFF OFFICE,1005-00-856-6885,"RIFLE,5.56 MILLIMETER",1,Each,120,D,1,2012-02-07 00:00:00
IL,MARION COUNTY SHERIFF OFFICE,2320-01-107-7155,"TRUCK,UTILITY",1,Each,41061,Q,6,2012-06-01 00:00:00
IL,MARION COUNTY SHERIFF OFFICE,2320-01-107-7155,"TRUCK,UTILITY",1,Each,41061,Q,6,2012-05-22 00:00:00
IL,MARION COUNTY SHERIFF OFFICE,1005-00-589-1271,"RIFLE,7.62 MILLIMETER",1,Each,138,D,1,1998-09-17 00:00:00
IL,MARION COUNTY SHERIFF OFFICE,2320-01-107-7155,"TRUCK,UTILITY",1,Each,41061,Q,6,2012-05-22 00:00:00
IL,MARION COUNTY SHERIFF OFFICE,2320-01-107-7155,"TRUCK,UTILITY",1,Each,41061,Q,6,2012-05-22 00:00:00
IL,MARION COUNTY SHERIFF OFFICE,1005-00-589-1271,"RIFLE,7.62 MILLIMETER",1,Each,138,D,1,1998-09-17 00:00:00
IL,MARION COUNTY SHERIFF OFFICE,1005-00-856-6885,"RIFLE,5.56 MILLIMETER",1,Each,120,D,1,2012-02-07 00:00:00
IL,MARION COUNTY SHERIFF OFFICE,1005-00-589-1271,"RIFLE,7.62 MILLIMETER",1,Each,138,D,1,1998-09-17 00:00:00
IL,MARION COUNTY SHERIFF OFFICE,1005-00-073-9421,"RIFLE,5.56 MILLIMETER",1,Each,499,D,1,1998-09-17 00:00:00
IL,MARION COUNTY SHERIFF OFFICE,1005-00-073-9421,"RIFLE,5.56 MILLIMETER",1,Each,499,D,1,1998-09-17 00:00:00
IL,MARION COUNTY SHERIFF OFFICE,1005-00-856-6885,"RIFLE,5.56 MILLIMETER",1,Each,120,D,1,2012-02-07 00:00:00
IL,MARION COUNTY SHERIFF OFFICE,1005-00-856-6885,"RIFLE,5.56 MILLIMETER",1,Each,120,D,1,2012-02-07 00:00:00
IL,MARION COUNTY SHERIFF OFFICE,1005-00-073-9421,"RIFLE,5.56 MILLIMETER",1,Each,499,D,1,1996-04-29 00:00:00
IL,MARION COUNTY SHERIFF OFFICE,1005-00-856-6885,"RIFLE,5.56 MILLIMETER",1,Each,120,D,1,2012-02-07 00:00:00
IL,MARION COUNTY SHERIFF OFFICE,1005-00-856-6885,"RIFLE,5.56 MILLIMETER",1,Each,120,D,1,2012-02-07 00:00:00
IL,MARION COUNTY SHERIFF OFFICE,1005-00-856-6885,"RIFLE,5.56 MILLIMETER",1,Each,120,D,1,2012-02-07 00:00:00
IL,MARION COUNTY SHERIFF OFFICE,1005-00-856-6885,"RIFLE,5.56 MILLIMETER",1,Each,120,D,1,2012-02-07 00:00:00
IL,MARION COUNTY SHERIFF OFFICE,1005-00-856-6885,"RIFLE,5.56 MILLIMETER",1,Each,120,D,1,2012-02-07 00:00:00
IL,MARION COUNTY SHERIFF OFFICE,1005-00-856-6885,"RIFLE,5.56 MILLIMETER",1,Each,120,D,1,2012-02-07 00:00:00
IL,MARION POLICE DEPT,5855-01-534-5756,THERMAL IMAGING SYSTEM,1,Each,1070,D,1,2008-09-19 00:00:00
IL,MARION POLICE DEPT,5855-01-386-7136,"IMAGE INTENSIFIER,NIGHT VISION",1,Each,6624.96,C,,2008-10-16 00:00:00
IL,MARION POLICE DEPT,5855-01-333-9606,"LIGHT AIMING KIT,INFRARED",6,Each,545.69,C,1,2009-06-10 00:00:00
IL,MARION POLICE DEPT,5855-01-416-5085,"IMAGE INTENSIFIER,NIGHT VISION",4,Each,6655.86,C,1,2008-08-14 00:00:00
IL,MARION POLICE DEPT,1005-00-073-9421,"RIFLE,5.56 MILLIMETER",1,Each,499,D,1,2002-09-18 00:00:00
IL,MARION POLICE DEPT,1005-00-073-9421,"RIFLE,5.56 MILLIMETER",1,Each,499,D,1,2002-09-18 00:00:00
IL,MARION POLICE DEPT,1005-00-073-9421,"RIFLE,5.56 MILLIMETER",1,Each,499,D,1,2002-09-18 00:00:00
IL,MARION POLICE DEPT,1005-00-073-9421,"RIFLE,5.56 MILLIMETER",1,Each,499,D,1,2002-09-18 00:00:00
IL,MARION POLICE DEPT,5820-01-270-5099,RECEIVER-TRANSMITTER CONTROL GROUP,1,Each,19283.36,C,7,2013-11-14 00:00:00
IL,MARION POLICE DEPT,5820-01-270-5099,RECEIVER-TRANSMITTER CONTROL GROUP,1,Each,19283.36,C,7,2013-11-14 00:00:00
IL,MARION POLICE DEPT,5820-01-270-5099,RECEIVER-TRANSMITTER CONTROL GROUP,5,Each,19283.36,C,7,2013-11-15 00:00:00
IL,MARION POLICE DEPT,5820-01-270-5099,RECEIVER-TRANSMITTER CONTROL GROUP,1,Each,19283.36,C,7,2013-11-14 00:00:00
IL,MAROA POLICE DEPT,1005-00-589-1271,"RIFLE,7.62 MILLIMETER",1,Each,138,D,1,1994-11-29 00:00:00
IL,MAROA POLICE DEPT,1005-00-589-1271,"RIFLE,7.62 MILLIMETER",1,Each,138,D,1,1994-11-29 00:00:00
IL,MARSEILLES POLICE DEPT,1005-00-726-5655,"PISTOL,CALIBER .45,AUTOMATIC",1,Each,58.71,D,1,2012-02-01 00:00:00
IL,MARSEILLES POLICE DEPT,1005-00-726-5655,"PISTOL,CALIBER .45,AUTOMATIC",1,Each,58.71,D,1,2012-02-01 00:00:00
IL,MARSEILLES POLICE DEPT,1005-00-726-5655,"PISTOL,CALIBER .45,AUTOMATIC",1,Each,58.71,D,1,2012-02-01 00:00:00
IL,MARSEILLES POLICE DEPT,1005-00-073-9421,"RIFLE,5.56 MILLIMETER",1,Each,499,D,1,2012-01-31 00:00:00
IL,MARSEILLES POLICE DEPT,1005-00-073-9421,"RIFLE,5.56 MILLIMETER",1,Each,499,D,1,2012-01-31 00:00:00
IL,MARSEILLES POLICE DEPT,1005-00-073-9421,"RIFLE,5.56 MILLIMETER",1,Each,499,D,1,2012-01-31 00:00:00
IL,MARSEILLES POLICE DEPT,1005-00-589-1271,"RIFLE,7.62 MILLIMETER",1,Each,138,D,1,2005-06-06 00:00:00
IL,MARSEILLES POLICE DEPT,1240-01-411-1265,"SIGHT,REFLEX",5,Each,315,D,1,2011-12-01 00:00:00
IL,MARSEILLES POLICE DEPT,1240-01-411-1265,"SIGHT,REFLEX",2,Each,315,D,1,2011-11-28 00:00:00
IL,MARSEILLES POLICE DEPT,1005-00-726-5655,"PISTOL,CALIBER .45,AUTOMATIC",1,Each,58.71,D,1,2012-02-01 00:00:00
IL,MARSEILLES POLICE DEPT,1005-00-726-5655,"PISTOL,CALIBER .45,AUTOMATIC",1,Each,58.71,D,1,2012-02-01 00:00:00
IL,MARSEILLES POLICE DEPT,1005-00-726-5655,"PISTOL,CALIBER .45,AUTOMATIC",1,Each,58.71,D,1,2012-02-01 00:00:00
IL,MARSEILLES POLICE DEPT,1240-01-590-9768,"SIGHT,REFLEX",3,Each,400,D,1,2011-11-10 00:00:00
IL,MARSEILLES POLICE DEPT,1240-01-361-1318,BINOCULAR,5,Each,328,F,1,2011-11-08 00:00:00
IL,MARSEILLES POLICE DEPT,2320-01-128-9551,"TRUCK,UTILITY",1,Each,50458,C,1,2013-06-06 00:00:00
IL,MARSEILLES POLICE DEPT,1005-00-726-5655,"PISTOL,CALIBER .45,AUTOMATIC",1,Each,58.71,D,1,2012-02-01 00:00:00
IL,MARSEILLES POLICE DEPT,1005-00-073-9421,"RIFLE,5.56 MILLIMETER",1,Each,499,D,1,2012-01-31 00:00:00
IL,MARSEILLES POLICE DEPT,1005-00-073-9421,"RIFLE,5.56 MILLIMETER",1,Each,499,D,1,2012-01-31 00:00:00
IL,MARSEILLES POLICE DEPT,1005-00-726-5655,"PISTOL,CALIBER .45,AUTOMATIC",1,Each,58.71,D,1,2012-02-01 00:00:00
IL,MARSEILLES POLICE DEPT,1005-00-073-9421,"RIFLE,5.56 MILLIMETER",1,Each,499,D,1,2012-01-31 00:00:00
IL,MARSEILLES POLICE DEPT,1005-00-073-9421,"RIFLE,5.56 MILLIMETER",1,Each,499,D,1,2012-01-31 00:00:00
IL,MARSEILLES POLICE DEPT,1005-00-589-1271,"RIFLE,7.62 MILLIMETER",1,Each,138,D,1,2005-06-06 00:00:00
IL,MARSEILLES POLICE DEPT,1005-00-073-9421,"RIFLE,5.56 MILLIMETER",1,Each,499,D,1,2012-01-31 00:00:00
IL,MARSEILLES POLICE DEPT,1005-00-073-9421,"RIFLE,5.56 MILLIMETER",1,Each,499,D,1,2012-01-31 00:00:00
IL,MARSEILLES POLICE DEPT,2320-01-107-7155,"TRUCK,UTILITY",1,Each,41061,Q,6,2011-11-10 00:00:00
IL,MARSEILLES POLICE DEPT,1005-00-726-5655,"PISTOL,CALIBER .45,AUTOMATIC",1,Each,58.71,D,1,2012-02-01 00:00:00
IL,MARSHALL COUNTY SHERIFFS DEPT,1005-00-073-9421,"RIFLE,5.56 MILLIMETER",1,Each,499,D,1,2006-04-28 00:00:00
IL,MARSHALL COUNTY SHERIFFS DEPT,1005-00-073-9421,"RIFLE,5.56 MILLIMETER",1,Each,499,D,1,2012-02-07 00:00:00
IL,MARSHALL COUNTY SHERIFFS DEPT,1005-00-073-9421,"RIFLE,5.56 MILLIMETER",1,Each,499,D,1,2012-02-07 00:00:00
IL,MARSHALL COUNTY SHERIFFS DEPT,1005-00-073-9421,"RIFLE,5.56 MILLIMETER",1,Each,499,D,1,2012-04-16 00:00:00
IL,MARSHALL COUNTY SHERIFFS DEPT,1005-00-589-1271,"RIFLE,7.62 MILLIMETER",1,Each,138,D,1,2005-06-06 00:00:00
IL,MARSHALL COUNTY SHERIFFS DEPT,1005-00-073-9421,"RIFLE,5.56 MILLIMETER",1,Each,499,D,1,2012-04-16 00:00:00
IL,MARSHALL COUNTY SHERIFFS DEPT,1005-00-589-1271,"RIFLE,7.62 MILLIMETER",1,Each,138,D,1,2005-06-06 00:00:00
IL,MASCOUTAH POLICE DEPT,1005-00-073-9421,"RIFLE,5.56 MILLIMETER",1,Each,499,D,1,2002-07-24 00:00:00
IL,MASCOUTAH POLICE DEPT,1005-00-073-9421,"RIFLE,5.56 MILLIMETER",1,Each,499,D,1,2007-06-21 00:00:00
IL,MASCOUTAH POLICE DEPT,1005-00-073-9421,"RIFLE,5.56 MILLIMETER",1,Each,499,D,1,2007-06-21 00:00:00
IL,MASCOUTAH POLICE DEPT,1005-00-073-9421,"RIFLE,5.56 MILLIMETER",1,Each,499,D,1,2007-06-21 00:00:00
IL,MASCOUTAH POLICE DEPT,1005-00-073-9421,"RIFLE,5.56 MILLIMETER",1,Each,499,D,1,2007-06-21 00:00:00
IL,MASCOUTAH POLICE DEPT,1005-00-073-9421,"RIFLE,5.56 MILLIMETER",1,Each,499,D,1,2007-06-21 00:00:00
IL,MASCOUTAH POLICE DEPT,1005-00-073-9421,"RIFLE,5.56 MILLIMETER",1,Each,499,D,1,2007-06-21 00:00:00
IL,MASCOUTAH POLICE DEPT,1005-00-073-9421,"RIFLE,5.56 MILLIMETER",1,Each,499,D,1,2002-07-24 00:00:00
IL,MASCOUTAH POLICE DEPT,1005-00-073-9421,"RIFLE,5.56 MILLIMETER",1,Each,499,D,1,2007-06-21 00:00:00
IL,MASCOUTAH POLICE DEPT,1005-00-073-9421,"RIFLE,5.56 MILLIMETER",1,Each,499,D,1,2007-06-21 00:00:00
IL,MASCOUTAH POLICE DEPT,1005-00-073-9421,"RIFLE,5.56 MILLIMETER",1,Each,499,D,1,2007-06-21 00:00:00
IL,MASCOUTAH POLICE DEPT,1005-00-073-9421,"RIFLE,5.56 MILLIMETER",1,Each,499,D,1,2007-06-21 00:00:00
IL,MASON COUNTY SHERIFF DEPT,5855-01-525-3638,"VIEWER,NIGHT VISION",1,Each,1736.49,C,1,2016-08-23 00:00:00
IL,MASON COUNTY SHERIFF DEPT,5820-01-069-2638,"RECEIVER-TRANSMITTER,RADIO",1,Each,11576.33,C,1,2013-05-13 00:00:00
IL,MASON COUNTY SHERIFF DEPT,5855-01-525-3638,"VIEWER,NIGHT VISION",1,Each,1736.49,C,1,2016-08-23 00:00:00
IL,MASON COUNTY SHERIFF DEPT,5855-00-150-1820,"VIEWER,NIGHT VISION",1,Each,4105,F,1,2016-03-04 00:00:00
IL,MASON COUNTY SHERIFF DEPT,5855-00-150-1820,"VIEWER,NIGHT VISION",1,Each,4105,F,1,2016-03-04 00:00:00
IL,MASON COUNTY SHERIFF DEPT,1005-00-589-1271,"RIFLE,7.62 MILLIMETER",1,Each,138,D,1,2000-07-24 00:00:00
IL,MASON COUNTY SHERIFF DEPT,1005-00-589-1271,"RIFLE,7.62 MILLIMETER",1,Each,138,D,1,2000-07-24 00:00:00
IL,MASON COUNTY SHERIFF DEPT,1005-00-921-5483,"SHOTGUN,12 GAGE,RIOT TYPE",1,Each,108,D,1,2006-11-13 00:00:00
IL,MASON COUNTY SHERIFF DEPT,2320-01-107-7155,"TRUCK,UTILITY",1,Each,41061,Q,6,2012-07-18 00:00:00
IL,MASON COUNTY SHERIFF DEPT,2320-01-107-7153,"TRUCK,UTILITY",1,Each,63894,C,1,2013-01-22 00:00:00
IL,MASON COUNTY SHERIFF DEPT,5855-01-525-3638,"VIEWER,NIGHT VISION",1,Each,1736.49,C,1,2016-08-23 00:00:00
IL,MASON COUNTY SHERIFF DEPT,2320-01-371-9577,"TRUCK,UTILITY",1,Each,47023,Q,6,2012-07-18 00:00:00
IL,MASON COUNTY SHERIFF DEPT,2320-01-107-7153,"TRUCK,UTILITY",1,Each,63894,C,1,2013-01-22 00:00:00
IL,MASSAC COUNTY  SHERIFF OFFICE,2320-01-107-7153,"TRUCK,UTILITY",1,Each,63894,C,1,2013-08-01 00:00:00
IL,MASSAC COUNTY  SHERIFF OFFICE,2320-01-107-7155,"TRUCK,UTILITY",1,Each,41061,Q,6,2012-09-25 00:00:00
IL,MASSAC COUNTY  SHERIFF OFFICE,2320-01-107-7155,"TRUCK,UTILITY",1,Each,41061,Q,6,2012-09-25 00:00:00
IL,MASSAC COUNTY  SHERIFF OFFICE,5985-00-507-6261,MAST,3,Each,385.83,B,3,2013-12-03 00:00:00
IL,MASSAC COUNTY  SHERIFF OFFICE,5985-01-542-4329,ANTENNA,1,Each,859.58,D,1,2013-12-19 00:00:00
IL,MASSAC COUNTY  SHERIFF OFFICE,6230-01-273-2567,FLOODLIGHT ASSEMBLY,1,Each,7650,B,3,2013-12-19 00:00:00
IL,MASSAC COUNTY  SHERIFF OFFICE,8140-01-435-2765,"SHIPPING AND STORAGE CONTAINER,GUIDED MISSILE COMPONENTS",1,Each,8000,D,1,2013-12-20 00:00:00
IL,MASSAC COUNTY  SHERIFF OFFICE,6230-01-273-2567,FLOODLIGHT ASSEMBLY,1,Each,7650,B,3,2013-12-11 00:00:00
IL,MASSAC COUNTY  SHERIFF OFFICE,1005-01-523-5978,"RACK,TALL          ",4,Each,1281.99,B,3,2014-03-07 00:00:00
IL,MASSAC COUNTY  SHERIFF OFFICE,1005-01-523-5978,"RACK,TALL          ",2,Each,1281.99,B,3,2014-03-07 00:00:00
IL,MATTOON POLICE DEPT,1005-00-073-9421,"RIFLE,5.56 MILLIMETER",1,Each,499,D,1,2007-06-20 00:00:00
IL,MATTOON POLICE DEPT,1005-00-073-9421,"RIFLE,5.56 MILLIMETER",1,Each,499,D,1,2007-06-20 00:00:00
IL,MATTOON POLICE DEPT,1005-00-073-9421,"RIFLE,5.56 MILLIMETER",1,Each,499,D,1,2007-06-20 00:00:00
IL,MATTOON POLICE DEPT,1005-00-073-9421,"RIFLE,5.56 MILLIMETER",1,Each,499,D,1,2007-06-20 00:00:00
IL,MATTOON POLICE DEPT,1005-00-073-9421,"RIFLE,5.56 MILLIMETER",1,Each,499,D,1,2007-06-20 00:00:00
IL,MATTOON POLICE DEPT,1005-00-073-9421,"RIFLE,5.56 MILLIMETER",1,Each,499,D,1,2007-06-20 00:00:00
IL,MATTOON POLICE DEPT,1005-00-073-9421,"RIFLE,5.56 MILLIMETER",1,Each,499,D,1,2007-06-20 00:00:00
IL,MATTOON POLICE DEPT,1005-00-073-9421,"RIFLE,5.56 MILLIMETER",1,Each,499,D,1,2007-06-20 00:00:00
IL,MAYWOOD POLICE DEPT,1005-00-589-1271,"RIFLE,7.62 MILLIMETER",1,Each,138,D,1,1999-04-26 00:00:00
IL,MAYWOOD POLICE DEPT,1005-00-589-1271,"RIFLE,7.62 MILLIMETER",1,Each,138,D,1,1999-04-26 00:00:00
IL,MAYWOOD POLICE DEPT,1005-00-589-1271,"RIFLE,7.62 MILLIMETER",1,Each,138,D,1,1999-04-26 00:00:00
IL,MAYWOOD POLICE DEPT,1005-00-073-9421,"RIFLE,5.56 MILLIMETER",1,Each,499,D,1,2002-11-13 00:00:00
IL,MAYWOOD POLICE DEPT,1005-00-589-1271,"RIFLE,7.62 MILLIMETER",1,Each,138,D,1,1999-04-26 00:00:00
IL,MAYWOOD POLICE DEPT,1005-00-073-9421,"RIFLE,5.56 MILLIMETER",1,Each,499,D,1,2002-11-13 00:00:00
IL,MAYWOOD POLICE DEPT,1005-00-073-9421,"RIFLE,5.56 MILLIMETER",1,Each,499,D,1,2002-11-13 00:00:00
IL,MAYWOOD POLICE DEPT,1005-00-073-9421,"RIFLE,5.56 MILLIMETER",1,Each,499,D,1,2002-11-13 00:00:00
IL,MAYWOOD POLICE DEPT,1005-00-073-9421,"RIFLE,5.56 MILLIMETER",1,Each,499,D,1,2002-11-13 00:00:00
IL,MAYWOOD POLICE DEPT,1005-00-589-1271,"RIFLE,7.62 MILLIMETER",1,Each,138,D,1,1999-04-26 00:00:00
IL,MCCULLOM LAKE POLICE DEPT,1095-01-526-7860,"FIRING DEVICE,NON-LETHAL",2,Each,1093,D,1,2015-04-07 00:00:00
IL,MCCULLOM LAKE POLICE DEPT,1095-01-528-1930,"FIRING DEVICE,NON-LETHAL",2,Each,962,D,1,2015-04-16 00:00:00
IL,MCCULLOM LAKE POLICE DEPT,2320-01-346-9317,"TRUCK,UTILITY",1,Each,58939,C,1,2014-09-02 00:00:00
IL,MCCULLOM LAKE POLICE DEPT,2320-01-371-9583,"TRUCK,UTILITY",1,Each,63682,C,1,2014-04-29 00:00:00
IL,MCCULLOM LAKE POLICE DEPT,1005-01-128-9936,"RIFLE,5.56 MILLIMETER",1,Each,749,D,1,2014-09-30 00:00:00
IL,MCHENRY COUNTY SHERIFF DEPT,2320-01-107-7156,"TRUCK,UTILITY",1,Each,43376,Q,6,2013-12-12 00:00:00
IL,MCHENRY COUNTY SHERIFF DEPT,1240-01-540-3690,"SIGHT,REFLEX",13,Each,365,D,1,2014-01-16 00:00:00
IL,MCHENRY COUNTY SHERIFF DEPT,1240-01-540-3690,"SIGHT,REFLEX",30,Each,365,D,1,2014-01-16 00:00:00
IL,MCHENRY COUNTY SHERIFF DEPT,1240-01-540-3690,"SIGHT,REFLEX",40,Each,365,D,1,2014-01-16 00:00:00
IL,MCHENRY COUNTY SHERIFF DEPT,6650-00-530-0960,"TELESCOPE,STRAIGHT",5,Each,442,D,1,2014-01-07 00:00:00
IL,MCHENRY COUNTY SHERIFF DEPT,5895-01-476-6117,"COMM,SET,WO,RADIO,C",20,Set,709,D,7,2014-01-08 00:00:00
IL,MCHENRY COUNTY SHERIFF DEPT,8465-01-574-0453,"BELT,INDIVIDUAL EQUIPMENT",20,Each,37.66,B,3,2014-01-15 00:00:00
IL,MCHENRY COUNTY SHERIFF DEPT,1005-00-073-9421,"RIFLE,5.56 MILLIMETER",1,Each,499,D,1,2005-08-03 00:00:00
IL,MCHENRY COUNTY SHERIFF DEPT,1005-00-073-9421,"RIFLE,5.56 MILLIMETER",1,Each,499,D,1,2005-08-03 00:00:00
IL,MCHENRY COUNTY SHERIFF DEPT,1005-00-073-9421,"RIFLE,5.56 MILLIMETER",1,Each,499,D,1,2005-08-03 00:00:00
IL,MCHENRY COUNTY SHERIFF DEPT,1005-00-589-1271,"RIFLE,7.62 MILLIMETER",1,Each,138,D,1,2005-08-01 00:00:00
IL,MCHENRY COUNTY SHERIFF DEPT,1005-00-073-9421,"RIFLE,5.56 MILLIMETER",1,Each,499,D,1,2005-08-03 00:00:00
IL,MCHENRY COUNTY SHERIFF DEPT,1005-00-073-9421,"RIFLE,5.56 MILLIMETER",1,Each,499,D,1,2005-08-03 00:00:00
IL,MCHENRY COUNTY SHERIFF DEPT,1005-00-073-9421,"RIFLE,5.56 MILLIMETER",1,Each,499,D,1,2005-08-03 00:00:00
IL,MCHENRY COUNTY SHERIFF DEPT,1005-00-589-1271,"RIFLE,7.62 MILLIMETER",1,Each,138,D,1,2005-08-01 00:00:00
IL,MCHENRY COUNTY SHERIFF DEPT,1005-00-589-1271,"RIFLE,7.62 MILLIMETER",1,Each,138,D,1,2005-08-01 00:00:00
IL,MCHENRY COUNTY SHERIFF DEPT,1005-00-073-9421,"RIFLE,5.56 MILLIMETER",1,Each,499,D,1,2005-08-03 00:00:00
IL,MCHENRY COUNTY SHERIFF DEPT,1005-00-073-9421,"RIFLE,5.56 MILLIMETER",1,Each,499,D,1,2005-08-03 00:00:00
IL,MCHENRY COUNTY SHERIFF DEPT,1005-00-073-9421,"RIFLE,5.56 MILLIMETER",1,Each,499,D,1,2005-08-03 00:00:00
IL,MCHENRY COUNTY SHERIFF DEPT,1005-00-073-9421,"RIFLE,5.56 MILLIMETER",1,Each,499,D,1,2005-08-03 00:00:00
IL,MCHENRY COUNTY SHERIFF DEPT,1005-00-073-9421,"RIFLE,5.56 MILLIMETER",1,Each,499,D,1,2005-08-03 00:00:00
IL,MCHENRY COUNTY SHERIFF DEPT,1005-00-073-9421,"RIFLE,5.56 MILLIMETER",1,Each,499,D,1,2005-08-03 00:00:00
IL,MCHENRY COUNTY SHERIFF DEPT,1005-00-921-5483,"SHOTGUN,12 GAGE,RIOT TYPE",1,Each,108,D,1,2005-07-29 00:00:00
IL,MCHENRY COUNTY SHERIFF DEPT,1005-00-921-5483,"SHOTGUN,12 GAGE,RIOT TYPE",1,Each,108,D,1,2005-08-02 00:00:00
IL,MCHENRY COUNTY SHERIFF DEPT,1005-00-921-5483,"SHOTGUN,12 GAGE,RIOT TYPE",1,Each,108,D,1,2005-07-29 00:00:00
IL,MCHENRY COUNTY SHERIFF DEPT,1005-00-921-5483,"SHOTGUN,12 GAGE,RIOT TYPE",1,Each,108,D,1,2005-07-29 00:00:00
IL,MCHENRY COUNTY SHERIFF DEPT,1005-00-921-5483,"SHOTGUN,12 GAGE,RIOT TYPE",1,Each,108,D,1,2005-07-29 00:00:00
IL,MCHENRY COUNTY SHERIFF DEPT,1005-00-921-5483,"SHOTGUN,12 GAGE,RIOT TYPE",1,Each,108,D,1,2005-07-29 00:00:00
IL,MCHENRY COUNTY SHERIFF DEPT,1005-00-921-5483,"SHOTGUN,12 GAGE,RIOT TYPE",1,Each,108,D,1,2005-07-29 00:00:00
IL,MCHENRY COUNTY SHERIFF DEPT,1005-00-921-5483,"SHOTGUN,12 GAGE,RIOT TYPE",1,Each,108,D,1,2005-07-29 00:00:00
IL,MCHENRY COUNTY SHERIFF DEPT,1005-00-921-5483,"SHOTGUN,12 GAGE,RIOT TYPE",1,Each,108,D,1,2005-07-29 00:00:00
IL,MCHENRY COUNTY SHERIFF DEPT,1005-00-921-5483,"SHOTGUN,12 GAGE,RIOT TYPE",1,Each,108,D,1,2005-08-02 00:00:00
IL,MCHENRY COUNTY SHERIFF DEPT,1005-00-921-5483,"SHOTGUN,12 GAGE,RIOT TYPE",1,Each,108,D,1,2005-07-29 00:00:00
IL,MCHENRY COUNTY SHERIFF DEPT,1005-00-921-5483,"SHOTGUN,12 GAGE,RIOT TYPE",1,Each,108,D,1,2005-08-02 00:00:00
IL,MCHENRY COUNTY SHERIFF DEPT,1005-00-921-5483,"SHOTGUN,12 GAGE,RIOT TYPE",1,Each,108,D,1,2005-08-02 00:00:00
IL,MCHENRY COUNTY SHERIFF DEPT,1005-00-921-5483,"SHOTGUN,12 GAGE,RIOT TYPE",1,Each,108,D,1,2005-07-29 00:00:00
IL,MCHENRY COUNTY SHERIFF DEPT,1005-00-921-5483,"SHOTGUN,12 GAGE,RIOT TYPE",1,Each,108,D,1,2005-07-29 00:00:00
IL,MCHENRY COUNTY SHERIFF DEPT,1005-00-921-5483,"SHOTGUN,12 GAGE,RIOT TYPE",1,Each,108,D,1,2005-08-02 00:00:00
IL,MCHENRY COUNTY SHERIFF DEPT,1005-00-726-5655,"PISTOL,CALIBER .45,AUTOMATIC",1,Each,58.71,D,1,2005-12-05 00:00:00
IL,MCHENRY COUNTY SHERIFF DEPT,1005-00-921-5483,"SHOTGUN,12 GAGE,RIOT TYPE",1,Each,108,D,1,2005-07-29 00:00:00
IL,MCHENRY COUNTY SHERIFF DEPT,2320-01-455-9593,"TRUCK,UTILITY",1,Each,60409,C,1,2013-10-30 00:00:00
IL,MCHENRY COUNTY SHERIFF DEPT,6650-01-392-2204,"TELESCOPE,STRAIGHT",3,Each,1406,B,3,2014-03-13 00:00:00
IL,MCHENRY COUNTY SHERIFF DEPT,4220-01-517-6883,"LIFE PRESERVER,YOKE",12,Each,948.85,B,3,2014-04-02 00:00:00
IL,MCHENRY COUNTY SHERIFF DEPT,1240-01-411-6350,"TELESCOPE,STRAIGHT",8,Each,794,F,7,2014-02-06 00:00:00
IL,MCHENRY COUNTY SHERIFF DEPT,1240-01-517-1751,"SIGHT,HOLOGRAPHIC  ",16,Each,260,D,1,2014-01-30 00:00:00
IL,MCHENRY COUNTY SHERIFF DEPT,1005-00-921-5004,"MAGAZINE,CARTRIDGE",60,Each,12.3,D,1,2014-01-06 00:00:00
IL,MCHENRY COUNTY SHERIFF DEPT,1240-01-411-1265,"SIGHT,REFLEX",31,Each,315,D,1,2014-02-05 00:00:00
IL,MCHENRY COUNTY SHERIFF DEPT,1240-01-411-1265,"SIGHT,REFLEX",50,Each,315,D,1,2014-02-05 00:00:00
IL,MCHENRY COUNTY SHERIFF DEPT,6625-01-493-8968,"TEST SET,ELECTRONIC SYSTEMS",1,Each,12990,C,1,2014-02-05 00:00:00
IL,MCHENRY COUNTY SHERIFF DEPT,1005-00-073-9421,"RIFLE,5.56 MILLIMETER",1,Each,499,D,1,2005-08-03 00:00:00
IL,MCHENRY COUNTY SHERIFF DEPT,1005-00-073-9421,"RIFLE,5.56 MILLIMETER",1,Each,499,D,1,2005-12-02 00:00:00
IL,MCHENRY COUNTY SHERIFF DEPT,1005-00-589-1271,"RIFLE,7.62 MILLIMETER",1,Each,138,D,1,2005-12-01 00:00:00
IL,MCHENRY COUNTY SHERIFF DEPT,1005-00-073-9421,"RIFLE,5.56 MILLIMETER",1,Each,499,D,1,2005-08-03 00:00:00
IL,MCHENRY COUNTY SHERIFF DEPT,1005-00-073-9421,"RIFLE,5.56 MILLIMETER",1,Each,499,D,1,2005-08-03 00:00:00
IL,MCHENRY COUNTY SHERIFF DEPT,1005-00-073-9421,"RIFLE,5.56 MILLIMETER",1,Each,499,D,1,2005-08-03 00:00:00
IL,MCHENRY COUNTY SHERIFF DEPT,1005-00-073-9421,"RIFLE,5.56 MILLIMETER",1,Each,499,D,1,2005-08-03 00:00:00
IL,MCHENRY COUNTY SHERIFF DEPT,1005-00-589-1271,"RIFLE,7.62 MILLIMETER",1,Each,138,D,1,2005-08-01 00:00:00
IL,MCHENRY COUNTY SHERIFF DEPT,1005-00-073-9421,"RIFLE,5.56 MILLIMETER",1,Each,499,D,1,2005-08-03 00:00:00
IL,MCHENRY COUNTY SHERIFF DEPT,1005-00-073-9421,"RIFLE,5.56 MILLIMETER",1,Each,499,D,1,2005-08-03 00:00:00
IL,MCHENRY COUNTY SHERIFF DEPT,1005-00-073-9421,"RIFLE,5.56 MILLIMETER",1,Each,499,D,1,2005-08-03 00:00:00
IL,MCHENRY COUNTY SHERIFF DEPT,1005-00-073-9421,"RIFLE,5.56 MILLIMETER",1,Each,499,D,1,2005-08-03 00:00:00
IL,MCHENRY COUNTY SHERIFF DEPT,1005-00-073-9421,"RIFLE,5.56 MILLIMETER",1,Each,499,D,1,2005-08-03 00:00:00
IL,MCHENRY COUNTY SHERIFF DEPT,1005-00-073-9421,"RIFLE,5.56 MILLIMETER",1,Each,499,D,1,2005-08-03 00:00:00
IL,MCHENRY COUNTY SHERIFF DEPT,1005-00-073-9421,"RIFLE,5.56 MILLIMETER",1,Each,499,D,1,2005-08-03 00:00:00
IL,MCHENRY COUNTY SHERIFF DEPT,1005-00-726-5655,"PISTOL,CALIBER .45,AUTOMATIC",1,Each,58.71,D,1,2005-12-05 00:00:00
IL,MCHENRY COUNTY SHERIFF DEPT,1005-00-921-5483,"SHOTGUN,12 GAGE,RIOT TYPE",1,Each,108,D,1,2005-07-29 00:00:00
IL,MCHENRY COUNTY SHERIFF DEPT,1005-00-073-9421,"RIFLE,5.56 MILLIMETER",1,Each,499,D,1,2005-08-03 00:00:00
IL,MCHENRY COUNTY SHERIFF DEPT,1005-00-921-5483,"SHOTGUN,12 GAGE,RIOT TYPE",1,Each,108,D,1,2005-07-29 00:00:00
IL,MCHENRY COUNTY SHERIFF DEPT,6230-01-588-8427,"LIGHT KIT,WEAPONS  ",19,Each,451.26,B,3,2014-10-07 00:00:00
IL,MCHENRY COUNTY SHERIFF DEPT,2320-01-380-8213,"TRUCK,UTILITY",1,Each,77522,C,1,2014-09-02 00:00:00
IL,MCHENRY COUNTY SHERIFF DEPT,6660-01-475-0693,"METEOROLOGICAL STATION,AUTOMATIC",1,Each,975000,C,7,2014-05-16 00:00:00
IL,MCHENRY COUNTY SHERIFF DEPT,2355-01-590-1660,MINE RESISTANT VEHICLE,1,Each,733000,C,1,2014-05-06 00:00:00
IL,MCHENRY COUNTY SHERIFF DEPT,1005-01-478-0848,"KIT,CLOSE QUARTERS ",30,Kit,29.72,B,3,2014-04-23 00:00:00
IL,MCHENRY COUNTY SHERIFF DEPT,1005-01-459-0734,"BUTTSTOCK,SUBASSEMBLY",30,Each,4.69,B,3,2014-03-05 00:00:00
IL,MCHENRY COUNTY SHERIFF DEPT,6650-01-392-2204,"TELESCOPE,STRAIGHT",5,Each,1406,B,3,2014-03-13 00:00:00
IL,MCHENRY COUNTY SHERIFF DEPT,6720-01-568-1287,"CAMERA SYSTEM,RECONNAISSANCE",1,Kit,5147.45,C,1,2014-05-15 00:00:00
IL,MCHENRY COUNTY SHERIFF DEPT,1240-DS-OPT-SIGH,OPTICAL SIGHTING AND RANGING EQUIPMENT,100,Each,29.7,C,,2014-04-28 00:00:00
IL,MCHENRY COUNTY SHERIFF DEPT,1005-DS-SWE-PART,WEAPON PARTS,40,Each,4.53,D,,2014-04-29 00:00:00
IL,MCHENRY COUNTY SHERIFF DEPT,1005-01-478-0848,"KIT,CLOSE QUARTERS ",30,Kit,29.72,B,3,2014-04-29 00:00:00
IL,MCHENRY POLICE DEPT,1005-00-073-9421,"RIFLE,5.56 MILLIMETER",1,Each,499,D,1,2012-01-27 00:00:00
IL,MCHENRY POLICE DEPT,1005-00-073-9421,"RIFLE,5.56 MILLIMETER",1,Each,499,D,1,2012-01-27 00:00:00
IL,MCHENRY POLICE DEPT,1005-00-073-9421,"RIFLE,5.56 MILLIMETER",1,Each,499,D,1,2012-01-27 00:00:00
IL,MCHENRY POLICE DEPT,1005-00-073-9421,"RIFLE,5.56 MILLIMETER",1,Each,499,D,1,2012-01-27 00:00:00
IL,MCHENRY POLICE DEPT,1005-00-073-9421,"RIFLE,5.56 MILLIMETER",1,Each,499,D,1,2012-01-27 00:00:00
IL,MCHENRY POLICE DEPT,1005-00-073-9421,"RIFLE,5.56 MILLIMETER",1,Each,499,D,1,2012-01-27 00:00:00
IL,MCHENRY POLICE DEPT,1005-00-073-9421,"RIFLE,5.56 MILLIMETER",1,Each,499,D,1,2012-01-27 00:00:00
IL,MCHENRY POLICE DEPT,1005-00-073-9421,"RIFLE,5.56 MILLIMETER",1,Each,499,D,1,2012-01-27 00:00:00
IL,MCHENRY POLICE DEPT,1005-00-073-9421,"RIFLE,5.56 MILLIMETER",1,Each,499,D,1,2012-01-27 00:00:00
IL,MCHENRY POLICE DEPT,1005-00-073-9421,"RIFLE,5.56 MILLIMETER",1,Each,499,D,1,2012-01-27 00:00:00
IL,MCHENRY POLICE DEPT,1005-00-073-9421,"RIFLE,5.56 MILLIMETER",1,Each,499,D,1,2012-01-27 00:00:00
IL,MCHENRY POLICE DEPT,1005-00-073-9421,"RIFLE,5.56 MILLIMETER",1,Each,499,D,1,2012-01-27 00:00:00
IL,MCHENRY POLICE DEPT,1005-00-073-9421,"RIFLE,5.56 MILLIMETER",1,Each,499,D,1,2012-01-27 00:00:00
IL,MCHENRY POLICE DEPT,2330-DS-TRA-ILE1,TRAILER,1,Each,8000,A,,2016-10-05 00:00:00
IL,MCHENRY POLICE DEPT,1005-00-073-9421,"RIFLE,5.56 MILLIMETER",1,Each,499,D,1,2012-01-27 00:00:00
IL,MCHENRY POLICE DEPT,1005-00-073-9421,"RIFLE,5.56 MILLIMETER",1,Each,499,D,1,2012-01-27 00:00:00
IL,MCHENRY POLICE DEPT,1005-00-073-9421,"RIFLE,5.56 MILLIMETER",1,Each,499,D,1,2012-01-27 00:00:00
IL,MCHENRY POLICE DEPT,1005-00-073-9421,"RIFLE,5.56 MILLIMETER",1,Each,499,D,1,2012-01-27 00:00:00
IL,MCHENRY POLICE DEPT,1005-00-073-9421,"RIFLE,5.56 MILLIMETER",1,Each,499,D,1,2012-01-27 00:00:00
IL,MCHENRY POLICE DEPT,1005-00-073-9421,"RIFLE,5.56 MILLIMETER",1,Each,499,D,1,2012-01-27 00:00:00
IL,MCHENRY POLICE DEPT,1005-00-073-9421,"RIFLE,5.56 MILLIMETER",1,Each,499,D,1,2012-01-27 00:00:00
IL,MCHENRY POLICE DEPT,1005-00-073-9421,"RIFLE,5.56 MILLIMETER",1,Each,499,D,1,2012-01-27 00:00:00
IL,MCHENRY POLICE DEPT,1005-00-073-9421,"RIFLE,5.56 MILLIMETER",1,Each,499,D,1,2012-01-27 00:00:00
IL,MCHENRY POLICE DEPT,1005-00-073-9421,"RIFLE,5.56 MILLIMETER",1,Each,499,D,1,2012-01-27 00:00:00
IL,MCHENRY POLICE DEPT,1005-00-073-9421,"RIFLE,5.56 MILLIMETER",1,Each,499,D,1,2012-01-27 00:00:00
IL,MCHENRY POLICE DEPT,1005-00-073-9421,"RIFLE,5.56 MILLIMETER",1,Each,499,D,1,2012-01-27 00:00:00
IL,MCHENRY POLICE DEPT,1005-00-073-9421,"RIFLE,5.56 MILLIMETER",1,Each,499,D,1,2012-01-27 00:00:00
IL,MCHENRY POLICE DEPT,1005-00-073-9421,"RIFLE,5.56 MILLIMETER",1,Each,499,D,1,2012-01-27 00:00:00
IL,MCHENRY POLICE DEPT,1005-00-073-9421,"RIFLE,5.56 MILLIMETER",1,Each,499,D,1,2012-01-27 00:00:00
IL,MCHENRY POLICE DEPT,1005-00-073-9421,"RIFLE,5.56 MILLIMETER",1,Each,499,D,1,2012-01-27 00:00:00
IL,MCHENRY POLICE DEPT,1005-00-073-9421,"RIFLE,5.56 MILLIMETER",1,Each,499,D,1,2012-01-27 00:00:00
IL,MCHENRY POLICE DEPT,1005-00-073-9421,"RIFLE,5.56 MILLIMETER",1,Each,499,D,1,2012-01-27 00:00:00
IL,MCHENRY POLICE DEPT,1005-00-073-9421,"RIFLE,5.56 MILLIMETER",1,Each,499,D,1,2012-01-27 00:00:00
IL,MCHENRY POLICE DEPT,1005-00-073-9421,"RIFLE,5.56 MILLIMETER",1,Each,499,D,1,2012-01-27 00:00:00
IL,MCHENRY POLICE DEPT,1005-00-073-9421,"RIFLE,5.56 MILLIMETER",1,Each,499,D,1,2012-01-27 00:00:00
IL,MCHENRY POLICE DEPT,1005-00-073-9421,"RIFLE,5.56 MILLIMETER",1,Each,499,D,1,2012-01-27 00:00:00
IL,MCHENRY POLICE DEPT,1005-00-073-9421,"RIFLE,5.56 MILLIMETER",1,Each,499,D,1,2012-01-27 00:00:00
IL,MCHENRY POLICE DEPT,1005-00-073-9421,"RIFLE,5.56 MILLIMETER",1,Each,499,D,1,2012-01-27 00:00:00
IL,MCHENRY POLICE DEPT,1005-00-073-9421,"RIFLE,5.56 MILLIMETER",1,Each,499,D,1,2012-01-27 00:00:00
IL,MCHENRY POLICE DEPT,1005-00-073-9421,"RIFLE,5.56 MILLIMETER",1,Each,499,D,1,2012-01-27 00:00:00
IL,MCHENRY POLICE DEPT,1005-00-073-9421,"RIFLE,5.56 MILLIMETER",1,Each,499,D,1,2012-01-27 00:00:00
IL,MCLEANSBORO POLICE DEPARTMENT,1005-00-073-9421,"RIFLE,5.56 MILLIMETER",1,Each,499,D,1,2005-03-24 00:00:00
IL,MCLEANSBORO POLICE DEPARTMENT,1005-00-726-5655,"PISTOL,CALIBER .45,AUTOMATIC",1,Each,58.71,D,1,2005-03-25 00:00:00
IL,MCLEANSBORO POLICE DEPARTMENT,1005-00-921-5483,"SHOTGUN,12 GAGE,RIOT TYPE",1,Each,108,D,1,2005-03-23 00:00:00
IL,MCLEANSBORO POLICE DEPARTMENT,1005-01-094-7045,"REVOLVER,CALIBER .38 SPECIAL",1,Each,89.57,D,1,2005-03-23 00:00:00
IL,MCLEANSBORO POLICE DEPARTMENT,1005-00-726-5655,"PISTOL,CALIBER .45,AUTOMATIC",1,Each,58.71,D,1,2005-03-25 00:00:00
IL,MCLEANSBORO POLICE DEPARTMENT,1005-01-094-7045,"REVOLVER,CALIBER .38 SPECIAL",1,Each,89.57,D,1,2005-03-23 00:00:00
IL,MCLEANSBORO POLICE DEPARTMENT,1005-01-094-7045,"REVOLVER,CALIBER .38 SPECIAL",1,Each,89.57,D,1,2005-03-23 00:00:00
IL,MCLEANSBORO POLICE DEPARTMENT,1005-00-726-5655,"PISTOL,CALIBER .45,AUTOMATIC",1,Each,58.71,D,1,2005-03-25 00:00:00
IL,MCLEANSBORO POLICE DEPARTMENT,1005-01-094-7045,"REVOLVER,CALIBER .38 SPECIAL",1,Each,89.57,D,1,2005-03-23 00:00:00
IL,MCLEANSBORO POLICE DEPARTMENT,1005-00-589-1271,"RIFLE,7.62 MILLIMETER",1,Each,138,D,1,2005-03-24 00:00:00
IL,MCLEANSBORO POLICE DEPARTMENT,1005-00-726-5655,"PISTOL,CALIBER .45,AUTOMATIC",1,Each,58.71,D,1,2005-03-25 00:00:00
IL,MCLEANSBORO POLICE DEPARTMENT,1005-01-094-7045,"REVOLVER,CALIBER .38 SPECIAL",1,Each,89.57,D,1,2005-03-23 00:00:00
IL,MCLEANSBORO POLICE DEPARTMENT,1005-00-726-5655,"PISTOL,CALIBER .45,AUTOMATIC",1,Each,58.71,D,1,2005-03-25 00:00:00
IL,MELROSE PARK POLICE DEPT,1005-01-128-9936,"RIFLE,5.56 MILLIMETER",1,Each,749,D,1,2014-10-20 00:00:00
IL,MELROSE PARK POLICE DEPT,1005-01-128-9936,"RIFLE,5.56 MILLIMETER",1,Each,749,D,1,2014-10-20 00:00:00
IL,MELROSE PARK POLICE DEPT,1005-01-128-9936,"RIFLE,5.56 MILLIMETER",1,Each,749,D,1,2014-10-20 00:00:00
IL,MELROSE PARK POLICE DEPT,1005-01-128-9936,"RIFLE,5.56 MILLIMETER",1,Each,749,D,1,2014-10-20 00:00:00
IL,MELROSE PARK POLICE DEPT,1005-01-128-9936,"RIFLE,5.56 MILLIMETER",1,Each,749,D,1,2014-10-20 00:00:00
IL,MENARD COUNTY SHERIFFS OFFICE,8145-01-565-5577,"CONTAINER,HEAVY DUTY RECOVERY",1,Kit,1348.4,A,1,2017-02-01 00:00:00
IL,MENARD COUNTY SHERIFFS OFFICE,2320-01-107-7155,"TRUCK,UTILITY",1,Each,41061,Q,6,2012-05-15 00:00:00
IL,MENARD COUNTY SHERIFFS OFFICE,5855-01-228-0936,NIGHT VISION GOGGLE,1,Each,4300,F,1,1998-06-30 00:00:00
IL,MENARD COUNTY SHERIFFS OFFICE,2320-01-107-7155,"TRUCK,UTILITY",1,Each,41061,Q,6,2012-05-15 00:00:00
IL,MENARD COUNTY SHERIFFS OFFICE,2320-01-107-7155,"TRUCK,UTILITY",1,Each,41061,Q,6,2012-06-11 00:00:00
IL,MENARD COUNTY SHERIFFS OFFICE,8145-01-565-5577,"CONTAINER,HEAVY DUTY RECOVERY",1,Kit,1348.4,A,1,2017-02-01 00:00:00
IL,MENARD COUNTY SHERIFFS OFFICE,4940-00-186-0027,"CLEANER,STEAM,PRESSURE JET",1,Each,5634,A,1,2017-03-06 00:00:00
IL,MENARD COUNTY SHERIFFS OFFICE,4940-00-186-0027,"CLEANER,STEAM,PRESSURE JET",1,Each,5634,A,1,2017-03-06 00:00:00
IL,MENARD COUNTY SHERIFFS OFFICE,2320-00-926-3589,"TRUCK,STAKE",1,Each,28829,A,1,2017-02-21 00:00:00
IL,MENARD COUNTY SHERIFFS OFFICE,6220-01-195-6637,"LIGHT,DOME",5,Each,553,B,3,2012-05-19 00:00:00
IL,MENARD COUNTY SHERIFFS OFFICE,5820-01-069-2638,"RECEIVER-TRANSMITTER,RADIO",3,Each,11576.33,C,1,2013-05-13 00:00:00
IL,MENDOTA POLICE DEPT,1005-00-589-1271,"RIFLE,7.62 MILLIMETER",1,Each,138,D,1,1993-10-12 00:00:00
IL,MENDOTA POLICE DEPT,1005-00-589-1271,"RIFLE,7.62 MILLIMETER",1,Each,138,D,1,1993-10-12 00:00:00
IL,MEREDOSIA POLICE DEPT,5855-01-020-2211,NIGHT VISION SIGHT ,1,Each,4379.62,F,1,2007-01-04 00:00:00
IL,MEREDOSIA POLICE DEPT,1005-00-073-9421,"RIFLE,5.56 MILLIMETER",1,Each,499,D,1,2007-07-11 00:00:00
IL,MEREDOSIA POLICE DEPT,1005-00-589-1271,"RIFLE,7.62 MILLIMETER",1,Each,138,D,1,2005-12-01 00:00:00
IL,METROPOLIS POLICE DEPT,1005-00-856-6885,"RIFLE,5.56 MILLIMETER",1,Each,120,D,1,2010-01-28 00:00:00
IL,METROPOLIS POLICE DEPT,1005-00-856-6885,"RIFLE,5.56 MILLIMETER",1,Each,120,D,1,2010-01-28 00:00:00
IL,METROPOLIS POLICE DEPT,1005-00-856-6885,"RIFLE,5.56 MILLIMETER",1,Each,120,D,1,2010-01-28 00:00:00
IL,METROPOLIS POLICE DEPT,1005-00-856-6885,"RIFLE,5.56 MILLIMETER",1,Each,120,D,1,2010-01-28 00:00:00
IL,METROPOLIS POLICE DEPT,1005-00-856-6885,"RIFLE,5.56 MILLIMETER",1,Each,120,D,1,2010-01-28 00:00:00
IL,METROPOLIS POLICE DEPT,1005-00-856-6885,"RIFLE,5.56 MILLIMETER",1,Each,120,D,1,2010-01-28 00:00:00
IL,METROPOLIS POLICE DEPT,1005-00-856-6885,"RIFLE,5.56 MILLIMETER",1,Each,120,D,1,2010-01-28 00:00:00
IL,METROPOLIS POLICE DEPT,1005-00-856-6885,"RIFLE,5.56 MILLIMETER",1,Each,120,D,1,2010-01-28 00:00:00
IL,METROPOLIS POLICE DEPT,1005-00-856-6885,"RIFLE,5.56 MILLIMETER",1,Each,120,D,1,2010-01-28 00:00:00
IL,METROPOLIS POLICE DEPT,1005-00-856-6885,"RIFLE,5.56 MILLIMETER",1,Each,120,D,1,2010-01-28 00:00:00
IL,METROPOLIS POLICE DEPT,1005-00-856-6885,"RIFLE,5.56 MILLIMETER",1,Each,120,D,1,2010-01-28 00:00:00
IL,METROPOLIS POLICE DEPT,2320-01-107-7153,"TRUCK,UTILITY",1,Each,63894,C,1,2013-01-22 00:00:00
IL,METROPOLIS POLICE DEPT,5895-DS-MON-IT02,COMMUNICATION EQUIPMENT MONITOR,1,Each,100,D,,2014-01-06 00:00:00
IL,METROPOLIS POLICE DEPT,2320-01-128-9551,"TRUCK,UTILITY",1,Each,50458,C,1,2013-01-08 00:00:00
IL,METROPOLIS POLICE DEPT,2320-01-128-9551,"TRUCK,UTILITY",1,Each,50458,C,1,2013-01-08 00:00:00
IL,METROPOLIS POLICE DEPT,5820-01-069-2638,"RECEIVER-TRANSMITTER,RADIO",5,Each,11576.33,C,1,2013-05-13 00:00:00
IL,METROPOLIS POLICE DEPT,5985-01-342-9592,ANTENNA,1,Each,7835.84,D,1,2012-12-12 00:00:00
IL,METROPOLIS POLICE DEPT,5985-01-442-1659,ANTENNA,1,Each,519.2,D,1,2013-12-04 00:00:00
IL,METROPOLIS POLICE DEPT,5895-DS-MON-IT02,COMMUNICATION EQUIPMENT MONITOR,1,Each,100,D,,2014-01-06 00:00:00
IL,METROPOLIS POLICE DEPT,2320-01-107-7155,"TRUCK,UTILITY",1,Each,41061,Q,6,2012-05-09 00:00:00
IL,METROPOLIS POLICE DEPT,2320-01-128-9552,"TRUCK,UTILITY",1,Each,49897,C,1,2013-08-15 00:00:00
IL,METROPOLIS POLICE DEPT,2320-01-107-7155,"TRUCK,UTILITY",1,Each,41061,Q,6,2012-05-09 00:00:00
IL,METROPOLIS POLICE DEPT,5985-00-240-3720,MAST SECTION,1,Each,20.38,D,1,2013-12-19 00:00:00
IL,METROPOLIS POLICE DEPT,5985-01-559-0074,ANTENNA,4,Each,771.66,D,1,2013-12-19 00:00:00
IL,METROPOLIS POLICE DEPT,1005-01-461-2656,"PINTLE,MOUNT",5,Each,116,D,1,2013-12-19 00:00:00
IL,METROPOLIS POLICE DEPT,5820-01-380-8547,RADIO SET,6,Set,24842,D,1,2013-12-20 00:00:00
IL,METROPOLIS POLICE DEPT,5855-01-228-0936,NIGHT VISION GOGGLE,1,Each,4300,F,1,2012-03-09 00:00:00
IL,METROPOLIS POLICE DEPT,5985-01-345-2898,MAST,1,Each,11327.6,D,1,2013-11-08 00:00:00
IL,METROPOLIS POLICE DEPT,1005-00-945-9756,"PINTLE,MOUNT",1,Each,50.83,D,1,2013-12-19 00:00:00
IL,METROPOLIS POLICE DEPT,5965-01-387-1950,HEADSET-MICROPHONE,1,Each,607,B,3,2013-11-05 00:00:00
IL,METROPOLIS POLICE DEPT,5985-01-442-1659,ANTENNA,1,Each,519.2,D,1,2013-12-04 00:00:00
IL,METROPOLIS POLICE DEPT,5820-01-270-5099,RECEIVER-TRANSMITTER CONTROL GROUP,6,Each,19283.36,C,7,2013-11-14 00:00:00
IL,METROPOLIS POLICE DEPT,5985-00-507-6261,MAST,6,Each,385.83,B,3,2013-12-03 00:00:00
IL,METROPOLIS POLICE DEPT,8465-01-446-8621,HANDCUFFS,1,Each,27.53,Q,6,2013-12-04 00:00:00
IL,METROPOLIS POLICE DEPT,6115-DS-GEN-ERA2,"GENERATORS AND GEN SETS, DEMIL B",1,Each,1339,B,,2013-11-20 00:00:00
IL,METROPOLIS POLICE DEPT,5820-01-545-3439,RADIO SET,2,Each,741.65,B,3,2013-11-05 00:00:00
IL,METROPOLIS POLICE DEPT,5985-01-542-4329,ANTENNA,1,Each,859.58,D,1,2013-12-19 00:00:00
IL,METROPOLIS POLICE DEPT,5820-01-270-5099,RECEIVER-TRANSMITTER CONTROL GROUP,1,Each,19283.36,C,7,2013-11-14 00:00:00
IL,METROPOLIS POLICE DEPT,5985-01-423-5827,ANTENNA,2,Each,270.27,D,1,2013-12-04 00:00:00
IL,METROPOLIS POLICE DEPT,1005-00-555-9332,"PINTLE,MOUNT",2,Each,35.47,D,1,2013-12-19 00:00:00
IL,METROPOLIS POLICE DEPT,5985-00-846-6442,ANTENNA,5,Each,689.33,D,1,2013-12-05 00:00:00
IL,METROPOLIS POLICE DEPT,5820-01-554-6730,"INSTALLATION KIT,ELECTRONIC EQUIPMENT",5,Each,648.85,B,3,2013-11-25 00:00:00
IL,METROPOLIS POLICE DEPT,1240-01-361-1318,BINOCULAR,1,Each,328,F,1,2011-05-14 00:00:00
IL,METROPOLIS POLICE DEPT,5985-00-993-6971,ANTENNA,1,Each,66.76,D,,2013-08-01 00:00:00
IL,METROPOLIS POLICE DEPT,2320-01-164-4815,"TRUCK,CARGO",1,Each,5000,A,1,2017-10-30 00:00:00
IL,METROPOLIS POLICE DEPT,1005-00-921-5004,"MAGAZINE,CARTRIDGE",53,Each,12.3,D,1,2017-08-24 00:00:00
IL,METROPOLIS POLICE DEPT,1005-00-856-6885,"RIFLE,5.56 MILLIMETER",1,Each,120,D,1,2010-01-28 00:00:00
IL,METROPOLIS POLICE DEPT,1005-00-856-6885,"RIFLE,5.56 MILLIMETER",1,Each,120,D,1,2010-01-28 00:00:00
IL,METROPOLIS POLICE DEPT,1005-00-856-6885,"RIFLE,5.56 MILLIMETER",1,Each,120,D,1,2010-01-28 00:00:00
IL,METROPOLIS POLICE DEPT,1005-00-856-6885,"RIFLE,5.56 MILLIMETER",1,Each,120,D,1,2010-01-28 00:00:00
IL,METROPOLIS POLICE DEPT,1005-00-856-6885,"RIFLE,5.56 MILLIMETER",1,Each,120,D,1,2010-01-28 00:00:00
IL,METROPOLIS POLICE DEPT,5820-01-224-0712,RADIO SET,1,Each,50213,D,7,2015-07-24 00:00:00
IL,METROPOLIS POLICE DEPT,8145-01-608-0901,SHIPPING CONTAINER ,2,Each,2185.26,Q,3,2015-07-21 00:00:00
IL,METROPOLIS POLICE DEPT,5965-01-520-3847,"RADIO,PORTABLE     ",5,Each,4956,Q,3,2015-06-23 00:00:00
IL,METROPOLIS POLICE DEPT,5820-01-549-6407,"RECEIVER-TRANSMITTER,RADIO",7,Each,3760.17,D,1,2015-06-23 00:00:00
IL,METROPOLIS POLICE DEPT,6115-DS-GEN-ERA2,"GENERATORS AND GEN SETS, DEMIL B",1,Each,839.9,B,,2013-11-20 00:00:00
IL,METROPOLIS POLICE DEPT,5985-01-226-8171,ADAPTER ANTENNA    ,10,Each,128.61,Q,3,2015-07-17 00:00:00
IL,METROPOLIS POLICE DEPT,8145-01-608-0901,SHIPPING CONTAINER ,4,Each,2185.26,Q,3,2015-07-21 00:00:00
IL,METROPOLIS POLICE DEPT,8145-01-608-0901,SHIPPING CONTAINER ,2,Each,2185.26,Q,3,2015-07-21 00:00:00
IL,METROPOLIS POLICE DEPT,5965-01-520-3847,"RADIO,PORTABLE     ",2,Each,4956,Q,3,2015-06-23 00:00:00
IL,METROPOLIS POLICE DEPT,1080-01-457-2956,"CAMOUFLAGE NET SYSTEM,RADAR SCATTERING",35,Each,1472,D,1,2015-04-28 00:00:00
IL,METROPOLIS POLICE DEPT,8140-01-435-2765,"SHIPPING AND STORAGE CONTAINER,GUIDED MISSILE COMPONENTS",3,Each,8000,D,1,2013-12-20 00:00:00
IL,METROPOLIS POLICE DEPT,4940-01-006-3229,"SHOP EQUIPMENT,UTILITY,TRUCK MOUNTED",1,Set,73570,Q,6,2014-08-07 00:00:00
IL,METROPOLIS POLICE DEPT,2310-01-380-8290,"TRUCK,AMBULANCE",1,Each,68212,C,1,2014-06-05 00:00:00
IL,METROPOLIS POLICE DEPT,5820-01-069-2638,"RECEIVER-TRANSMITTER,RADIO",4,Each,11576.33,C,1,2014-06-12 00:00:00
IL,METROPOLIS POLICE DEPT,7021-DS-RUG-GEDI,"LAPTOP COMPUTER, RUGGED",3,Each,3200,Q,,2014-10-10 00:00:00
IL,METROPOLIS POLICE DEPT,5895-01-580-2529,"COMMAND SYSTEM,TACTICAL",1,Each,403756,B,3,2014-05-14 00:00:00
IL,MILAN POLICE DEPT,2320-01-107-7155,"TRUCK,UTILITY",1,Each,41061,Q,6,2011-06-20 00:00:00
IL,MILAN POLICE DEPT,1005-00-589-1271,"RIFLE,7.62 MILLIMETER",1,Each,138,D,1,2005-12-27 00:00:00
IL,MILAN POLICE DEPT,1005-00-073-9421,"RIFLE,5.56 MILLIMETER",1,Each,499,D,1,2006-01-06 00:00:00
IL,MILAN POLICE DEPT,1005-00-589-1271,"RIFLE,7.62 MILLIMETER",1,Each,138,D,1,2005-12-27 00:00:00
IL,MILAN POLICE DEPT,1005-00-073-9421,"RIFLE,5.56 MILLIMETER",1,Each,499,D,1,2006-01-06 00:00:00
IL,MILAN POLICE DEPT,2320-01-107-7155,"TRUCK,UTILITY",1,Each,41061,Q,6,2011-06-20 00:00:00
IL,MILLEDGEVILLE POLICE DEPT,1005-00-589-1271,"RIFLE,7.62 MILLIMETER",1,Each,138,D,1,2001-03-12 00:00:00
IL,MILLSTADT POLICE DEPT,1005-00-726-5655,"PISTOL,CALIBER .45,AUTOMATIC",1,Each,58.71,D,1,2010-11-17 00:00:00
IL,MILLSTADT POLICE DEPT,1005-00-726-5655,"PISTOL,CALIBER .45,AUTOMATIC",1,Each,58.71,D,1,2010-11-17 00:00:00
IL,MILLSTADT POLICE DEPT,1005-00-589-1271,"RIFLE,7.62 MILLIMETER",1,Each,138,D,1,2005-03-21 00:00:00
IL,MILLSTADT POLICE DEPT,1005-00-856-6885,"RIFLE,5.56 MILLIMETER",1,Each,120,D,1,2011-10-26 00:00:00
IL,MILLSTADT POLICE DEPT,2320-01-107-7155,"TRUCK,UTILITY",1,Each,41061,Q,6,2011-05-26 00:00:00
IL,MILLSTADT POLICE DEPT,1005-01-094-7045,"REVOLVER,CALIBER .38 SPECIAL",1,Each,89.57,D,1,2005-03-18 00:00:00
IL,MILLSTADT POLICE DEPT,1005-00-856-6885,"RIFLE,5.56 MILLIMETER",1,Each,120,D,1,2011-10-26 00:00:00
IL,MILLSTADT POLICE DEPT,1005-00-073-9421,"RIFLE,5.56 MILLIMETER",1,Each,499,D,1,2005-03-16 00:00:00
IL,MILLSTADT POLICE DEPT,1005-00-856-6885,"RIFLE,5.56 MILLIMETER",1,Each,120,D,1,2011-10-26 00:00:00
IL,MILLSTADT POLICE DEPT,1005-00-921-5483,"SHOTGUN,12 GAGE,RIOT TYPE",1,Each,108,D,1,2005-03-18 00:00:00
IL,MILLSTADT POLICE DEPT,1005-00-726-5655,"PISTOL,CALIBER .45,AUTOMATIC",1,Each,58.71,D,1,2010-11-17 00:00:00
IL,MILLSTADT POLICE DEPT,5855-00-150-1820,"VIEWER,NIGHT VISION",1,Each,4105,F,1,2012-02-06 00:00:00
IL,MILLSTADT POLICE DEPT,5855-00-150-1820,"VIEWER,NIGHT VISION",1,Each,4105,F,1,2012-02-06 00:00:00
IL,MILLSTADT POLICE DEPT,5855-01-228-0938,NIGHT VISION GOGGLE,1,Each,4300,F,1,2012-02-06 00:00:00
IL,MILLSTADT POLICE DEPT,5855-00-629-5334,NIGHT VISION SIGHT INDIVIDUAL SERVED WEAPONS,1,Each,5650,F,1,2012-02-06 00:00:00
IL,MILLSTADT POLICE DEPT,1005-00-726-5655,"PISTOL,CALIBER .45,AUTOMATIC",1,Each,58.71,D,1,2010-11-17 00:00:00
IL,MILLSTADT POLICE DEPT,5855-00-150-1820,"VIEWER,NIGHT VISION",1,Each,4105,F,1,2012-02-06 00:00:00
IL,MILLSTADT POLICE DEPT,5855-00-150-1820,"VIEWER,NIGHT VISION",1,Each,4105,F,1,2012-02-06 00:00:00
IL,MILLSTADT POLICE DEPT,1005-00-726-5655,"PISTOL,CALIBER .45,AUTOMATIC",1,Each,58.71,D,1,2005-03-21 00:00:00
IL,MILLSTADT POLICE DEPT,1240-01-411-1265,"SIGHT,REFLEX",2,Each,315,D,1,2012-02-06 00:00:00
IL,MILLSTADT POLICE DEPT,1240-01-034-9805,"SIGHT,REFLEX",1,Each,183,D,1,2014-01-28 09:22:25.999680
IL,MILLSTADT POLICE DEPT,1240-DS-OPT-SIGH,OPTICAL SIGHTING AND RANGING EQUIPMENT,1,Each,600,D,,2013-05-14 00:00:00
IL,MILLSTADT POLICE DEPT,1240-DS-OPT-SIGH,OPTICAL SIGHTING AND RANGING EQUIPMENT,1,Each,600,D,,2013-05-14 00:00:00
IL,MILLSTADT POLICE DEPT,1005-00-726-5655,"PISTOL,CALIBER .45,AUTOMATIC",1,Each,58.71,D,1,2010-11-17 00:00:00
IL,MILLSTADT POLICE DEPT,1005-00-856-6885,"RIFLE,5.56 MILLIMETER",1,Each,120,D,1,2011-10-26 00:00:00
IL,MILLSTADT POLICE DEPT,5855-00-629-5334,NIGHT VISION SIGHT INDIVIDUAL SERVED WEAPONS,1,Each,5650,F,1,2012-02-06 00:00:00
IL,MILLSTADT POLICE DEPT,5855-00-629-5334,NIGHT VISION SIGHT INDIVIDUAL SERVED WEAPONS,1,Each,5650,F,1,2012-02-06 00:00:00
IL,MILLSTADT POLICE DEPT,1005-00-726-5655,"PISTOL,CALIBER .45,AUTOMATIC",1,Each,58.71,D,1,2010-11-17 00:00:00
IL,MILLSTADT POLICE DEPT,5855-00-150-1820,"VIEWER,NIGHT VISION",1,Each,4105,F,1,2012-02-06 00:00:00
IL,MILLSTADT POLICE DEPT,5855-00-150-1820,"VIEWER,NIGHT VISION",1,Each,4105,F,1,2012-02-06 00:00:00
IL,MILLSTADT POLICE DEPT,5855-00-150-1820,"VIEWER,NIGHT VISION",1,Each,4105,F,1,2012-02-06 00:00:00
IL,MILLSTADT POLICE DEPT,5855-00-150-1820,"VIEWER,NIGHT VISION",1,Each,4105,F,1,2012-02-06 00:00:00
IL,MILLSTADT POLICE DEPT,1005-00-726-5655,"PISTOL,CALIBER .45,AUTOMATIC",1,Each,58.71,D,1,2010-11-17 00:00:00
IL,MINIER POLICE DEPARTMENT,1005-00-589-1271,"RIFLE,7.62 MILLIMETER",1,Each,138,D,1,2003-03-18 00:00:00
IL,MINIER POLICE DEPARTMENT,1005-00-589-1271,"RIFLE,7.62 MILLIMETER",1,Each,138,D,1,2003-03-18 00:00:00
IL,MINIER POLICE DEPARTMENT,1005-00-589-1271,"RIFLE,7.62 MILLIMETER",1,Each,138,D,1,2003-03-18 00:00:00
IL,MINOOKA POLICE DEPARTMENT,1005-01-128-9936,"RIFLE,5.56 MILLIMETER",1,Each,749,D,1,2014-10-20 00:00:00
IL,MINOOKA POLICE DEPARTMENT,1240-01-533-0941,"SIGHT,REFLEX",1,Each,400,A,1,2017-12-15 00:00:00
IL,MINOOKA POLICE DEPARTMENT,1005-00-073-9421,"RIFLE,5.56 MILLIMETER",1,Each,499,D,1,1997-08-16 00:00:00
IL,MINOOKA POLICE DEPARTMENT,1005-00-073-9421,"RIFLE,5.56 MILLIMETER",1,Each,499,D,1,1997-08-16 00:00:00
IL,MINOOKA POLICE DEPARTMENT,1005-00-073-9421,"RIFLE,5.56 MILLIMETER",1,Each,499,D,1,1997-08-16 00:00:00
IL,MINOOKA POLICE DEPARTMENT,1005-00-073-9421,"RIFLE,5.56 MILLIMETER",1,Each,499,D,1,1997-08-16 00:00:00
IL,MINOOKA POLICE DEPARTMENT,1005-01-128-9936,"RIFLE,5.56 MILLIMETER",1,Each,749,D,1,2014-10-20 00:00:00
IL,MINOOKA POLICE DEPARTMENT,1005-01-128-9936,"RIFLE,5.56 MILLIMETER",1,Each,749,D,1,2014-10-20 00:00:00
IL,MINOOKA POLICE DEPARTMENT,1005-01-128-9936,"RIFLE,5.56 MILLIMETER",1,Each,749,D,1,2014-10-20 00:00:00
IL,MINOOKA POLICE DEPARTMENT,1005-01-128-9936,"RIFLE,5.56 MILLIMETER",1,Each,749,D,1,2014-10-20 00:00:00
IL,MINOOKA POLICE DEPARTMENT,1005-01-128-9936,"RIFLE,5.56 MILLIMETER",1,Each,749,D,1,2014-10-20 00:00:00
IL,MINOOKA POLICE DEPARTMENT,1005-01-128-9936,"RIFLE,5.56 MILLIMETER",1,Each,749,D,1,2014-10-20 00:00:00
IL,MINOOKA POLICE DEPARTMENT,1005-01-128-9936,"RIFLE,5.56 MILLIMETER",1,Each,749,D,1,2014-10-20 00:00:00
IL,MINOOKA POLICE DEPARTMENT,1005-01-128-9936,"RIFLE,5.56 MILLIMETER",1,Each,749,D,1,2014-10-20 00:00:00
IL,MINOOKA POLICE DEPARTMENT,1005-01-128-9936,"RIFLE,5.56 MILLIMETER",1,Each,749,D,1,2014-10-20 00:00:00
IL,MOMENCE POLICE DEPT,2320-01-107-7155,"TRUCK,UTILITY",1,Each,41061,Q,6,2011-12-28 00:00:00
IL,MOMENCE POLICE DEPT,1005-00-073-9421,"RIFLE,5.56 MILLIMETER",1,Each,499,D,1,2007-06-21 00:00:00
IL,MOMENCE POLICE DEPT,1005-00-073-9421,"RIFLE,5.56 MILLIMETER",1,Each,499,D,1,2007-06-21 00:00:00
IL,MOMENCE POLICE DEPT,1005-00-073-9421,"RIFLE,5.56 MILLIMETER",1,Each,499,D,1,2007-06-21 00:00:00
IL,MOMENCE POLICE DEPT,1005-00-073-9421,"RIFLE,5.56 MILLIMETER",1,Each,499,D,1,2007-06-21 00:00:00
IL,MOMENCE POLICE DEPT,1005-00-589-1271,"RIFLE,7.62 MILLIMETER",1,Each,138,D,1,2002-10-31 00:00:00
IL,MOMENCE POLICE DEPT,1005-00-073-9421,"RIFLE,5.56 MILLIMETER",1,Each,499,D,1,2007-06-21 00:00:00
IL,MONEE POLICE DEPT,1005-00-073-9421,"RIFLE,5.56 MILLIMETER",1,Each,499,D,1,2004-04-15 00:00:00
IL,MONEE POLICE DEPT,1005-00-589-1271,"RIFLE,7.62 MILLIMETER",1,Each,138,D,1,2004-04-12 00:00:00
IL,MONEE POLICE DEPT,1005-00-589-1271,"RIFLE,7.62 MILLIMETER",1,Each,138,D,1,2004-04-12 00:00:00
IL,MONEE POLICE DEPT,1005-00-073-9421,"RIFLE,5.56 MILLIMETER",1,Each,499,D,1,2004-04-15 00:00:00
IL,MONROE COUNTY SHERIFF OFFICE,1005-00-589-1271,"RIFLE,7.62 MILLIMETER",1,Each,138,D,1,2012-01-18 00:00:00
IL,MONROE COUNTY SHERIFF OFFICE,1005-01-233-8529,BARREL AND FRONT SIGHT ASSEMBLY,6,Each,115,D,1,2016-07-05 00:00:00
IL,MONROE COUNTY SHERIFF OFFICE,5855-01-523-7715,"SIGHT,THERMAL",1,Each,10508,D,1,2016-06-16 00:00:00
IL,MONROE COUNTY SHERIFF OFFICE,5855-01-523-7715,"SIGHT,THERMAL",1,Each,10508,D,1,2016-06-16 00:00:00
IL,MONROE COUNTY SHERIFF OFFICE,5855-01-523-7715,"SIGHT,THERMAL",1,Each,10508,D,1,2016-06-16 00:00:00
IL,MONROE COUNTY SHERIFF OFFICE,1005-01-382-6795,"RECEIVER,CARTRIDGE",3,Each,87.96,D,1,2015-12-22 00:00:00
IL,MONROE COUNTY SHERIFF OFFICE,1240-01-411-1265,"SIGHT,REFLEX",8,Each,315,D,1,2016-04-22 00:00:00
IL,MONROE COUNTY SHERIFF OFFICE,1005-01-382-6795,"RECEIVER,CARTRIDGE",6,Each,87.96,D,1,2016-06-21 00:00:00
IL,MONROE COUNTY SHERIFF OFFICE,1005-01-233-8529,BARREL AND FRONT SIGHT ASSEMBLY,3,Each,115,D,1,2016-04-20 00:00:00
IL,MONROE COUNTY SHERIFF OFFICE,1095-01-526-7860,"FIRING DEVICE,NON-LETHAL",1,Each,1093,D,1,2015-04-29 00:00:00
IL,MONROE COUNTY SHERIFF OFFICE,1005-01-484-8000,"SIGHT,REAR",1,Each,54.77,D,1,2015-11-10 00:00:00
IL,MONROE COUNTY SHERIFF OFFICE,5305-01-484-7075,"SCREW,CAP,HEXAGON HEAD",23,Each,2.09,B,3,2015-11-13 00:00:00
IL,MONROE COUNTY SHERIFF OFFICE,1005-01-484-8000,"SIGHT,REAR",1,Each,54.77,D,1,2015-11-10 00:00:00
IL,MONROE COUNTY SHERIFF OFFICE,1005-01-484-8000,"SIGHT,REAR",7,Each,54.77,D,1,2015-11-10 00:00:00
IL,MONROE COUNTY SHERIFF OFFICE,1005-01-484-8000,"SIGHT,REAR",1,Each,54.77,D,1,2015-11-10 00:00:00
IL,MONROE COUNTY SHERIFF OFFICE,1005-01-484-8000,"SIGHT,REAR",1,Each,54.77,D,1,2015-11-10 00:00:00
IL,MONROE COUNTY SHERIFF OFFICE,1005-01-484-8000,"SIGHT,REAR",1,Each,54.77,D,1,2015-11-10 00:00:00
IL,MONROE COUNTY SHERIFF OFFICE,1005-01-128-9936,"RIFLE,5.56 MILLIMETER",1,Each,749,D,1,2014-10-20 00:00:00
IL,MONROE COUNTY SHERIFF OFFICE,1005-01-128-9936,"RIFLE,5.56 MILLIMETER",1,Each,749,D,1,2014-10-20 00:00:00
IL,MONROE COUNTY SHERIFF OFFICE,1005-01-128-9936,"RIFLE,5.56 MILLIMETER",1,Each,749,D,1,2014-10-20 00:00:00
IL,MONROE COUNTY SHERIFF OFFICE,1005-01-128-9936,"RIFLE,5.56 MILLIMETER",1,Each,749,D,1,2014-10-20 00:00:00
IL,MONROE COUNTY SHERIFF OFFICE,1005-00-589-1271,"RIFLE,7.62 MILLIMETER",1,Each,138,D,1,2012-01-18 00:00:00
IL,MONROE COUNTY SHERIFF OFFICE,1005-00-589-1271,"RIFLE,7.62 MILLIMETER",1,Each,138,D,1,2012-01-18 00:00:00
IL,MONROE COUNTY SHERIFF OFFICE,1005-00-589-1271,"RIFLE,7.62 MILLIMETER",1,Each,138,D,1,2012-01-18 00:00:00
IL,MONROE COUNTY SHERIFF OFFICE,1005-00-589-1271,"RIFLE,7.62 MILLIMETER",1,Each,138,D,1,2012-01-18 00:00:00
IL,MONROE COUNTY SHERIFF OFFICE,1005-00-589-1271,"RIFLE,7.62 MILLIMETER",1,Each,138,D,1,2012-01-18 00:00:00
IL,MONROE COUNTY SHERIFF OFFICE,1005-00-589-1271,"RIFLE,7.62 MILLIMETER",1,Each,138,D,1,2012-01-18 00:00:00
IL,MONROE COUNTY SHERIFF OFFICE,1005-00-589-1271,"RIFLE,7.62 MILLIMETER",1,Each,138,D,1,2012-04-03 00:00:00
IL,MONROE COUNTY SHERIFF OFFICE,1005-00-589-1271,"RIFLE,7.62 MILLIMETER",1,Each,138,D,1,2012-04-03 00:00:00
IL,MONROE COUNTY SHERIFF OFFICE,2320-01-128-9551,"TRUCK,UTILITY",1,Each,50458,C,1,2011-12-12 00:00:00
IL,MONROE COUNTY SHERIFF OFFICE,1005-01-128-9936,"RIFLE,5.56 MILLIMETER",1,Each,749,D,1,2014-10-20 00:00:00
IL,MONROE COUNTY SHERIFF OFFICE,1005-01-128-9936,"RIFLE,5.56 MILLIMETER",1,Each,749,D,1,2014-10-20 00:00:00
IL,MONROE COUNTY SHERIFF OFFICE,2320-01-107-7153,"TRUCK,UTILITY",1,Each,63894,C,1,2011-12-21 00:00:00
IL,MONROE COUNTY SHERIFF OFFICE,1005-01-128-9936,"RIFLE,5.56 MILLIMETER",1,Each,749,D,1,2014-10-20 00:00:00
IL,MONROE COUNTY SHERIFF OFFICE,1005-01-128-9936,"RIFLE,5.56 MILLIMETER",1,Each,749,D,1,2014-09-29 00:00:00
IL,MONROE COUNTY SHERIFF OFFICE,1005-01-128-9936,"RIFLE,5.56 MILLIMETER",1,Each,749,D,1,2014-10-20 00:00:00
IL,MONROE COUNTY SHERIFF OFFICE,1005-01-128-9936,"RIFLE,5.56 MILLIMETER",1,Each,749,D,1,2014-10-20 00:00:00
IL,MONROE COUNTY SHERIFF OFFICE,1005-01-128-9936,"RIFLE,5.56 MILLIMETER",1,Each,749,D,1,2014-10-20 00:00:00
IL,MONROE COUNTY SHERIFF OFFICE,1005-01-128-9936,"RIFLE,5.56 MILLIMETER",1,Each,749,D,1,2014-10-20 00:00:00
IL,MONROE COUNTY SHERIFF OFFICE,1005-01-128-9936,"RIFLE,5.56 MILLIMETER",1,Each,749,D,1,2014-10-20 00:00:00
IL,MONROE COUNTY SHERIFF OFFICE,1005-01-128-9936,"RIFLE,5.56 MILLIMETER",1,Each,749,D,1,2014-10-20 00:00:00
IL,MONROE COUNTY SHERIFF OFFICE,2320-01-128-9551,"TRUCK,UTILITY",1,Each,50458,C,1,2014-11-03 00:00:00
IL,MONROE COUNTY SHERIFF OFFICE,1005-01-128-9936,"RIFLE,5.56 MILLIMETER",1,Each,749,D,1,2014-10-20 00:00:00
IL,MONROE COUNTY SHERIFF OFFICE,1005-01-128-9936,"RIFLE,5.56 MILLIMETER",1,Each,749,D,1,2014-10-20 00:00:00
IL,MONTGOMERY COUNTY SHERIFF DEPT,2320-01-107-7155,"TRUCK,UTILITY",1,Each,41061,Q,6,2012-03-29 00:00:00
IL,MONTGOMERY COUNTY SHERIFF DEPT,2320-01-107-7155,"TRUCK,UTILITY",1,Each,41061,Q,6,2012-03-29 00:00:00
IL,MONTGOMERY COUNTY SHERIFF DEPT,1005-00-073-9421,"RIFLE,5.56 MILLIMETER",1,Each,499,D,1,2005-12-01 00:00:00
IL,MONTGOMERY COUNTY SHERIFF DEPT,1005-00-073-9421,"RIFLE,5.56 MILLIMETER",1,Each,499,D,1,2004-04-15 00:00:00
IL,MONTGOMERY COUNTY SHERIFF DEPT,1005-00-073-9421,"RIFLE,5.56 MILLIMETER",1,Each,499,D,1,2005-12-01 00:00:00
IL,MONTGOMERY COUNTY SHERIFF DEPT,1005-00-073-9421,"RIFLE,5.56 MILLIMETER",1,Each,499,D,1,2005-12-01 00:00:00
IL,MONTGOMERY COUNTY SHERIFF DEPT,1005-00-073-9421,"RIFLE,5.56 MILLIMETER",1,Each,499,D,1,2004-04-15 00:00:00
IL,MONTGOMERY COUNTY SHERIFF DEPT,2540-01-434-8598,"COVER,FITTED,VEHICULAR CAB",3,Kit,1431.95,B,3,2014-01-16 00:00:00
IL,MONTGOMERY POLICE DEPT,8465-01-531-3647,"POUCH,INDIVIDUAL FIRST AID KIT",50,Each,13.11,A,1,2017-02-21 00:00:00
IL,MONTICELLO POLICE DEPARTMENT,1005-00-726-5655,"PISTOL,CALIBER .45,AUTOMATIC",1,Each,58.71,D,1,2006-04-27 00:00:00
IL,MONTICELLO POLICE DEPARTMENT,1005-00-856-6885,"RIFLE,5.56 MILLIMETER",1,Each,120,D,1,2012-02-02 00:00:00
IL,MONTICELLO POLICE DEPARTMENT,1005-00-856-6885,"RIFLE,5.56 MILLIMETER",1,Each,120,D,1,2012-02-02 00:00:00
IL,MONTICELLO POLICE DEPARTMENT,1005-00-726-5655,"PISTOL,CALIBER .45,AUTOMATIC",1,Each,58.71,D,1,2007-06-25 00:00:00
IL,MONTICELLO POLICE DEPARTMENT,1005-00-677-9150,"SHOTGUN,12 GAGE,RIOT TYPE",1,Each,72.1,D,1,2008-11-12 00:00:00
IL,MONTICELLO POLICE DEPARTMENT,1005-00-856-6885,"RIFLE,5.56 MILLIMETER",1,Each,120,D,1,2012-02-02 00:00:00
IL,MONTICELLO POLICE DEPARTMENT,1005-00-856-6885,"RIFLE,5.56 MILLIMETER",1,Each,120,D,1,2012-02-02 00:00:00
IL,MONTICELLO POLICE DEPARTMENT,1005-00-589-1271,"RIFLE,7.62 MILLIMETER",1,Each,138,D,1,2000-02-07 00:00:00
IL,MONTICELLO POLICE DEPARTMENT,1005-00-726-5655,"PISTOL,CALIBER .45,AUTOMATIC",1,Each,58.71,D,1,2007-06-25 00:00:00
IL,MONTICELLO POLICE DEPARTMENT,1005-00-073-9421,"RIFLE,5.56 MILLIMETER",1,Each,499,D,1,2006-04-28 00:00:00
IL,MONTICELLO POLICE DEPARTMENT,1005-00-726-5655,"PISTOL,CALIBER .45,AUTOMATIC",1,Each,58.71,D,1,2007-06-25 00:00:00
IL,MONTICELLO POLICE DEPARTMENT,1005-00-856-6885,"RIFLE,5.56 MILLIMETER",1,Each,120,D,1,2012-02-02 00:00:00
IL,MONTICELLO POLICE DEPARTMENT,1005-00-856-6885,"RIFLE,5.56 MILLIMETER",1,Each,120,D,1,2012-02-02 00:00:00
IL,MONTICELLO POLICE DEPARTMENT,1005-00-856-6885,"RIFLE,5.56 MILLIMETER",1,Each,120,D,1,2012-02-02 00:00:00
IL,MONTICELLO POLICE DEPARTMENT,1005-00-856-6885,"RIFLE,5.56 MILLIMETER",1,Each,120,D,1,2012-02-02 00:00:00
IL,MONTICELLO POLICE DEPARTMENT,1005-00-589-1271,"RIFLE,7.62 MILLIMETER",1,Each,138,D,1,2000-02-07 00:00:00
IL,MONTICELLO POLICE DEPARTMENT,1005-00-726-5655,"PISTOL,CALIBER .45,AUTOMATIC",1,Each,58.71,D,1,2006-04-27 00:00:00
IL,MORAINE VALLEY COLLEGE PD HI_ED,1005-00-589-1271,"RIFLE,7.62 MILLIMETER",1,Each,138,D,1,2004-04-28 00:00:00
IL,MORAINE VALLEY COLLEGE PD HI_ED,1005-00-856-6885,"RIFLE,5.56 MILLIMETER",1,Each,120,D,1,2009-08-12 00:00:00
IL,MORAINE VALLEY COLLEGE PD HI_ED,1005-00-856-6885,"RIFLE,5.56 MILLIMETER",1,Each,120,D,1,2009-08-12 00:00:00
IL,MORAINE VALLEY COLLEGE PD HI_ED,1005-00-589-1271,"RIFLE,7.62 MILLIMETER",1,Each,138,D,1,2004-04-28 00:00:00
IL,MORGAN COUNTY SHERIFF OFFICE,1005-00-073-9421,"RIFLE,5.56 MILLIMETER",1,Each,499,D,1,2012-02-07 00:00:00
IL,MORGAN COUNTY SHERIFF OFFICE,1005-00-073-9421,"RIFLE,5.56 MILLIMETER",1,Each,499,D,1,2012-02-07 00:00:00
IL,MORGAN COUNTY SHERIFF OFFICE,1005-00-073-9421,"RIFLE,5.56 MILLIMETER",1,Each,499,D,1,2012-02-07 00:00:00
IL,MORGAN COUNTY SHERIFF OFFICE,1005-00-073-9421,"RIFLE,5.56 MILLIMETER",1,Each,499,D,1,2012-02-07 00:00:00
IL,MORGAN COUNTY SHERIFF OFFICE,1005-00-589-1271,"RIFLE,7.62 MILLIMETER",1,Each,138,D,1,2008-07-21 00:00:00
IL,MORGAN COUNTY SHERIFF OFFICE,1005-00-073-9421,"RIFLE,5.56 MILLIMETER",1,Each,499,D,1,2008-07-22 00:00:00
IL,MORGAN COUNTY SHERIFF OFFICE,2320-01-107-7153,"TRUCK,UTILITY",1,Each,63894,C,1,2011-12-16 00:00:00
IL,MORGAN COUNTY SHERIFF OFFICE,1240-01-411-1265,"SIGHT,REFLEX",5,Each,315,D,1,2010-07-01 00:00:00
IL,MORGAN COUNTY SHERIFF OFFICE,1005-00-073-9421,"RIFLE,5.56 MILLIMETER",1,Each,499,D,1,2008-07-22 00:00:00
IL,MORGAN COUNTY SHERIFF OFFICE,1005-00-589-1271,"RIFLE,7.62 MILLIMETER",1,Each,138,D,1,2008-07-21 00:00:00
IL,MORGAN COUNTY SHERIFF OFFICE,1005-00-073-9421,"RIFLE,5.56 MILLIMETER",1,Each,499,D,1,2012-02-07 00:00:00
IL,MORRISONVILLE POLICE DEPT,2510-01-254-1501,"DOOR,VEHICULAR",1,Each,652.61,D,1,2012-03-10 00:00:00
IL,MORRISONVILLE POLICE DEPT,2510-01-257-3904,"DOOR,VEHICULAR",1,Assembly,1251.53,D,1,2012-02-25 00:00:00
IL,MORRISONVILLE POLICE DEPT,2510-01-257-3903,"DOOR,VEHICULAR",1,Assembly,1176.56,D,1,2012-02-04 00:00:00
IL,MORRISONVILLE POLICE DEPT,1005-01-360-4862,"MAGAZINE,CARTRIDGE",8,Each,189.27,D,1,2012-05-06 00:00:00
IL,MORRISONVILLE POLICE DEPT,2510-01-254-1500,"DOOR,VEHICULAR",1,Each,1137.1,D,1,2012-03-12 00:00:00
IL,MORRISONVILLE POLICE DEPT,2320-01-146-7193,"TRUCK,UTILITY",1,Each,41447,C,1,2012-01-05 00:00:00
IL,MORRISONVILLE POLICE DEPT,6115-DS-GEN-ERA1,"GENERATORS AND GENERATOR SETS, ELECTRICA",1,Each,35700,Q,,2012-12-12 00:00:00
IL,MOULTRIE COUNTY SHERIFF OFFICE,1240-01-411-1265,"SIGHT,REFLEX",5,Each,315,D,1,2012-03-08 00:00:00
IL,MOUND CITY POLICE DEPT,1005-01-128-9936,"RIFLE,5.56 MILLIMETER",1,Each,749,D,1,2014-09-29 00:00:00
IL,MOUND CITY POLICE DEPT,1005-01-128-9936,"RIFLE,5.56 MILLIMETER",1,Each,749,D,1,2014-09-29 00:00:00
IL,MOUND CITY POLICE DEPT,1005-00-726-5655,"PISTOL,CALIBER .45,AUTOMATIC",1,Each,58.71,D,1,2007-06-21 00:00:00
IL,MOUND CITY POLICE DEPT,1005-00-726-5655,"PISTOL,CALIBER .45,AUTOMATIC",1,Each,58.71,D,1,2007-06-21 00:00:00
IL,MOUND CITY POLICE DEPT,1005-00-726-5655,"PISTOL,CALIBER .45,AUTOMATIC",1,Each,58.71,D,1,2007-08-07 00:00:00
IL,MOUND CITY POLICE DEPT,2320-01-107-7155,"TRUCK,UTILITY",1,Each,41061,Q,6,2014-09-04 00:00:00
IL,MOUND CITY POLICE DEPT,6650-00-530-0960,"TELESCOPE,STRAIGHT",2,Each,442,D,1,2014-11-25 00:00:00
IL,MOUND CITY POLICE DEPT,2510-01-502-7721,"CAP,TRUCK,MOUNTING",1,Each,7905.86,Q,6,2015-05-12 00:00:00
IL,MOUND CITY POLICE DEPT,1005-00-726-5655,"PISTOL,CALIBER .45,AUTOMATIC",1,Each,58.71,D,1,2007-08-07 00:00:00
IL,MOUND CITY POLICE DEPT,1005-01-128-9936,"RIFLE,5.56 MILLIMETER",1,Each,749,D,1,2014-09-29 00:00:00
IL,MOUND CITY POLICE DEPT,1005-01-128-9936,"RIFLE,5.56 MILLIMETER",1,Each,749,D,1,2014-09-29 00:00:00
IL,MOUNDS POLICE DEPT,5820-01-549-6407,"RECEIVER-TRANSMITTER,RADIO",2,Each,3760.17,D,1,2015-07-23 00:00:00
IL,MOUNDS POLICE DEPT,1005-01-128-9936,"RIFLE,5.56 MILLIMETER",1,Each,749,D,1,2014-09-29 00:00:00
IL,MOUNDS POLICE DEPT,1005-01-128-9936,"RIFLE,5.56 MILLIMETER",1,Each,749,D,1,2014-09-29 00:00:00
IL,MOUNDS POLICE DEPT,1005-01-128-9936,"RIFLE,5.56 MILLIMETER",1,Each,749,D,1,2014-09-29 00:00:00
IL,MOUNDS POLICE DEPT,1005-00-589-1271,"RIFLE,7.62 MILLIMETER",1,Each,138,D,1,2009-04-23 00:00:00
IL,MOUNDS POLICE DEPT,1005-00-726-5655,"PISTOL,CALIBER .45,AUTOMATIC",1,Each,58.71,D,1,2010-05-05 00:00:00
IL,MOUNDS POLICE DEPT,2510-01-502-7721,"CAP,TRUCK,MOUNTING",1,Each,7905.86,Q,6,2015-05-12 00:00:00
IL,MOUNDS POLICE DEPT,2320-01-107-7155,"TRUCK,UTILITY",1,Each,41061,Q,6,2015-02-13 00:00:00
IL,MOUNDS POLICE DEPT,2320-01-107-7155,"TRUCK,UTILITY",1,Each,41061,Q,6,2015-02-13 00:00:00
IL,MOUNDS POLICE DEPT,6650-00-530-0960,"TELESCOPE,STRAIGHT",2,Each,442,D,1,2014-11-25 00:00:00
IL,MOUNDS POLICE DEPT,2330-00-233-2493,"SEMITRAILER,VAN",1,Each,12942,Q,6,2014-05-01 00:00:00
IL,MOUNDS POLICE DEPT,1005-01-128-9936,"RIFLE,5.56 MILLIMETER",1,Each,749,D,1,2014-09-29 00:00:00
IL,MOUNDS POLICE DEPT,1005-01-128-9936,"RIFLE,5.56 MILLIMETER",1,Each,749,D,1,2014-09-29 00:00:00
IL,MOUNDS POLICE DEPT,1005-00-726-5655,"PISTOL,CALIBER .45,AUTOMATIC",1,Each,58.71,D,1,2010-05-05 00:00:00
IL,MOUNDS POLICE DEPT,1005-00-726-5655,"PISTOL,CALIBER .45,AUTOMATIC",1,Each,58.71,D,1,2010-05-05 00:00:00
IL,MOUNDS POLICE DEPT,1005-00-726-5655,"PISTOL,CALIBER .45,AUTOMATIC",1,Each,58.71,D,1,2010-05-05 00:00:00
IL,MOUNDS POLICE DEPT,1005-00-726-5655,"PISTOL,CALIBER .45,AUTOMATIC",1,Each,58.71,D,1,2010-05-05 00:00:00
IL,MOUNDS POLICE DEPT,1005-00-726-5655,"PISTOL,CALIBER .45,AUTOMATIC",1,Each,58.71,D,1,2010-05-05 00:00:00
IL,MOUNDS POLICE DEPT,1005-00-726-5655,"PISTOL,CALIBER .45,AUTOMATIC",1,Each,58.71,D,1,2010-05-05 00:00:00
IL,MOUNDS POLICE DEPT,1005-00-726-5655,"PISTOL,CALIBER .45,AUTOMATIC",1,Each,58.71,D,1,2010-05-05 00:00:00
IL,MOUNDS POLICE DEPT,1005-01-128-9936,"RIFLE,5.56 MILLIMETER",1,Each,749,D,1,2014-09-29 00:00:00
IL,MOUNT ZION POLICE DEPT,1005-00-589-1271,"RIFLE,7.62 MILLIMETER",1,Each,138,D,1,1993-10-18 00:00:00
IL,MOUNT ZION POLICE DEPT,1005-00-856-6885,"RIFLE,5.56 MILLIMETER",1,Each,120,D,1,2010-09-22 00:00:00
IL,MOUNT ZION POLICE DEPT,1005-00-589-1271,"RIFLE,7.62 MILLIMETER",1,Each,138,D,1,1993-10-18 00:00:00
IL,MOUNT ZION POLICE DEPT,1005-00-856-6885,"RIFLE,5.56 MILLIMETER",1,Each,120,D,1,2010-09-22 00:00:00
IL,MT OLIVE POLICE DEPT,1005-00-073-9421,"RIFLE,5.56 MILLIMETER",1,Each,499,D,1,2012-01-09 00:00:00
IL,MT OLIVE POLICE DEPT,2320-01-107-7156,"TRUCK,UTILITY",1,Each,43376,Q,6,2012-12-18 00:00:00
IL,MURPHYSBORO POLICE DEPT,1005-00-921-5483,"SHOTGUN,12 GAGE,RIOT TYPE",1,Each,108,D,1,2005-08-24 00:00:00
IL,MURPHYSBORO POLICE DEPT,1005-00-921-5483,"SHOTGUN,12 GAGE,RIOT TYPE",1,Each,108,D,1,2005-08-24 00:00:00
IL,MURPHYSBORO POLICE DEPT,1005-00-073-9421,"RIFLE,5.56 MILLIMETER",1,Each,499,D,1,2006-07-20 00:00:00
IL,MURPHYSBORO POLICE DEPT,1005-00-073-9421,"RIFLE,5.56 MILLIMETER",1,Each,499,D,1,2006-07-20 00:00:00
IL,MURPHYSBORO POLICE DEPT,1005-00-073-9421,"RIFLE,5.56 MILLIMETER",1,Each,499,D,1,2006-07-20 00:00:00
IL,MURPHYSBORO POLICE DEPT,8465-01-556-1518,LEG IRONS,20,Each,0,Q,6,2015-11-12 00:00:00
IL,MURPHYSBORO POLICE DEPT,1240-01-411-1265,"SIGHT,REFLEX",6,Each,315,D,1,2015-12-16 00:00:00
IL,MURPHYSBORO POLICE DEPT,1005-01-081-4166,HANDGUARD          ,2,Each,66.31,B,3,2015-12-21 00:00:00
IL,MURPHYSBORO POLICE DEPT,1005-01-233-8529,BARREL AND FRONT SIGHT ASSEMBLY,16,Each,115,D,1,2015-12-16 00:00:00
IL,MURPHYSBORO POLICE DEPT,1005-00-914-4572,HANDGUARD ASSEMBLY ,14,Each,23.21,B,3,2015-12-21 00:00:00
IL,MURPHYSBORO POLICE DEPT,1005-01-561-7200,"MAGAZINE,CARTRIDGE",32,Each,12.3,D,1,2015-12-16 00:00:00
IL,MURPHYSBORO POLICE DEPT,1240-01-411-1265,"SIGHT,REFLEX",6,Each,315,D,1,2015-12-16 00:00:00
IL,MURRAYVILLE POLICE DEPT,5855-00-629-5334,NIGHT VISION SIGHT INDIVIDUAL SERVED WEAPONS,1,Each,5650,F,1,2013-04-01 00:00:00
IL,MURRAYVILLE POLICE DEPT,1005-00-726-5655,"PISTOL,CALIBER .45,AUTOMATIC",1,Each,58.71,D,1,2012-03-13 00:00:00
IL,MURRAYVILLE POLICE DEPT,1005-00-073-9421,"RIFLE,5.56 MILLIMETER",1,Each,499,D,1,2012-03-12 00:00:00
IL,MURRAYVILLE POLICE DEPT,1005-00-589-1271,"RIFLE,7.62 MILLIMETER",1,Each,138,D,1,2012-03-12 00:00:00
IL,MURRAYVILLE POLICE DEPT,5855-00-629-5334,NIGHT VISION SIGHT INDIVIDUAL SERVED WEAPONS,1,Each,5650,F,1,2013-03-19 00:00:00
IL,MURRAYVILLE POLICE DEPT,1005-01-033-9410,"BOLT,BREECH",1,Each,527.81,D,1,2013-04-01 00:00:00
IL,NAPERVILLE POLICE DEPT,5860-01-491-9639,INTEGRATED LASER LIGHT MODULE,12,Each,1652.86,D,1,2014-06-13 00:00:00
IL,NAPERVILLE POLICE DEPT,6665-01-531-5570,EXPLOSIVE DETECTOR ,2,Each,19000,D,1,2014-06-04 00:00:00
IL,NAPERVILLE POLICE DEPT,6665-01-515-1748,"DETECTOR,GAS",2,Each,1842.23,B,3,2014-06-12 00:00:00
IL,NAPERVILLE POLICE DEPT,5855-01-485-4223,"ILLUMINATOR,INFRARED",2,Each,2442.16,D,1,2014-06-13 00:00:00
IL,NAPERVILLE POLICE DEPT,1240-01-540-3690,"SIGHT,REFLEX",18,Each,365,D,1,2014-06-25 00:00:00
IL,NAPERVILLE POLICE DEPT,5965-01-439-0747,"LOUDSPEAKER,TAC,MPK",1,Each,10237,F,,2014-06-02 00:00:00
IL,NAPERVILLE POLICE DEPT,1240-01-587-1372,"MAGNIFIER,WEAPON SIGHT",1,Each,450,D,1,2014-06-16 00:00:00
IL,NAPERVILLE POLICE DEPT,1095-01-526-7860,"FIRING DEVICE,NON-LETHAL",4,Each,1093,D,1,2015-03-24 00:00:00
IL,NAPERVILLE POLICE DEPT,6665-01-226-5589,"PAPER,CHEMICAL AGENT DETECTOR",25,Roll,8.42,D,1,2014-05-29 00:00:00
IL,NAUVOO POLICE DEPT,1005-00-726-5655,"PISTOL,CALIBER .45,AUTOMATIC",1,Each,58.71,D,1,2006-05-01 00:00:00
IL,NAUVOO POLICE DEPT,1005-00-726-5655,"PISTOL,CALIBER .45,AUTOMATIC",1,Each,58.71,D,1,2006-05-01 00:00:00
IL,NAUVOO POLICE DEPT,1005-00-589-1271,"RIFLE,7.62 MILLIMETER",1,Each,138,D,1,2006-05-01 00:00:00
IL,NAUVOO POLICE DEPT,1005-00-073-9421,"RIFLE,5.56 MILLIMETER",1,Each,499,D,1,2006-04-28 00:00:00
IL,NAUVOO POLICE DEPT,1005-00-726-5655,"PISTOL,CALIBER .45,AUTOMATIC",1,Each,58.71,D,1,2006-05-01 00:00:00
IL,NEW ATHENS POLICE DEPT,1005-00-856-6885,"RIFLE,5.56 MILLIMETER",1,Each,120,D,1,2011-03-15 00:00:00
IL,NEW ATHENS POLICE DEPT,1005-00-726-5655,"PISTOL,CALIBER .45,AUTOMATIC",1,Each,58.71,D,1,2010-02-24 00:00:00
IL,NEW ATHENS POLICE DEPT,1005-00-726-5655,"PISTOL,CALIBER .45,AUTOMATIC",1,Each,58.71,D,1,2010-02-24 00:00:00
IL,NEW ATHENS POLICE DEPT,1005-00-726-5655,"PISTOL,CALIBER .45,AUTOMATIC",1,Each,58.71,D,1,2010-02-24 00:00:00
IL,NEW ATHENS POLICE DEPT,1005-00-856-6885,"RIFLE,5.56 MILLIMETER",1,Each,120,D,1,2011-03-15 00:00:00
IL,NEW ATHENS POLICE DEPT,1005-00-589-1271,"RIFLE,7.62 MILLIMETER",1,Each,138,D,1,2003-01-13 00:00:00
IL,NEW ATHENS POLICE DEPT,1005-00-073-9421,"RIFLE,5.56 MILLIMETER",1,Each,499,D,1,2008-07-29 00:00:00
IL,NEW ATHENS POLICE DEPT,1005-00-589-1271,"RIFLE,7.62 MILLIMETER",1,Each,138,D,1,2011-03-15 00:00:00
IL,NEW ATHENS POLICE DEPT,1005-00-073-9421,"RIFLE,5.56 MILLIMETER",1,Each,499,D,1,2008-07-29 00:00:00
IL,NEW ATHENS POLICE DEPT,1005-00-726-5655,"PISTOL,CALIBER .45,AUTOMATIC",1,Each,58.71,D,1,2010-02-24 00:00:00
IL,NEW BADEN POLICE DEPT,5855-01-410-8979,"SIGHT,NIGHT VISION SNIPERSCOPE",1,Each,9546,F,7,2013-12-26 00:00:00
IL,NEW BADEN POLICE DEPT,5855-01-410-8979,"SIGHT,NIGHT VISION SNIPERSCOPE",1,Each,9546,F,7,2013-12-26 00:00:00
IL,NEW BADEN POLICE DEPT,5855-01-410-8979,"SIGHT,NIGHT VISION SNIPERSCOPE",1,Each,9546,F,7,2013-12-26 00:00:00
IL,NEW BADEN POLICE DEPT,1240-01-411-1265,"SIGHT,REFLEX",13,Each,315,D,1,2013-12-19 00:00:00
IL,NEW BADEN POLICE DEPT,8470-01-092-7525,"HELMET,GROUND TROOPS-PARACHUTISTS",6,Each,153.35,D,1,2013-12-27 00:00:00
IL,NEW BADEN POLICE DEPT,1005-00-726-5655,"PISTOL,CALIBER .45,AUTOMATIC",1,Each,58.71,D,1,2007-06-21 00:00:00
IL,NEW BADEN POLICE DEPT,1005-00-726-5655,"PISTOL,CALIBER .45,AUTOMATIC",1,Each,58.71,D,1,2007-06-21 00:00:00
IL,NEW BADEN POLICE DEPT,1005-00-726-5655,"PISTOL,CALIBER .45,AUTOMATIC",1,Each,58.71,D,1,2007-06-21 00:00:00
IL,NEW BADEN POLICE DEPT,1005-00-726-5655,"PISTOL,CALIBER .45,AUTOMATIC",1,Each,58.71,D,1,2007-06-21 00:00:00
IL,NEW BADEN POLICE DEPT,1005-00-726-5655,"PISTOL,CALIBER .45,AUTOMATIC",1,Each,58.71,D,1,2007-06-21 00:00:00
IL,NEW BADEN POLICE DEPT,1005-01-128-9936,"RIFLE,5.56 MILLIMETER",1,Each,749,D,1,2014-09-29 00:00:00
IL,NEW BADEN POLICE DEPT,1005-01-128-9936,"RIFLE,5.56 MILLIMETER",1,Each,749,D,1,2014-09-29 00:00:00
IL,NEW BADEN POLICE DEPT,1005-01-128-9936,"RIFLE,5.56 MILLIMETER",1,Each,749,D,1,2014-09-29 00:00:00
IL,NEW BADEN POLICE DEPT,1005-01-128-9936,"RIFLE,5.56 MILLIMETER",1,Each,749,D,1,2014-09-29 00:00:00
IL,NEW BADEN POLICE DEPT,1005-01-128-9936,"RIFLE,5.56 MILLIMETER",1,Each,749,D,1,2014-09-29 00:00:00
IL,NEW BERLIN POLICE DEPT,5855-01-228-0936,NIGHT VISION GOGGLE,1,Each,4300,F,1,2012-02-22 00:00:00
IL,NEW BERLIN POLICE DEPT,1240-01-587-1372,"MAGNIFIER,WEAPON SIGHT",1,Each,450,D,1,2011-08-06 00:00:00
IL,NEW BERLIN POLICE DEPT,5855-01-017-7366,NIGHT VISION SIGHT ASSEMBLY,1,Each,3207,F,1,2012-02-22 00:00:00
IL,NEW BERLIN POLICE DEPT,5855-01-228-0936,NIGHT VISION GOGGLE,1,Each,4300,F,1,2012-02-22 00:00:00
IL,NEW BERLIN POLICE DEPT,5855-01-017-7366,NIGHT VISION SIGHT ASSEMBLY,1,Each,3207,F,1,2012-02-22 00:00:00
IL,NEW BERLIN POLICE DEPT,5855-01-228-0937,NIGHT VISION GOGGLE,1,Each,3578,F,1,2012-02-22 00:00:00
IL,NEW BERLIN POLICE DEPT,1005-00-726-5655,"PISTOL,CALIBER .45,AUTOMATIC",1,Each,58.71,D,1,2010-08-16 00:00:00
IL,NEW BERLIN POLICE DEPT,1005-00-726-5655,"PISTOL,CALIBER .45,AUTOMATIC",1,Each,58.71,D,1,2010-08-16 00:00:00
IL,NEW BERLIN POLICE DEPT,1005-00-589-1271,"RIFLE,7.62 MILLIMETER",1,Each,138,D,1,2010-08-18 00:00:00
IL,NEW BERLIN POLICE DEPT,2320-01-107-7153,"TRUCK,UTILITY",1,Each,63894,C,1,2012-01-13 00:00:00
IL,NEW BERLIN POLICE DEPT,5855-01-228-0937,NIGHT VISION GOGGLE,1,Each,3578,F,1,2012-02-22 00:00:00
IL,NEW BERLIN POLICE DEPT,1240-01-411-1265,"SIGHT,REFLEX",4,Each,315,D,1,2012-03-09 00:00:00
IL,NEW BERLIN POLICE DEPT,5855-01-228-0937,NIGHT VISION GOGGLE,1,Each,3578,F,1,2012-02-22 00:00:00
IL,NEW BERLIN POLICE DEPT,1005-00-856-6885,"RIFLE,5.56 MILLIMETER",1,Each,120,D,1,2010-08-19 00:00:00
IL,NEW BERLIN POLICE DEPT,1005-00-726-5655,"PISTOL,CALIBER .45,AUTOMATIC",1,Each,58.71,D,1,2010-08-16 00:00:00
IL,NEW BERLIN POLICE DEPT,1005-00-726-5655,"PISTOL,CALIBER .45,AUTOMATIC",1,Each,58.71,D,1,2010-08-16 00:00:00
IL,NEW BERLIN POLICE DEPT,1005-00-726-5655,"PISTOL,CALIBER .45,AUTOMATIC",1,Each,58.71,D,1,2010-08-16 00:00:00
IL,NEW BERLIN POLICE DEPT,5855-01-228-0937,NIGHT VISION GOGGLE,1,Each,3578,F,1,2012-02-22 00:00:00
IL,NEW LENOX POLICE DEPT,1005-00-073-9421,"RIFLE,5.56 MILLIMETER",1,Each,499,D,1,2006-09-05 00:00:00
IL,NEW LENOX POLICE DEPT,1005-00-073-9421,"RIFLE,5.56 MILLIMETER",1,Each,499,D,1,2006-09-05 00:00:00
IL,NEW LENOX POLICE DEPT,1005-00-073-9421,"RIFLE,5.56 MILLIMETER",1,Each,499,D,1,2006-09-05 00:00:00
IL,NEW LENOX POLICE DEPT,1005-00-073-9421,"RIFLE,5.56 MILLIMETER",1,Each,499,D,1,2006-09-05 00:00:00
IL,NEW LENOX POLICE DEPT,1005-00-073-9421,"RIFLE,5.56 MILLIMETER",1,Each,499,D,1,2006-09-05 00:00:00
IL,NEW LENOX POLICE DEPT,1005-00-073-9421,"RIFLE,5.56 MILLIMETER",1,Each,499,D,1,2006-09-05 00:00:00
IL,NILES POLICE DEPARTMENT,1240-01-411-1265,"SIGHT,REFLEX",1,Each,315,D,1,2013-09-24 00:00:00
IL,NILES POLICE DEPARTMENT,1240-01-411-1265,"SIGHT,REFLEX",1,Each,315,D,1,2013-09-24 00:00:00
IL,NILES POLICE DEPARTMENT,1240-01-411-1265,"SIGHT,REFLEX",1,Each,315,D,1,2013-09-24 00:00:00
IL,NILES POLICE DEPARTMENT,1240-01-411-1265,"SIGHT,REFLEX",1,Each,315,D,1,2013-09-24 00:00:00
IL,NILES POLICE DEPARTMENT,1240-01-411-1265,"SIGHT,REFLEX",1,Each,315,D,1,2013-09-24 00:00:00
IL,NILES POLICE DEPARTMENT,1240-01-411-1265,"SIGHT,REFLEX",1,Each,315,D,1,2013-09-24 00:00:00
IL,NILES POLICE DEPARTMENT,1240-01-411-1265,"SIGHT,REFLEX",1,Each,315,D,1,2013-09-24 00:00:00
IL,NILES POLICE DEPARTMENT,1240-01-411-1265,"SIGHT,REFLEX",1,Each,315,D,1,2013-09-24 00:00:00
IL,NILES POLICE DEPARTMENT,1240-01-411-1265,"SIGHT,REFLEX",1,Each,315,D,1,2013-09-24 00:00:00
IL,NILES POLICE DEPARTMENT,1240-01-411-1265,"SIGHT,REFLEX",1,Each,315,D,1,2013-09-24 00:00:00
IL,NILES POLICE DEPARTMENT,1240-01-411-1265,"SIGHT,REFLEX",1,Each,315,D,1,2013-09-24 00:00:00
IL,NILES POLICE DEPARTMENT,1240-01-411-1265,"SIGHT,REFLEX",1,Each,315,D,1,2013-09-24 00:00:00
IL,NILES POLICE DEPARTMENT,1240-01-411-1265,"SIGHT,REFLEX",1,Each,315,D,1,2013-09-24 00:00:00
IL,NILES POLICE DEPARTMENT,7910-DS-FLR-VACU,"FLOOR POLISHERS, VACUUM CLEANING EQUIP",1,Each,1801,A,,2017-10-05 00:00:00
IL,NILES POLICE DEPARTMENT,8465-DS-CAS-ECAR,INDIVIDUAL CASE,30,Each,11,A,,2017-10-05 00:00:00
IL,NILES POLICE DEPARTMENT,2340-DS-CAR-T000,"CART, MOTORIZED",1,Each,13344,A,,2017-10-05 00:00:00
IL,NILES POLICE DEPARTMENT,6720-01-568-1287,"CAMERA SYSTEM,RECONNAISSANCE",1,Kit,5147.45,C,1,2014-06-30 00:00:00
IL,NILES POLICE DEPARTMENT,6115-01-471-1508,"GENERATOR SET,DIESEL ENGINE,TRAILER MOUNTED",1,Each,44185,A,7,2017-11-01 00:00:00
IL,NILES POLICE DEPARTMENT,7110-DS-CHA-IR02,"CHAIR, OFFICE",6,Each,125,A,,2017-10-05 00:00:00
IL,NILES POLICE DEPARTMENT,6115-01-470-6376,"GENERATOR SET,DIESEL ENGINE,TRAILER MOUNTED",2,Each,38418,A,7,2017-11-01 00:00:00
IL,NILES POLICE DEPARTMENT,3825-00-579-8780,"SWEEPER,BATTERY POWERED",1,Each,8113.88,A,1,2017-01-17 00:00:00
IL,NILES POLICE DEPARTMENT,1005-00-073-9421,"RIFLE,5.56 MILLIMETER",1,Each,499,D,1,2003-06-11 00:00:00
IL,NILES POLICE DEPARTMENT,1005-00-073-9421,"RIFLE,5.56 MILLIMETER",1,Each,499,D,1,2003-06-11 00:00:00
IL,NILES POLICE DEPARTMENT,1005-00-073-9421,"RIFLE,5.56 MILLIMETER",1,Each,499,D,1,2003-06-11 00:00:00
IL,NILES POLICE DEPARTMENT,1005-00-073-9421,"RIFLE,5.56 MILLIMETER",1,Each,499,D,1,2003-06-11 00:00:00
IL,NILES POLICE DEPARTMENT,1240-01-540-3690,"SIGHT,REFLEX",1,Each,365,D,1,2013-09-24 00:00:00
IL,NILES POLICE DEPARTMENT,1240-01-540-3690,"SIGHT,REFLEX",1,Each,365,D,1,2013-09-24 00:00:00
IL,NILES POLICE DEPARTMENT,1240-01-540-3690,"SIGHT,REFLEX",1,Each,365,D,1,2013-09-24 00:00:00
IL,NILES POLICE DEPARTMENT,1240-01-540-3690,"SIGHT,REFLEX",1,Each,365,D,1,2013-09-24 00:00:00
IL,NILES POLICE DEPARTMENT,1240-01-540-3690,"SIGHT,REFLEX",1,Each,365,D,1,2013-09-24 00:00:00
IL,NILES POLICE DEPARTMENT,1240-01-540-3690,"SIGHT,REFLEX",1,Each,365,D,1,2013-09-24 00:00:00
IL,NILES POLICE DEPARTMENT,1240-01-540-3690,"SIGHT,REFLEX",1,Each,365,D,1,2013-09-24 00:00:00
IL,NILES POLICE DEPARTMENT,1240-01-540-3690,"SIGHT,REFLEX",1,Each,365,D,1,2013-09-24 00:00:00
IL,NILES POLICE DEPARTMENT,1240-01-540-3690,"SIGHT,REFLEX",1,Each,365,D,1,2013-09-24 00:00:00
IL,NILES POLICE DEPARTMENT,1240-01-540-3690,"SIGHT,REFLEX",1,Each,365,D,1,2013-09-24 00:00:00
IL,NILES POLICE DEPARTMENT,1240-01-540-3690,"SIGHT,REFLEX",1,Each,365,D,1,2013-09-24 00:00:00
IL,NILES POLICE DEPARTMENT,1240-01-540-3690,"SIGHT,REFLEX",1,Each,365,D,1,2013-09-24 00:00:00
IL,NILES POLICE DEPARTMENT,1240-01-540-3690,"SIGHT,REFLEX",1,Each,365,D,1,2013-09-24 00:00:00
IL,NILES POLICE DEPARTMENT,1240-01-540-3690,"SIGHT,REFLEX",1,Each,365,D,1,2013-09-24 00:00:00
IL,NILES POLICE DEPARTMENT,1240-01-540-3690,"SIGHT,REFLEX",1,Each,365,D,1,2013-09-24 00:00:00
IL,NILES POLICE DEPARTMENT,1240-01-540-3690,"SIGHT,REFLEX",1,Each,365,D,1,2013-09-24 00:00:00
IL,NILES POLICE DEPARTMENT,1240-01-540-3690,"SIGHT,REFLEX",1,Each,365,D,1,2013-09-24 00:00:00
IL,NILES POLICE DEPARTMENT,1240-01-540-3690,"SIGHT,REFLEX",1,Each,365,D,1,2013-09-24 00:00:00
IL,NILES POLICE DEPARTMENT,1240-01-540-3690,"SIGHT,REFLEX",1,Each,365,D,1,2013-09-24 00:00:00
IL,NILES POLICE DEPARTMENT,1240-01-540-3690,"SIGHT,REFLEX",1,Each,365,D,1,2013-09-24 00:00:00
IL,NILES POLICE DEPARTMENT,1240-01-540-3690,"SIGHT,REFLEX",1,Each,365,D,1,2013-09-24 00:00:00
IL,NILES POLICE DEPARTMENT,1240-01-540-3690,"SIGHT,REFLEX",1,Each,365,D,1,2013-09-24 00:00:00
IL,NILES POLICE DEPARTMENT,1240-01-540-3690,"SIGHT,REFLEX",1,Each,365,D,1,2013-09-24 00:00:00
IL,NILES POLICE DEPARTMENT,1240-01-540-3690,"SIGHT,REFLEX",1,Each,365,D,1,2013-09-24 00:00:00
IL,NILES POLICE DEPARTMENT,1240-01-540-3690,"SIGHT,REFLEX",1,Each,365,D,1,2013-09-24 00:00:00
IL,NILES POLICE DEPARTMENT,1240-01-540-3690,"SIGHT,REFLEX",1,Each,365,D,1,2013-09-24 00:00:00
IL,NILES POLICE DEPARTMENT,1240-01-540-3690,"SIGHT,REFLEX",1,Each,365,D,1,2013-09-24 00:00:00
IL,NILES POLICE DEPARTMENT,1240-01-411-1265,"SIGHT,REFLEX",1,Each,315,D,1,2013-09-24 00:00:00
IL,NILES POLICE DEPARTMENT,1240-01-411-1265,"SIGHT,REFLEX",1,Each,315,D,1,2013-09-24 00:00:00
IL,NILES POLICE DEPARTMENT,1240-01-411-1265,"SIGHT,REFLEX",1,Each,315,D,1,2013-09-24 00:00:00
IL,NILES POLICE DEPARTMENT,1240-01-411-1265,"SIGHT,REFLEX",1,Each,315,D,1,2013-09-24 00:00:00
IL,NILES POLICE DEPARTMENT,1240-01-411-1265,"SIGHT,REFLEX",1,Each,315,D,1,2013-09-24 00:00:00
IL,NILES POLICE DEPARTMENT,1240-01-411-1265,"SIGHT,REFLEX",1,Each,315,D,1,2013-09-24 00:00:00
IL,NILES POLICE DEPARTMENT,1240-01-411-1265,"SIGHT,REFLEX",1,Each,315,D,1,2013-09-24 00:00:00
IL,NILES POLICE DEPARTMENT,8140-00-960-1699,"CHEST,AMMUNITION",20,Each,11.1,A,1,2017-01-17 00:00:00
IL,NILES POLICE DEPARTMENT,7910-DS-FLR-VACU,"FLOOR POLISHERS, VACUUM CLEANING EQUIP",1,Each,1801,A,,2016-12-01 00:00:00
IL,NILES POLICE DEPARTMENT,6720-01-568-1287,"CAMERA SYSTEM,RECONNAISSANCE",1,Kit,5147.45,C,1,2014-06-30 00:00:00
IL,NILES POLICE DEPARTMENT,1240-01-411-1265,"SIGHT,REFLEX",1,Each,315,D,1,2013-09-24 00:00:00
IL,NILES POLICE DEPARTMENT,1240-01-411-1265,"SIGHT,REFLEX",1,Each,315,D,1,2013-09-24 00:00:00
IL,NILES POLICE DEPARTMENT,1240-01-540-3690,"SIGHT,REFLEX",1,Each,365,D,1,2013-09-24 00:00:00
IL,NILES POLICE DEPARTMENT,1240-01-540-3690,"SIGHT,REFLEX",1,Each,365,D,1,2013-09-24 00:00:00
IL,NILES POLICE DEPARTMENT,1240-01-540-3690,"SIGHT,REFLEX",1,Each,365,D,1,2013-09-24 00:00:00
IL,NILES POLICE DEPARTMENT,1240-01-540-3690,"SIGHT,REFLEX",1,Each,365,D,1,2013-09-24 00:00:00
IL,NILES POLICE DEPARTMENT,1240-01-540-3690,"SIGHT,REFLEX",1,Each,365,D,1,2013-09-24 00:00:00
IL,NILES POLICE DEPARTMENT,1240-01-540-3690,"SIGHT,REFLEX",1,Each,365,D,1,2013-09-24 00:00:00
IL,NILES POLICE DEPARTMENT,1240-01-540-3690,"SIGHT,REFLEX",1,Each,365,D,1,2013-09-24 00:00:00
IL,NILES POLICE DEPARTMENT,1240-01-540-3690,"SIGHT,REFLEX",1,Each,365,D,1,2013-09-24 00:00:00
IL,NILES POLICE DEPARTMENT,1240-01-540-3690,"SIGHT,REFLEX",1,Each,365,D,1,2013-09-24 00:00:00
IL,NILES POLICE DEPARTMENT,1240-01-540-3690,"SIGHT,REFLEX",1,Each,365,D,1,2013-09-24 00:00:00
IL,NILES POLICE DEPARTMENT,1240-01-411-1265,"SIGHT,REFLEX",1,Each,315,D,1,2013-09-24 00:00:00
IL,NILES POLICE DEPARTMENT,1240-01-411-1265,"SIGHT,REFLEX",1,Each,315,D,1,2013-09-24 00:00:00
IL,NILES POLICE DEPARTMENT,1240-01-411-1265,"SIGHT,REFLEX",1,Each,315,D,1,2013-09-24 00:00:00
IL,NILES POLICE DEPARTMENT,1240-01-411-1265,"SIGHT,REFLEX",1,Each,315,D,1,2013-09-24 00:00:00
IL,NILES POLICE DEPARTMENT,1240-01-411-1265,"SIGHT,REFLEX",1,Each,315,D,1,2013-09-24 00:00:00
IL,NILES POLICE DEPARTMENT,1240-01-411-1265,"SIGHT,REFLEX",1,Each,315,D,1,2013-09-24 00:00:00
IL,NILES POLICE DEPARTMENT,1240-01-540-3690,"SIGHT,REFLEX",1,Each,365,D,1,2013-09-24 00:00:00
IL,NILES POLICE DEPARTMENT,1240-01-540-3690,"SIGHT,REFLEX",1,Each,365,D,1,2013-09-24 00:00:00
IL,NILES POLICE DEPARTMENT,1240-01-540-3690,"SIGHT,REFLEX",1,Each,365,D,1,2013-09-24 00:00:00
IL,NILES POLICE DEPARTMENT,1005-00-073-9421,"RIFLE,5.56 MILLIMETER",1,Each,499,D,1,2003-06-11 00:00:00
IL,NILES POLICE DEPARTMENT,1005-00-073-9421,"RIFLE,5.56 MILLIMETER",1,Each,499,D,1,2003-06-11 00:00:00
IL,NILES POLICE DEPARTMENT,1005-00-073-9421,"RIFLE,5.56 MILLIMETER",1,Each,499,D,1,2003-06-11 00:00:00
IL,NILES POLICE DEPARTMENT,1005-00-073-9421,"RIFLE,5.56 MILLIMETER",1,Each,499,D,1,2003-06-11 00:00:00
IL,NILES POLICE DEPARTMENT,1005-00-073-9421,"RIFLE,5.56 MILLIMETER",1,Each,499,D,1,2003-06-11 00:00:00
IL,NILES POLICE DEPARTMENT,1005-00-589-1271,"RIFLE,7.62 MILLIMETER",1,Each,138,D,1,2000-03-20 00:00:00
IL,NILES POLICE DEPARTMENT,1005-00-589-1271,"RIFLE,7.62 MILLIMETER",1,Each,138,D,1,2000-03-20 00:00:00
IL,NILES POLICE DEPARTMENT,1005-00-589-1271,"RIFLE,7.62 MILLIMETER",1,Each,138,D,1,2000-03-20 00:00:00
IL,NILES POLICE DEPARTMENT,1005-00-589-1271,"RIFLE,7.62 MILLIMETER",1,Each,138,D,1,2000-03-20 00:00:00
IL,NILES POLICE DEPARTMENT,1005-00-073-9421,"RIFLE,5.56 MILLIMETER",1,Each,499,D,1,2003-06-11 00:00:00
IL,NILES POLICE DEPARTMENT,1005-00-073-9421,"RIFLE,5.56 MILLIMETER",1,Each,499,D,1,2003-06-11 00:00:00
IL,NILES POLICE DEPARTMENT,1240-01-411-1265,"SIGHT,REFLEX",1,Each,315,D,1,2013-09-24 00:00:00
IL,NILES POLICE DEPARTMENT,1240-01-411-1265,"SIGHT,REFLEX",1,Each,315,D,1,2013-09-24 00:00:00
IL,NILES POLICE DEPARTMENT,1240-01-411-1265,"SIGHT,REFLEX",1,Each,315,D,1,2013-09-24 00:00:00
IL,NILES POLICE DEPARTMENT,1240-01-411-1265,"SIGHT,REFLEX",1,Each,315,D,1,2013-09-24 00:00:00
IL,NILES POLICE DEPARTMENT,1240-01-411-1265,"SIGHT,REFLEX",1,Each,315,D,1,2013-09-24 00:00:00
IL,NILES POLICE DEPARTMENT,1240-01-411-1265,"SIGHT,REFLEX",1,Each,315,D,1,2013-09-24 00:00:00
IL,NILES POLICE DEPARTMENT,1240-01-411-1265,"SIGHT,REFLEX",1,Each,315,D,1,2013-09-24 00:00:00
IL,NILES POLICE DEPARTMENT,1240-01-411-1265,"SIGHT,REFLEX",1,Each,315,D,1,2013-09-24 00:00:00
IL,NILES POLICE DEPARTMENT,1240-01-411-1265,"SIGHT,REFLEX",1,Each,315,D,1,2013-09-24 00:00:00
IL,NILES POLICE DEPARTMENT,1240-01-411-1265,"SIGHT,REFLEX",1,Each,315,D,1,2013-09-24 00:00:00
IL,NILES POLICE DEPARTMENT,1240-01-411-1265,"SIGHT,REFLEX",1,Each,315,D,1,2013-09-24 00:00:00
IL,NILES POLICE DEPARTMENT,1240-01-411-1265,"SIGHT,REFLEX",1,Each,315,D,1,2013-09-24 00:00:00
IL,NILES POLICE DEPARTMENT,1240-01-411-1265,"SIGHT,REFLEX",1,Each,315,D,1,2013-09-24 00:00:00
IL,NILES POLICE DEPARTMENT,1240-01-411-1265,"SIGHT,REFLEX",1,Each,315,D,1,2013-09-24 00:00:00
IL,NILES POLICE DEPARTMENT,1240-01-411-1265,"SIGHT,REFLEX",1,Each,315,D,1,2013-09-24 00:00:00
IL,NILES POLICE DEPARTMENT,1240-01-411-1265,"SIGHT,REFLEX",1,Each,315,D,1,2013-09-24 00:00:00
IL,NILES POLICE DEPARTMENT,1240-01-411-1265,"SIGHT,REFLEX",1,Each,315,D,1,2013-09-24 00:00:00
IL,NILES POLICE DEPARTMENT,1240-01-411-1265,"SIGHT,REFLEX",1,Each,315,D,1,2013-09-24 00:00:00
IL,NILES POLICE DEPARTMENT,1240-01-411-1265,"SIGHT,REFLEX",1,Each,315,D,1,2013-09-24 00:00:00
IL,NILES POLICE DEPARTMENT,1240-01-411-1265,"SIGHT,REFLEX",1,Each,315,D,1,2013-09-24 00:00:00
IL,NILES POLICE DEPARTMENT,1240-01-411-1265,"SIGHT,REFLEX",1,Each,315,D,1,2013-09-24 00:00:00
IL,NILES POLICE DEPARTMENT,1240-01-411-1265,"SIGHT,REFLEX",1,Each,315,D,1,2013-09-24 00:00:00
IL,NOKOMIS POLICE DEPARTMENT,1005-00-589-1271,"RIFLE,7.62 MILLIMETER",1,Each,138,D,1,1994-08-09 00:00:00
IL,NOKOMIS POLICE DEPARTMENT,1005-00-726-5655,"PISTOL,CALIBER .45,AUTOMATIC",1,Each,58.71,D,1,2006-03-31 00:00:00
IL,NOKOMIS POLICE DEPARTMENT,1005-00-726-5655,"PISTOL,CALIBER .45,AUTOMATIC",1,Each,58.71,D,1,2006-03-31 00:00:00
IL,NOKOMIS POLICE DEPARTMENT,1005-00-726-5655,"PISTOL,CALIBER .45,AUTOMATIC",1,Each,58.71,D,1,2006-03-31 00:00:00
IL,NOKOMIS POLICE DEPARTMENT,1005-00-589-1271,"RIFLE,7.62 MILLIMETER",1,Each,138,D,1,1994-08-09 00:00:00
IL,NOKOMIS POLICE DEPARTMENT,1005-00-073-9421,"RIFLE,5.56 MILLIMETER",1,Each,499,D,1,2006-03-31 00:00:00
IL,NOKOMIS POLICE DEPARTMENT,1005-00-589-1271,"RIFLE,7.62 MILLIMETER",1,Each,138,D,1,1994-08-09 00:00:00
IL,NOKOMIS POLICE DEPARTMENT,1005-00-589-1271,"RIFLE,7.62 MILLIMETER",1,Each,138,D,1,1994-08-09 00:00:00
IL,NOKOMIS POLICE DEPARTMENT,1005-00-726-5655,"PISTOL,CALIBER .45,AUTOMATIC",1,Each,58.71,D,1,2006-03-31 00:00:00
IL,NOKOMIS POLICE DEPARTMENT,1005-00-726-5655,"PISTOL,CALIBER .45,AUTOMATIC",1,Each,58.71,D,1,2006-03-31 00:00:00
IL,NORTH AURORA POLICE DEPT,5855-01-549-3144,"MASK,FACE,NIGHT VISION",12,Each,567,B,3,2013-09-06 00:00:00
IL,NORTH AURORA POLICE DEPT,2320-01-455-9593,"TRUCK,UTILITY",1,Each,60409,C,1,2013-10-10 00:00:00
IL,NORTH AURORA POLICE DEPT,2320-01-128-9552,"TRUCK,UTILITY",1,Each,49897,C,1,2014-08-28 00:00:00
IL,NORTH AURORA POLICE DEPT,2320-01-128-9552,"TRUCK,UTILITY",1,Each,49897,C,1,2014-08-28 00:00:00
IL,NORTH AURORA POLICE DEPT,2540-01-053-5146,"FORDING KIT,DEEP WA",1,Each,533.08,B,3,2013-10-25 00:00:00
IL,NORTH CHICAGO POLICE DEPT,1005-00-589-1271,"RIFLE,7.62 MILLIMETER",1,Each,138,D,1,1999-04-06 00:00:00
IL,NORTH CHICAGO POLICE DEPT,1005-00-589-1271,"RIFLE,7.62 MILLIMETER",1,Each,138,D,1,1999-04-06 00:00:00
IL,NORTH CHICAGO POLICE DEPT,1005-00-589-1271,"RIFLE,7.62 MILLIMETER",1,Each,138,D,1,1999-04-06 00:00:00
IL,NORTH CHICAGO POLICE DEPT,1005-00-589-1271,"RIFLE,7.62 MILLIMETER",1,Each,138,D,1,1999-04-06 00:00:00
IL,NORTH CHICAGO POLICE DEPT,1005-00-589-1271,"RIFLE,7.62 MILLIMETER",1,Each,138,D,1,2008-11-13 00:00:00
IL,NORTH CHICAGO POLICE DEPT,1005-00-589-1271,"RIFLE,7.62 MILLIMETER",1,Each,138,D,1,2008-11-13 00:00:00
IL,NORTH CHICAGO POLICE DEPT,1005-00-589-1271,"RIFLE,7.62 MILLIMETER",1,Each,138,D,1,2008-11-13 00:00:00
IL,NORTH PEKIN POLICE DEPT,1005-01-128-9936,"RIFLE,5.56 MILLIMETER",1,Each,749,D,1,2014-09-30 00:00:00
IL,NORTH PEKIN POLICE DEPT,1005-01-128-9936,"RIFLE,5.56 MILLIMETER",1,Each,749,D,1,2014-09-30 00:00:00
IL,NORTH PEKIN POLICE DEPT,1005-01-128-9936,"RIFLE,5.56 MILLIMETER",1,Each,749,D,1,2014-09-30 00:00:00
IL,NORTH PEKIN POLICE DEPT,1005-00-726-5655,"PISTOL,CALIBER .45,AUTOMATIC",1,Each,58.71,D,1,2008-10-28 00:00:00
IL,NORTH PEKIN POLICE DEPT,2320-01-107-7155,"TRUCK,UTILITY",1,Each,41061,Q,6,2012-08-22 00:00:00
IL,NORTH PEKIN POLICE DEPT,2320-01-380-8604,"TRUCK,UTILITY",1,Each,81226,C,1,2010-09-16 00:00:00
IL,NORTH PEKIN POLICE DEPT,1005-00-726-5655,"PISTOL,CALIBER .45,AUTOMATIC",1,Each,58.71,D,1,2008-10-28 00:00:00
IL,NORTH PEKIN POLICE DEPT,1005-00-726-5655,"PISTOL,CALIBER .45,AUTOMATIC",1,Each,58.71,D,1,2011-10-19 00:00:00
IL,NORTH PEKIN POLICE DEPT,1005-00-589-1271,"RIFLE,7.62 MILLIMETER",1,Each,138,D,1,2008-10-28 00:00:00
IL,NORTH PEKIN POLICE DEPT,1005-00-856-6885,"RIFLE,5.56 MILLIMETER",1,Each,120,D,1,2011-10-18 00:00:00
IL,NORTH PEKIN POLICE DEPT,1005-00-856-6885,"RIFLE,5.56 MILLIMETER",1,Each,120,D,1,2011-10-18 00:00:00
IL,NORTH PEKIN POLICE DEPT,1005-00-856-6885,"RIFLE,5.56 MILLIMETER",1,Each,120,D,1,2011-10-18 00:00:00
IL,NORTH PEKIN POLICE DEPT,1005-00-856-6885,"RIFLE,5.56 MILLIMETER",1,Each,120,D,1,2010-02-11 00:00:00
IL,NORTH PEKIN POLICE DEPT,1005-00-726-5655,"PISTOL,CALIBER .45,AUTOMATIC",1,Each,58.71,D,1,2011-10-19 00:00:00
IL,NORTH PEKIN POLICE DEPT,1005-00-726-5655,"PISTOL,CALIBER .45,AUTOMATIC",1,Each,58.71,D,1,2011-10-19 00:00:00
IL,NORTH PEKIN POLICE DEPT,1005-00-726-5655,"PISTOL,CALIBER .45,AUTOMATIC",1,Each,58.71,D,1,2011-10-19 00:00:00
IL,NORTH PEKIN POLICE DEPT,1005-00-726-5655,"PISTOL,CALIBER .45,AUTOMATIC",1,Each,58.71,D,1,2011-10-19 00:00:00
IL,NORTH PEKIN POLICE DEPT,1005-00-726-5655,"PISTOL,CALIBER .45,AUTOMATIC",1,Each,58.71,D,1,2011-10-19 00:00:00
IL,NORTH PEKIN POLICE DEPT,1005-00-726-5655,"PISTOL,CALIBER .45,AUTOMATIC",1,Each,58.71,D,1,2011-10-19 00:00:00
IL,NORTH PEKIN POLICE DEPT,1005-00-726-5655,"PISTOL,CALIBER .45,AUTOMATIC",1,Each,58.71,D,1,2011-10-19 00:00:00
IL,NORTH PEKIN POLICE DEPT,5855-01-485-4098,"GRIP,PISTOL,LASER  ",2,Each,288.64,D,1,2010-05-11 00:00:00
IL,NORTH PEKIN POLICE DEPT,1005-01-128-9936,"RIFLE,5.56 MILLIMETER",1,Each,749,D,1,2014-09-30 00:00:00
IL,NORTH PEKIN POLICE DEPT,1005-01-128-9936,"RIFLE,5.56 MILLIMETER",1,Each,749,D,1,2014-09-30 00:00:00
IL,NORTH PEKIN POLICE DEPT,1005-01-128-9936,"RIFLE,5.56 MILLIMETER",1,Each,749,D,1,2014-09-30 00:00:00
IL,OAK FOREST POLICE DEPT,1005-00-073-9421,"RIFLE,5.56 MILLIMETER",1,Each,499,D,1,2008-06-24 00:00:00
IL,OAK FOREST POLICE DEPT,1005-00-073-9421,"RIFLE,5.56 MILLIMETER",1,Each,499,D,1,2008-06-24 00:00:00
IL,OAK FOREST POLICE DEPT,1005-00-073-9421,"RIFLE,5.56 MILLIMETER",1,Each,499,D,1,2008-06-24 00:00:00
IL,OAK FOREST POLICE DEPT,1005-00-073-9421,"RIFLE,5.56 MILLIMETER",1,Each,499,D,1,2008-06-24 00:00:00
IL,OAK FOREST POLICE DEPT,1005-00-073-9421,"RIFLE,5.56 MILLIMETER",1,Each,499,D,1,2008-06-24 00:00:00
IL,OAK LAWN POLICE DEPARTMENT,1005-00-073-9421,"RIFLE,5.56 MILLIMETER",1,Each,499,D,1,2005-10-27 00:00:00
IL,OAK LAWN POLICE DEPARTMENT,1005-00-073-9421,"RIFLE,5.56 MILLIMETER",1,Each,499,D,1,2005-10-27 00:00:00
IL,OAK LAWN POLICE DEPARTMENT,1005-00-073-9421,"RIFLE,5.56 MILLIMETER",1,Each,499,D,1,2005-10-27 00:00:00
IL,OAK LAWN POLICE DEPARTMENT,1005-00-073-9421,"RIFLE,5.56 MILLIMETER",1,Each,499,D,1,2005-10-27 00:00:00
IL,OAK LAWN POLICE DEPARTMENT,1005-00-589-1271,"RIFLE,7.62 MILLIMETER",1,Each,138,D,1,1994-08-08 00:00:00
IL,OAK LAWN POLICE DEPARTMENT,1005-00-073-9421,"RIFLE,5.56 MILLIMETER",1,Each,499,D,1,2005-10-27 00:00:00
IL,OAK LAWN POLICE DEPARTMENT,1005-00-073-9421,"RIFLE,5.56 MILLIMETER",1,Each,499,D,1,2005-10-27 00:00:00
IL,OAK LAWN POLICE DEPARTMENT,1005-00-589-1271,"RIFLE,7.62 MILLIMETER",1,Each,138,D,1,1994-08-08 00:00:00
IL,OAK LAWN POLICE DEPARTMENT,1005-00-073-9421,"RIFLE,5.56 MILLIMETER",1,Each,499,D,1,2005-10-27 00:00:00
IL,OAK LAWN POLICE DEPARTMENT,1005-00-073-9421,"RIFLE,5.56 MILLIMETER",1,Each,499,D,1,2005-10-27 00:00:00
IL,OAK LAWN POLICE DEPARTMENT,1005-00-589-1271,"RIFLE,7.62 MILLIMETER",1,Each,138,D,1,2005-10-26 00:00:00
IL,OAK LAWN POLICE DEPARTMENT,1005-00-589-1271,"RIFLE,7.62 MILLIMETER",1,Each,138,D,1,2005-10-26 00:00:00
IL,OAK LAWN POLICE DEPARTMENT,1005-00-073-9421,"RIFLE,5.56 MILLIMETER",1,Each,499,D,1,2005-10-27 00:00:00
IL,OAK LAWN POLICE DEPARTMENT,1005-00-073-9421,"RIFLE,5.56 MILLIMETER",1,Each,499,D,1,2005-10-27 00:00:00
IL,OAK LAWN POLICE DEPARTMENT,1005-00-073-9421,"RIFLE,5.56 MILLIMETER",1,Each,499,D,1,2005-10-27 00:00:00
IL,OAK LAWN POLICE DEPARTMENT,1005-00-073-9421,"RIFLE,5.56 MILLIMETER",1,Each,499,D,1,2005-10-27 00:00:00
IL,OAK LAWN POLICE DEPARTMENT,1005-00-073-9421,"RIFLE,5.56 MILLIMETER",1,Each,499,D,1,2005-10-27 00:00:00
IL,OAK LAWN POLICE DEPARTMENT,1005-00-073-9421,"RIFLE,5.56 MILLIMETER",1,Each,499,D,1,2005-10-27 00:00:00
IL,OAK LAWN POLICE DEPARTMENT,1005-00-073-9421,"RIFLE,5.56 MILLIMETER",1,Each,499,D,1,2005-10-27 00:00:00
IL,OAK LAWN POLICE DEPARTMENT,1005-00-073-9421,"RIFLE,5.56 MILLIMETER",1,Each,499,D,1,2005-10-27 00:00:00
IL,OAK LAWN POLICE DEPARTMENT,1005-00-073-9421,"RIFLE,5.56 MILLIMETER",1,Each,499,D,1,2005-10-27 00:00:00
IL,OAK LAWN POLICE DEPARTMENT,1005-00-073-9421,"RIFLE,5.56 MILLIMETER",1,Each,499,D,1,2005-10-27 00:00:00
IL,OAK LAWN POLICE DEPARTMENT,1005-00-073-9421,"RIFLE,5.56 MILLIMETER",1,Each,499,D,1,2005-10-27 00:00:00
IL,OAK LAWN POLICE DEPARTMENT,1005-00-073-9421,"RIFLE,5.56 MILLIMETER",1,Each,499,D,1,2005-10-27 00:00:00
IL,OAKBROOK TERRACE POLICE DEPT,1005-00-073-9421,"RIFLE,5.56 MILLIMETER",1,Each,499,D,1,2005-06-27 00:00:00
IL,OAKBROOK TERRACE POLICE DEPT,1005-00-073-9421,"RIFLE,5.56 MILLIMETER",1,Each,499,D,1,2005-06-27 00:00:00
IL,OAKBROOK TERRACE POLICE DEPT,1005-00-073-9421,"RIFLE,5.56 MILLIMETER",1,Each,499,D,1,2005-06-27 00:00:00
IL,OAKBROOK TERRACE POLICE DEPT,1005-00-073-9421,"RIFLE,5.56 MILLIMETER",1,Each,499,D,1,2005-06-27 00:00:00
IL,OAKBROOK TERRACE POLICE DEPT,1005-00-073-9421,"RIFLE,5.56 MILLIMETER",1,Each,499,D,1,2005-06-27 00:00:00
IL,OAKBROOK TERRACE POLICE DEPT,1005-00-073-9421,"RIFLE,5.56 MILLIMETER",1,Each,499,D,1,2005-06-27 00:00:00
IL,OAKBROOK TERRACE POLICE DEPT,1005-00-073-9421,"RIFLE,5.56 MILLIMETER",1,Each,499,D,1,2005-06-27 00:00:00
IL,OAKBROOK TERRACE POLICE DEPT,1005-00-073-9421,"RIFLE,5.56 MILLIMETER",1,Each,499,D,1,2005-06-27 00:00:00
IL,OAKWOOD HILLS POLICE DEPT,2320-01-107-7155,"TRUCK,UTILITY",1,Each,41061,Q,6,2012-03-13 00:00:00
IL,OAKWOOD HILLS POLICE DEPT,2320-01-107-7155,"TRUCK,UTILITY",1,Each,41061,Q,6,2012-03-22 00:00:00
IL,OBLONG POLICE DEPT,1005-01-128-9936,"RIFLE,5.56 MILLIMETER",1,Each,749,D,1,2014-10-20 00:00:00
IL,OBLONG POLICE DEPT,1005-00-589-1271,"RIFLE,7.62 MILLIMETER",1,Each,138,D,1,2003-01-28 00:00:00
IL,OBLONG POLICE DEPT,1005-01-128-9936,"RIFLE,5.56 MILLIMETER",1,Each,749,D,1,2014-10-20 00:00:00
IL,ODIN POLICE DEPT,2320-01-371-9584,"TRUCK,UTILITY",1,Each,62627,C,1,2014-03-31 00:00:00
IL,ODIN POLICE DEPT,2320-01-371-9584,"TRUCK,UTILITY",1,Each,62627,C,1,2014-09-05 00:00:00
IL,ODIN POLICE DEPT,1005-00-589-1271,"RIFLE,7.62 MILLIMETER",1,Each,138,D,1,2001-08-16 00:00:00
IL,ODIN POLICE DEPT,1005-00-589-1271,"RIFLE,7.62 MILLIMETER",1,Each,138,D,1,2003-04-25 00:00:00
IL,ODIN POLICE DEPT,1005-00-073-9421,"RIFLE,5.56 MILLIMETER",1,Each,499,D,1,2005-10-27 00:00:00
IL,ODIN POLICE DEPT,1005-00-589-1271,"RIFLE,7.62 MILLIMETER",1,Each,138,D,1,2001-08-16 00:00:00
IL,ODIN POLICE DEPT,5855-00-087-3144,NIGHT VISION SIGHT ,1,Each,3489,F,1,2010-03-24 00:00:00
IL,OFALLON POLICE DEPARTMENT,1005-01-128-9936,"RIFLE,5.56 MILLIMETER",1,Each,749,D,1,2014-10-20 00:00:00
IL,OFALLON POLICE DEPARTMENT,1005-01-128-9936,"RIFLE,5.56 MILLIMETER",1,Each,749,D,1,2014-10-20 00:00:00
IL,OFALLON POLICE DEPARTMENT,1005-01-128-9936,"RIFLE,5.56 MILLIMETER",1,Each,749,D,1,2014-10-20 00:00:00
IL,OFALLON POLICE DEPARTMENT,1005-01-128-9936,"RIFLE,5.56 MILLIMETER",1,Each,749,D,1,2014-10-20 00:00:00
IL,OFALLON POLICE DEPARTMENT,1240-01-411-1265,"SIGHT,REFLEX",1,Each,315,D,1,2014-11-03 00:00:00
IL,OFALLON POLICE DEPARTMENT,1005-01-128-9936,"RIFLE,5.56 MILLIMETER",1,Each,749,D,1,2014-10-20 00:00:00
IL,OFALLON POLICE DEPARTMENT,1005-01-128-9936,"RIFLE,5.56 MILLIMETER",1,Each,749,D,1,2014-10-20 00:00:00
IL,OFALLON POLICE DEPARTMENT,1005-01-128-9936,"RIFLE,5.56 MILLIMETER",1,Each,749,D,1,2014-10-20 00:00:00
IL,OFALLON POLICE DEPARTMENT,1005-01-128-9936,"RIFLE,5.56 MILLIMETER",1,Each,749,D,1,2014-10-20 00:00:00
IL,OFALLON POLICE DEPARTMENT,1005-01-128-9936,"RIFLE,5.56 MILLIMETER",1,Each,749,D,1,2014-10-20 00:00:00
IL,OFALLON POLICE DEPARTMENT,1005-01-128-9936,"RIFLE,5.56 MILLIMETER",1,Each,749,D,1,2014-10-20 00:00:00
IL,OFALLON POLICE DEPARTMENT,2540-01-223-0041,"KIT,M14,M16 RIFLE M",8,Each,71.45,B,3,2014-11-03 00:00:00
IL,OFALLON POLICE DEPARTMENT,1005-01-128-9936,"RIFLE,5.56 MILLIMETER",1,Each,749,D,1,2014-10-20 00:00:00
IL,OFALLON POLICE DEPARTMENT,1005-01-128-9936,"RIFLE,5.56 MILLIMETER",1,Each,749,D,1,2014-10-20 00:00:00
IL,OFALLON POLICE DEPARTMENT,1005-01-128-9936,"RIFLE,5.56 MILLIMETER",1,Each,749,D,1,2014-10-20 00:00:00
IL,OFALLON POLICE DEPARTMENT,1005-01-128-9936,"RIFLE,5.56 MILLIMETER",1,Each,749,D,1,2014-10-20 00:00:00
IL,OFALLON POLICE DEPARTMENT,1005-01-128-9936,"RIFLE,5.56 MILLIMETER",1,Each,749,D,1,2014-10-20 00:00:00
IL,OGLE COUNTY SHERIFFS OFFICE,3615-DS-SHR-EDD0,SHREDDER,1,Each,25,A,,2017-05-05 00:00:00
IL,OGLE COUNTY SHERIFFS OFFICE,6115-DS-GEN-ERA1,"GENERATORS AND GENERATOR SETS, ELECTRICA",1,Each,82365.76,A,,2017-02-07 00:00:00
IL,OGLE COUNTY SHERIFFS OFFICE,4940-01-333-8471,"SHOP EQUIPMENT,CONTACT MAINTENANCE",1,Each,72357,A,1,2013-07-18 00:00:00
IL,OGLE COUNTY SHERIFFS OFFICE,2320-01-107-7155,"TRUCK,UTILITY",1,Each,41061,Q,6,2011-12-21 00:00:00
IL,OGLE COUNTY SHERIFFS OFFICE,2320-01-107-7155,"TRUCK,UTILITY",1,Each,41061,Q,6,2011-12-21 00:00:00
IL,OGLE COUNTY SHERIFFS OFFICE,2320-01-107-7153,"TRUCK,UTILITY",1,Each,63894,C,1,2012-05-31 00:00:00
IL,OGLE COUNTY SHERIFFS OFFICE,1005-00-589-1271,"RIFLE,7.62 MILLIMETER",1,Each,138,D,1,2000-11-29 00:00:00
IL,OGLE COUNTY SHERIFFS OFFICE,1005-00-073-9421,"RIFLE,5.56 MILLIMETER",1,Each,499,D,1,2002-11-13 00:00:00
IL,OGLE COUNTY SHERIFFS OFFICE,1005-00-589-1271,"RIFLE,7.62 MILLIMETER",1,Each,138,D,1,2000-11-29 00:00:00
IL,OGLE COUNTY SHERIFFS OFFICE,1005-00-589-1271,"RIFLE,7.62 MILLIMETER",1,Each,138,D,1,2000-11-29 00:00:00
IL,OGLE COUNTY SHERIFFS OFFICE,1005-00-589-1271,"RIFLE,7.62 MILLIMETER",1,Each,138,D,1,2002-03-19 00:00:00
IL,OGLE COUNTY SHERIFFS OFFICE,2320-01-107-7155,"TRUCK,UTILITY",1,Each,41061,Q,6,2011-12-21 00:00:00
IL,OGLE COUNTY SHERIFFS OFFICE,1005-00-073-9421,"RIFLE,5.56 MILLIMETER",1,Each,499,D,1,2002-11-13 00:00:00
IL,OGLE COUNTY SHERIFFS OFFICE,1520-01-043-4949,"HELICOPTER,MEDEVAC ",1,Each,948158,C,1,2009-02-05 00:00:00
IL,OGLE COUNTY SHERIFFS OFFICE,1005-00-589-1271,"RIFLE,7.62 MILLIMETER",1,Each,138,D,1,2000-11-29 00:00:00
IL,OGLE COUNTY SHERIFFS OFFICE,1005-00-589-1271,"RIFLE,7.62 MILLIMETER",1,Each,138,D,1,2000-11-29 00:00:00
IL,OGLE COUNTY SHERIFFS OFFICE,2530-01-569-6603,"PUMP,RESERVOIR     ",4,Each,3990.98,B,3,2014-08-26 00:00:00
IL,OGLE COUNTY SHERIFFS OFFICE,2355-01-590-1660,MINE RESISTANT VEHICLE,1,Each,733000,C,1,2014-05-01 00:00:00
IL,OGLE COUNTY SHERIFFS OFFICE,1520-00-169-7137,"HELICOPTER,OBSERVATION",1,Each,92290,C,1,2006-07-19 00:00:00
IL,OGLESBY POLICE DEPT,1005-00-073-9421,"RIFLE,5.56 MILLIMETER",1,Each,499,D,1,2011-10-25 00:00:00
IL,OGLESBY POLICE DEPT,1005-00-073-9421,"RIFLE,5.56 MILLIMETER",1,Each,499,D,1,2011-10-25 00:00:00
IL,OGLESBY POLICE DEPT,1005-00-073-9421,"RIFLE,5.56 MILLIMETER",1,Each,499,D,1,2011-10-25 00:00:00
IL,OGLESBY POLICE DEPT,1005-00-073-9421,"RIFLE,5.56 MILLIMETER",1,Each,499,D,1,2011-10-25 00:00:00
IL,OGLESBY POLICE DEPT,1005-00-073-9421,"RIFLE,5.56 MILLIMETER",1,Each,499,D,1,2011-10-25 00:00:00
IL,OGLESBY POLICE DEPT,1005-00-589-1271,"RIFLE,7.62 MILLIMETER",1,Each,138,D,1,1994-05-26 00:00:00
IL,OGLESBY POLICE DEPT,1005-00-589-1271,"RIFLE,7.62 MILLIMETER",1,Each,138,D,1,1994-05-26 00:00:00
IL,OGLESBY POLICE DEPT,1005-00-073-9421,"RIFLE,5.56 MILLIMETER",1,Each,499,D,1,2011-10-25 00:00:00
IL,OGLESBY POLICE DEPT,1005-00-073-9421,"RIFLE,5.56 MILLIMETER",1,Each,499,D,1,2011-10-25 00:00:00
IL,OGLESBY POLICE DEPT,1005-00-589-1271,"RIFLE,7.62 MILLIMETER",1,Each,138,D,1,1994-05-26 00:00:00
IL,OGLESBY POLICE DEPT,1005-00-856-6885,"RIFLE,5.56 MILLIMETER",1,Each,120,D,1,2010-03-29 00:00:00
IL,OGLESBY POLICE DEPT,1005-00-073-9421,"RIFLE,5.56 MILLIMETER",1,Each,499,D,1,2011-10-25 00:00:00
IL,OGLESBY POLICE DEPT,1005-00-589-1271,"RIFLE,7.62 MILLIMETER",1,Each,138,D,1,1994-05-26 00:00:00
IL,OLYMPIA FIELDS POLICE DEPT,1005-00-589-1271,"RIFLE,7.62 MILLIMETER",1,Each,138,D,1,2003-06-02 00:00:00
IL,OLYMPIA FIELDS POLICE DEPT,1005-00-073-9421,"RIFLE,5.56 MILLIMETER",1,Each,499,D,1,2003-09-17 00:00:00
IL,OLYMPIA FIELDS POLICE DEPT,2320-01-107-7155,"TRUCK,UTILITY",1,Each,41061,Q,6,2013-01-02 00:00:00
IL,OLYMPIA FIELDS POLICE DEPT,1005-00-073-9421,"RIFLE,5.56 MILLIMETER",1,Each,499,D,1,2003-09-17 00:00:00
IL,OLYMPIA FIELDS POLICE DEPT,1005-00-073-9421,"RIFLE,5.56 MILLIMETER",1,Each,499,D,1,2003-09-17 00:00:00
IL,OLYMPIA FIELDS POLICE DEPT,1005-00-589-1271,"RIFLE,7.62 MILLIMETER",1,Each,138,D,1,2003-06-02 00:00:00
IL,OREGON POLICE DEPT,1005-00-073-9421,"RIFLE,5.56 MILLIMETER",1,Each,499,D,1,2006-08-28 00:00:00
IL,OREGON POLICE DEPT,1005-00-073-9421,"RIFLE,5.56 MILLIMETER",1,Each,499,D,1,2006-08-28 00:00:00
IL,ORLAND PARK POLICE DEPT,1005-00-073-9421,"RIFLE,5.56 MILLIMETER",1,Each,499,D,1,1998-08-04 00:00:00
IL,ORLAND PARK POLICE DEPT,1005-00-073-9421,"RIFLE,5.56 MILLIMETER",1,Each,499,D,1,2007-06-25 00:00:00
IL,ORLAND PARK POLICE DEPT,1005-00-073-9421,"RIFLE,5.56 MILLIMETER",1,Each,499,D,1,2007-06-25 00:00:00
IL,ORLAND PARK POLICE DEPT,1005-00-073-9421,"RIFLE,5.56 MILLIMETER",1,Each,499,D,1,1998-08-04 00:00:00
IL,ORLAND PARK POLICE DEPT,1005-00-073-9421,"RIFLE,5.56 MILLIMETER",1,Each,499,D,1,1998-08-04 00:00:00
IL,ORLAND PARK POLICE DEPT,1005-00-073-9421,"RIFLE,5.56 MILLIMETER",1,Each,499,D,1,1998-08-04 00:00:00
IL,ORLAND PARK POLICE DEPT,1005-00-073-9421,"RIFLE,5.56 MILLIMETER",1,Each,499,D,1,2007-06-25 00:00:00
IL,ORLAND PARK POLICE DEPT,1005-00-073-9421,"RIFLE,5.56 MILLIMETER",1,Each,499,D,1,2007-06-25 00:00:00
IL,ORLAND PARK POLICE DEPT,1005-00-073-9421,"RIFLE,5.56 MILLIMETER",1,Each,499,D,1,2007-06-25 00:00:00
IL,ORLAND PARK POLICE DEPT,1005-00-073-9421,"RIFLE,5.56 MILLIMETER",1,Each,499,D,1,1998-08-04 00:00:00
IL,ORLAND PARK POLICE DEPT,1005-00-073-9421,"RIFLE,5.56 MILLIMETER",1,Each,499,D,1,2007-06-25 00:00:00
IL,ORLAND PARK POLICE DEPT,1005-00-073-9421,"RIFLE,5.56 MILLIMETER",1,Each,499,D,1,2007-06-25 00:00:00
IL,ORLAND PARK POLICE DEPT,1005-00-073-9421,"RIFLE,5.56 MILLIMETER",1,Each,499,D,1,1998-08-04 00:00:00
IL,ORLAND PARK POLICE DEPT,1005-00-073-9421,"RIFLE,5.56 MILLIMETER",1,Each,499,D,1,2007-06-25 00:00:00
IL,ORLAND PARK POLICE DEPT,1005-00-073-9421,"RIFLE,5.56 MILLIMETER",1,Each,499,D,1,1998-08-06 00:00:00
IL,ORLAND PARK POLICE DEPT,1005-00-073-9421,"RIFLE,5.56 MILLIMETER",1,Each,499,D,1,1998-08-06 00:00:00
IL,ORLAND PARK POLICE DEPT,1005-00-073-9421,"RIFLE,5.56 MILLIMETER",1,Each,499,D,1,1998-08-04 00:00:00
IL,ORLAND PARK POLICE DEPT,1005-00-073-9421,"RIFLE,5.56 MILLIMETER",1,Each,499,D,1,2007-06-25 00:00:00
IL,ORLAND PARK POLICE DEPT,1005-00-073-9421,"RIFLE,5.56 MILLIMETER",1,Each,499,D,1,1998-08-04 00:00:00
IL,OSWEGO POLICE DEPARTMENT,1005-00-073-9421,"RIFLE,5.56 MILLIMETER",1,Each,499,D,1,2006-08-07 00:00:00
IL,OSWEGO POLICE DEPARTMENT,1005-00-589-1271,"RIFLE,7.62 MILLIMETER",1,Each,138,D,1,2006-08-08 00:00:00
IL,OSWEGO POLICE DEPARTMENT,1005-00-073-9421,"RIFLE,5.56 MILLIMETER",1,Each,499,D,1,2006-08-07 00:00:00
IL,OSWEGO POLICE DEPARTMENT,1005-00-589-1271,"RIFLE,7.62 MILLIMETER",1,Each,138,D,1,2006-08-08 00:00:00
IL,OSWEGO POLICE DEPARTMENT,1005-00-589-1271,"RIFLE,7.62 MILLIMETER",1,Each,138,D,1,2006-08-08 00:00:00
IL,OSWEGO POLICE DEPARTMENT,1005-00-073-9421,"RIFLE,5.56 MILLIMETER",1,Each,499,D,1,2006-08-07 00:00:00
IL,OSWEGO POLICE DEPARTMENT,1005-00-073-9421,"RIFLE,5.56 MILLIMETER",1,Each,499,D,1,2006-08-07 00:00:00
IL,OSWEGO POLICE DEPARTMENT,1005-00-073-9421,"RIFLE,5.56 MILLIMETER",1,Each,499,D,1,2006-08-07 00:00:00
IL,OSWEGO POLICE DEPARTMENT,1005-00-073-9421,"RIFLE,5.56 MILLIMETER",1,Each,499,D,1,2006-08-07 00:00:00
IL,OSWEGO POLICE DEPARTMENT,1005-00-073-9421,"RIFLE,5.56 MILLIMETER",1,Each,499,D,1,2006-08-07 00:00:00
IL,OSWEGO POLICE DEPARTMENT,1005-00-589-1271,"RIFLE,7.62 MILLIMETER",1,Each,138,D,1,2006-08-08 00:00:00
IL,OSWEGO POLICE DEPARTMENT,1005-00-589-1271,"RIFLE,7.62 MILLIMETER",1,Each,138,D,1,2006-08-08 00:00:00
IL,OSWEGO POLICE DEPARTMENT,1005-00-589-1271,"RIFLE,7.62 MILLIMETER",1,Each,138,D,1,2006-08-08 00:00:00
IL,OSWEGO POLICE DEPARTMENT,1005-00-073-9421,"RIFLE,5.56 MILLIMETER",1,Each,499,D,1,2006-08-07 00:00:00
IL,OSWEGO POLICE DEPARTMENT,1005-00-073-9421,"RIFLE,5.56 MILLIMETER",1,Each,499,D,1,2006-08-07 00:00:00
IL,OSWEGO POLICE DEPARTMENT,1005-00-589-1271,"RIFLE,7.62 MILLIMETER",1,Each,138,D,1,2006-08-08 00:00:00
IL,OSWEGO POLICE DEPARTMENT,1005-00-589-1271,"RIFLE,7.62 MILLIMETER",1,Each,138,D,1,2006-08-08 00:00:00
IL,OSWEGO POLICE DEPARTMENT,1005-00-589-1271,"RIFLE,7.62 MILLIMETER",1,Each,138,D,1,2006-08-08 00:00:00
IL,OTTAWA POLICE DEPT,8465-01-569-8803,"KIT,MODERN ARMY COMBATIVES",2,Kit,14463.67,Q,3,2015-11-13 00:00:00
IL,OTTAWA POLICE DEPT,1095-01-526-7860,"FIRING DEVICE,NON-LETHAL",4,Each,1093,D,1,2015-04-29 00:00:00
IL,OTTAWA POLICE DEPT,1240-01-411-1265,"SIGHT,REFLEX",6,Each,315,D,1,2015-05-07 00:00:00
IL,OTTAWA POLICE DEPT,1005-00-921-5004,"MAGAZINE,CARTRIDGE",8,Each,12.3,D,1,2015-01-27 00:00:00
IL,OTTAWA POLICE DEPT,5855-01-458-0211,"SIGHT,THERMAL",1,Each,15400,D,1,2014-12-09 00:00:00
IL,OTTAWA POLICE DEPT,1240-01-411-1265,"SIGHT,REFLEX",2,Each,315,D,1,2014-08-25 00:00:00
IL,OTTAWA POLICE DEPT,6650-00-530-0960,"TELESCOPE,STRAIGHT",2,Each,442,D,1,2014-07-15 00:00:00
IL,OTTAWA POLICE DEPT,1005-00-056-2237,"MAGAZINE,CARTRIDGE",30,Each,12.26,D,1,2014-07-14 00:00:00
IL,OTTAWA POLICE DEPT,1240-01-439-7265,"MOUNT,QUICK RELEASE ASSEMBLY",6,Each,43.97,B,3,2014-06-23 00:00:00
IL,OTTAWA POLICE DEPT,5855-01-458-0211,"SIGHT,THERMAL",1,Each,15400,D,1,2014-12-09 00:00:00
IL,PALATINE POLICE DEPT,1005-00-073-9421,"RIFLE,5.56 MILLIMETER",1,Each,499,D,1,2004-11-09 00:00:00
IL,PALATINE POLICE DEPT,1005-00-073-9421,"RIFLE,5.56 MILLIMETER",1,Each,499,D,1,2004-11-09 00:00:00
IL,PALATINE POLICE DEPT,1005-00-073-9421,"RIFLE,5.56 MILLIMETER",1,Each,499,D,1,2004-11-09 00:00:00
IL,PALATINE POLICE DEPT,1005-00-073-9421,"RIFLE,5.56 MILLIMETER",1,Each,499,D,1,2004-11-09 00:00:00
IL,PALATINE POLICE DEPT,1005-00-073-9421,"RIFLE,5.56 MILLIMETER",1,Each,499,D,1,2004-11-09 00:00:00
IL,PALATINE POLICE DEPT,1005-00-073-9421,"RIFLE,5.56 MILLIMETER",1,Each,499,D,1,2004-11-09 00:00:00
IL,PALATINE POLICE DEPT,1005-00-073-9421,"RIFLE,5.56 MILLIMETER",1,Each,499,D,1,2004-11-09 00:00:00
IL,PALMYRA POLICE DEPT,1005-00-921-5483,"SHOTGUN,12 GAGE,RIOT TYPE",1,Each,108,D,1,1999-02-12 00:00:00
IL,PALMYRA POLICE DEPT,1005-00-921-5483,"SHOTGUN,12 GAGE,RIOT TYPE",1,Each,108,D,1,1999-02-12 00:00:00
IL,PALMYRA POLICE DEPT,1005-00-921-5483,"SHOTGUN,12 GAGE,RIOT TYPE",1,Each,108,D,1,1999-02-12 00:00:00
IL,PALMYRA POLICE DEPT,2320-01-456-1282,"TRUCK,UTILITY",1,Each,46983,C,1,2013-10-07 00:00:00
IL,PALMYRA POLICE DEPT,2320-01-456-1282,"TRUCK,UTILITY",1,Each,46983,C,1,2013-10-07 00:00:00
IL,PALMYRA POLICE DEPT,2320-01-455-9593,"TRUCK,UTILITY",1,Each,60409,C,1,2013-10-03 00:00:00
IL,PALMYRA POLICE DEPT,2320-01-456-1282,"TRUCK,UTILITY",1,Each,46983,C,1,2013-10-07 00:00:00
IL,PARK CITY POLICE DEPT,1005-00-589-1271,"RIFLE,7.62 MILLIMETER",1,Each,138,D,1,2003-07-17 00:00:00
IL,PARK CITY POLICE DEPT,1005-00-073-9421,"RIFLE,5.56 MILLIMETER",1,Each,499,D,1,2003-08-19 00:00:00
IL,PARKLAND COLLEGE POLICE DEPT HI_ED,1005-00-073-9421,"RIFLE,5.56 MILLIMETER",1,Each,499,D,1,2008-04-15 00:00:00
IL,PARKLAND COLLEGE POLICE DEPT HI_ED,1005-00-073-9421,"RIFLE,5.56 MILLIMETER",1,Each,499,D,1,2008-04-15 00:00:00
IL,PAWNEE POLICE DEPT,1005-00-073-9421,"RIFLE,5.56 MILLIMETER",1,Each,499,D,1,2008-05-01 00:00:00
IL,PAWNEE POLICE DEPT,1005-00-726-5655,"PISTOL,CALIBER .45,AUTOMATIC",1,Each,58.71,D,1,2008-04-30 00:00:00
IL,PAWNEE POLICE DEPT,1005-00-073-9421,"RIFLE,5.56 MILLIMETER",1,Each,499,D,1,2004-09-02 00:00:00
IL,PAWNEE POLICE DEPT,1005-00-726-5655,"PISTOL,CALIBER .45,AUTOMATIC",1,Each,58.71,D,1,2008-04-30 00:00:00
IL,PAWNEE POLICE DEPT,2320-01-380-8233,"TRUCK,UTILITY",1,Each,88634,C,1,2013-07-15 00:00:00
IL,PAWNEE POLICE DEPT,1005-00-726-5655,"PISTOL,CALIBER .45,AUTOMATIC",1,Each,58.71,D,1,2008-04-30 00:00:00
IL,PAWNEE POLICE DEPT,1005-00-589-1271,"RIFLE,7.62 MILLIMETER",1,Each,138,D,1,2008-04-30 00:00:00
IL,PEKIN PARK DISTRICT POLICE DEPT,7021-01-592-8324,"COMPUTER,DIGITAL",1,Each,5502,C,7,2014-10-31 00:00:00
IL,PEKIN PARK DISTRICT POLICE DEPT,2330-00-008-2437,"TRAILER,FLAT BED",1,Each,5101.89,Q,6,2014-05-15 00:00:00
IL,PEKIN PARK DISTRICT POLICE DEPT,7021-01-592-8324,"COMPUTER,DIGITAL",2,Each,5502,C,7,2014-04-25 00:00:00
IL,PEKIN PARK DISTRICT POLICE DEPT,1240-01-411-1265,"SIGHT,REFLEX",2,Each,315,D,1,2014-01-15 00:00:00
IL,PEKIN PARK DISTRICT POLICE DEPT,1240-01-587-9345,"SIGHT,REFLEX",1,Each,639,D,1,2013-10-31 00:00:00
IL,PEKIN PARK DISTRICT POLICE DEPT,5855-01-533-0940,"SIGHT,NIGHT VISION SNIPERSCOPE",1,Each,5000,D,1,2013-12-10 00:00:00
IL,PEKIN PARK DISTRICT POLICE DEPT,1005-00-856-6885,"RIFLE,5.56 MILLIMETER",1,Each,120,D,1,2011-10-07 00:00:00
IL,PEKIN PARK DISTRICT POLICE DEPT,1240-01-411-1265,"SIGHT,REFLEX",1,Each,315,D,1,2012-07-20 00:00:00
IL,PEKIN PARK DISTRICT POLICE DEPT,1005-00-856-6885,"RIFLE,5.56 MILLIMETER",1,Each,120,D,1,2011-10-07 00:00:00
IL,PEKIN PARK DISTRICT POLICE DEPT,6720-01-568-1287,"CAMERA SYSTEM,RECONNAISSANCE",1,Kit,5147.45,C,1,2014-05-06 00:00:00
IL,PEKIN PARK DISTRICT POLICE DEPT,6230-DS-LIG-HT01,"ELECTRIC PORTABLE, HAND LIGHTING EQUIP",1,Each,114.35,A,,2017-03-31 00:00:00
IL,PEKIN PARK DISTRICT POLICE DEPT,7021-DS-ADP-CPUD,"ADP CPU, DIGITAL",2,Each,998,A,,2017-03-31 00:00:00
IL,PEKIN PARK DISTRICT POLICE DEPT,6230-DS-LIG-HT01,"ELECTRIC PORTABLE, HAND LIGHTING EQUIP",1,Each,114.35,A,,2017-04-14 00:00:00
IL,PEKIN PARK DISTRICT POLICE DEPT,1240-01-411-1265,"SIGHT,REFLEX",1,Each,315,D,1,2012-07-20 00:00:00
IL,PEKIN POLICE DEPT,1005-00-073-9421,"RIFLE,5.56 MILLIMETER",1,Each,499,D,1,2003-08-12 00:00:00
IL,PEKIN POLICE DEPT,1005-00-589-1271,"RIFLE,7.62 MILLIMETER",1,Each,138,D,1,1999-11-09 00:00:00
IL,PEKIN POLICE DEPT,1005-00-589-1271,"RIFLE,7.62 MILLIMETER",1,Each,138,D,1,1999-11-09 00:00:00
IL,PEKIN POLICE DEPT,1005-00-073-9421,"RIFLE,5.56 MILLIMETER",1,Each,499,D,1,2003-08-12 00:00:00
IL,PEKIN POLICE DEPT,1005-00-073-9421,"RIFLE,5.56 MILLIMETER",1,Each,499,D,1,2003-08-12 00:00:00
IL,PEKIN POLICE DEPT,1005-00-073-9421,"RIFLE,5.56 MILLIMETER",1,Each,499,D,1,2003-08-12 00:00:00
IL,PEKIN POLICE DEPT,1005-00-589-1271,"RIFLE,7.62 MILLIMETER",1,Each,138,D,1,1999-11-09 00:00:00
IL,PEKIN POLICE DEPT,1005-00-073-9421,"RIFLE,5.56 MILLIMETER",1,Each,499,D,1,2003-08-12 00:00:00
IL,PEKIN POLICE DEPT,1005-00-073-9421,"RIFLE,5.56 MILLIMETER",1,Each,499,D,1,2003-08-12 00:00:00
IL,PEKIN POLICE DEPT,1005-00-073-9421,"RIFLE,5.56 MILLIMETER",1,Each,499,D,1,2003-08-12 00:00:00
IL,PEKIN POLICE DEPT,1005-00-589-1271,"RIFLE,7.62 MILLIMETER",1,Each,138,D,1,1999-11-09 00:00:00
IL,PEKIN POLICE DEPT,1005-00-073-9421,"RIFLE,5.56 MILLIMETER",1,Each,499,D,1,2003-08-12 00:00:00
IL,PEKIN POLICE DEPT,1005-00-073-9421,"RIFLE,5.56 MILLIMETER",1,Each,499,D,1,2003-08-12 00:00:00
IL,PEKIN POLICE DEPT,1005-00-589-1271,"RIFLE,7.62 MILLIMETER",1,Each,138,D,1,1999-11-09 00:00:00
IL,PEKIN POLICE DEPT,1005-00-589-1271,"RIFLE,7.62 MILLIMETER",1,Each,138,D,1,1999-11-09 00:00:00
IL,PEKIN POLICE DEPT,1005-00-589-1271,"RIFLE,7.62 MILLIMETER",1,Each,138,D,1,1999-11-09 00:00:00
IL,PEKIN POLICE DEPT,1005-00-589-1271,"RIFLE,7.62 MILLIMETER",1,Each,138,D,1,1999-11-09 00:00:00
IL,PEKIN POLICE DEPT,1005-00-073-9421,"RIFLE,5.56 MILLIMETER",1,Each,499,D,1,2003-08-12 00:00:00
IL,PEKIN POLICE DEPT,1005-00-073-9421,"RIFLE,5.56 MILLIMETER",1,Each,499,D,1,2003-08-12 00:00:00
IL,PEKIN POLICE DEPT,1005-00-589-1271,"RIFLE,7.62 MILLIMETER",1,Each,138,D,1,1999-11-09 00:00:00
IL,PEKIN POLICE DEPT,1005-00-589-1271,"RIFLE,7.62 MILLIMETER",1,Each,138,D,1,1999-11-09 00:00:00
IL,PEORIA COUNTY SHERIFF OFFICE,4220-01-517-6883,"LIFE PRESERVER,YOKE",50,Each,948.85,B,3,2014-09-30 00:00:00
IL,PEORIA POLICE DEPARTMENT,1005-01-128-9936,"RIFLE,5.56 MILLIMETER",1,Each,749,D,1,2014-09-29 00:00:00
IL,PEORIA POLICE DEPARTMENT,1005-01-128-9936,"RIFLE,5.56 MILLIMETER",1,Each,749,D,1,2014-09-29 00:00:00
IL,PEORIA POLICE DEPARTMENT,1005-01-128-9936,"RIFLE,5.56 MILLIMETER",1,Each,749,D,1,2014-09-29 00:00:00
IL,PEORIA POLICE DEPARTMENT,1005-01-128-9936,"RIFLE,5.56 MILLIMETER",1,Each,749,D,1,2014-09-29 00:00:00
IL,PEORIA POLICE DEPARTMENT,1005-01-128-9936,"RIFLE,5.56 MILLIMETER",1,Each,749,D,1,2014-09-29 00:00:00
IL,PEORIA POLICE DEPARTMENT,1005-01-128-9936,"RIFLE,5.56 MILLIMETER",1,Each,749,D,1,2014-09-29 00:00:00
IL,PEOTONE POLICE DEPT,1005-00-589-1271,"RIFLE,7.62 MILLIMETER",1,Each,138,D,1,2000-05-18 00:00:00
IL,PEOTONE POLICE DEPT,1005-00-589-1271,"RIFLE,7.62 MILLIMETER",1,Each,138,D,1,2000-05-18 00:00:00
IL,PEOTONE POLICE DEPT,1005-00-589-1271,"RIFLE,7.62 MILLIMETER",1,Each,138,D,1,2000-05-18 00:00:00
IL,PEOTONE POLICE DEPT,1005-00-589-1271,"RIFLE,7.62 MILLIMETER",1,Each,138,D,1,2000-05-18 00:00:00
IL,PEOTONE POLICE DEPT,1005-00-073-9421,"RIFLE,5.56 MILLIMETER",1,Each,499,D,1,2007-09-12 00:00:00
IL,PEOTONE POLICE DEPT,1005-00-073-9421,"RIFLE,5.56 MILLIMETER",1,Each,499,D,1,2007-09-12 00:00:00
IL,PERCY POLICE DEPT,1005-00-726-5655,"PISTOL,CALIBER .45,AUTOMATIC",1,Each,58.71,D,1,2007-06-21 00:00:00
IL,PERCY POLICE DEPT,1005-00-726-5655,"PISTOL,CALIBER .45,AUTOMATIC",1,Each,58.71,D,1,2007-06-21 00:00:00
IL,PERCY POLICE DEPT,1005-00-726-5655,"PISTOL,CALIBER .45,AUTOMATIC",1,Each,58.71,D,1,2007-06-21 00:00:00
IL,PERRY COUNTY SHERIFF DEPT,1005-00-073-9421,"RIFLE,5.56 MILLIMETER",1,Each,499,D,1,2008-05-28 00:00:00
IL,PERRY COUNTY SHERIFF DEPT,1005-00-073-9421,"RIFLE,5.56 MILLIMETER",1,Each,499,D,1,2008-05-28 00:00:00
IL,PINGREE GROVE POLICE DEPT,1005-00-073-9421,"RIFLE,5.56 MILLIMETER",1,Each,499,D,1,2004-05-03 00:00:00
IL,PINGREE GROVE POLICE DEPT,1005-00-073-9421,"RIFLE,5.56 MILLIMETER",1,Each,499,D,1,2005-02-16 00:00:00
IL,PINGREE GROVE POLICE DEPT,1005-00-073-9421,"RIFLE,5.56 MILLIMETER",1,Each,499,D,1,2004-05-03 00:00:00
IL,PINGREE GROVE POLICE DEPT,1005-00-073-9421,"RIFLE,5.56 MILLIMETER",1,Each,499,D,1,2004-05-03 00:00:00
IL,PINGREE GROVE POLICE DEPT,1005-00-073-9421,"RIFLE,5.56 MILLIMETER",1,Each,499,D,1,2004-05-03 00:00:00
IL,PINGREE GROVE POLICE DEPT,1005-00-073-9421,"RIFLE,5.56 MILLIMETER",1,Each,499,D,1,2004-05-03 00:00:00
IL,PINGREE GROVE POLICE DEPT,1005-00-073-9421,"RIFLE,5.56 MILLIMETER",1,Each,499,D,1,2004-05-03 00:00:00
IL,PINGREE GROVE POLICE DEPT,1005-00-073-9421,"RIFLE,5.56 MILLIMETER",1,Each,499,D,1,2004-05-03 00:00:00
IL,PINGREE GROVE POLICE DEPT,6515-DS-DEF-IBRI,DEFIBRULATOR,1,Each,2276.27,A,,2017-12-13 00:00:00
IL,PINGREE GROVE POLICE DEPT,4910-DS-VEH-MAIN,MOTOR VEHICLE MAINTENANCE AND REPAIR,1,Each,190,A,,2016-11-14 00:00:00
IL,PINGREE GROVE POLICE DEPT,7110-01-029-5767,FILING CABINET,1,Each,3023.24,A,1,2016-11-14 00:00:00
IL,PINGREE GROVE POLICE DEPT,4910-01-365-9304,"TOWBAR,MOTOR VEHICLE",1,Each,1903,A,1,2016-11-14 00:00:00
IL,PINGREE GROVE POLICE DEPT,4520-01-332-2394,"HEATER,DUCT TYPE,PORTABLE",1,Each,3453,A,1,2016-11-14 00:00:00
IL,PINGREE GROVE POLICE DEPT,8145-DS-BOX-0003,SHIPPING BOX,2,Each,100,A,,2016-11-14 00:00:00
IL,PINGREE GROVE POLICE DEPT,8140-01-252-4290,"CONTAINER ASSEMBLY,CARTRIDGE",30,Each,7.5,A,1,2016-11-14 00:00:00
IL,PINGREE GROVE POLICE DEPT,4910-DS-VEH-MAIN,MOTOR VEHICLE MAINTENANCE AND REPAIR,1,Each,190,A,,2016-11-14 00:00:00
IL,PINGREE GROVE POLICE DEPT,2330-01-387-5443,"TRAILER,CARGO",1,Each,8954,A,7,2016-11-14 00:00:00
IL,PINGREE GROVE POLICE DEPT,8465-01-600-7830,"PACK,ASSUALT       ",40,Each,64.95,A,1,2016-11-09 00:00:00
IL,PINGREE GROVE POLICE DEPT,5180-00-293-2875,"TOOL KIT,CARPENTERS",11,Kit,1238,A,1,2016-11-14 00:00:00
IL,PINGREE GROVE POLICE DEPT,2330-01-387-5443,"TRAILER,CARGO",1,Each,8954,A,7,2016-10-20 00:00:00
IL,PINGREE GROVE POLICE DEPT,4120-01-150-8112,AIR CONDITIONER,1,Each,3762.18,A,1,2016-10-20 00:00:00
IL,PINGREE GROVE POLICE DEPT,2320-01-107-7155,"TRUCK,UTILITY",1,Each,41061,Q,6,2016-11-14 00:00:00
IL,PINGREE GROVE POLICE DEPT,6115-01-275-5061,"GENERATOR SET,DIESEL ENGINE",1,Each,10700,A,7,2016-11-14 00:00:00
IL,PINGREE GROVE POLICE DEPT,5180-00-293-2875,"TOOL KIT,CARPENTERS",9,Kit,1238,A,1,2016-10-20 00:00:00
IL,PINGREE GROVE POLICE DEPT,4910-DS-VEH-MAIN,MOTOR VEHICLE MAINTENANCE AND REPAIR,1,Each,190,A,,2016-11-14 00:00:00
IL,PINGREE GROVE POLICE DEPT,4910-DS-VEH-MAIN,MOTOR VEHICLE MAINTENANCE AND REPAIR,1,Each,190,A,,2016-11-14 00:00:00
IL,PINGREE GROVE POLICE DEPT,2320-01-107-7155,"TRUCK,UTILITY",1,Each,41061,Q,6,2016-10-20 00:00:00
IL,PINGREE GROVE POLICE DEPT,4250-01-459-7052,PARTS WASHER       ,1,Each,3858.3,A,1,2016-11-14 00:00:00
IL,PINGREE GROVE POLICE DEPT,5180-00-293-2875,"TOOL KIT,CARPENTERS",8,Kit,1238,A,1,2016-10-20 00:00:00
IL,PINGREE GROVE POLICE DEPT,1240-01-411-1265,"SIGHT,REFLEX",2,Each,315,D,1,2015-12-22 00:00:00
IL,PINGREE GROVE POLICE DEPT,1240-01-411-1265,"SIGHT,REFLEX",10,Each,315,D,1,2015-12-22 00:00:00
IL,PINGREE GROVE POLICE DEPT,1005-00-073-9421,"RIFLE,5.56 MILLIMETER",1,Each,499,D,1,2005-02-16 00:00:00
IL,PINGREE GROVE POLICE DEPT,1005-00-073-9421,"RIFLE,5.56 MILLIMETER",1,Each,499,D,1,2005-02-16 00:00:00
IL,PINGREE GROVE POLICE DEPT,1005-00-073-9421,"RIFLE,5.56 MILLIMETER",1,Each,499,D,1,2005-02-16 00:00:00
IL,PINGREE GROVE POLICE DEPT,1005-00-073-9421,"RIFLE,5.56 MILLIMETER",1,Each,499,D,1,2004-05-03 00:00:00
IL,PLAINFIELD POLICE DEPT,5895-01-055-2252,"DETECTOR,RADIO FREQUENCY",1,Each,452.38,D,1,2014-01-04 00:00:00
IL,PLAINFIELD POLICE DEPT,6730-01-544-5443,"PROJECTOR,MULTIMEDIA",1,Each,5176.41,Q,3,2014-01-06 00:00:00
IL,PLAINFIELD POLICE DEPT,2320-01-107-7153,"TRUCK,UTILITY",1,Each,63894,C,1,2013-04-16 00:00:00
IL,PLAINFIELD POLICE DEPT,1005-00-073-9421,"RIFLE,5.56 MILLIMETER",1,Each,499,D,1,2012-04-16 00:00:00
IL,PLAINFIELD POLICE DEPT,1005-00-073-9421,"RIFLE,5.56 MILLIMETER",1,Each,499,D,1,2012-04-16 00:00:00
IL,PLAINFIELD POLICE DEPT,1005-00-073-9421,"RIFLE,5.56 MILLIMETER",1,Each,499,D,1,2012-04-16 00:00:00
IL,PLAINFIELD POLICE DEPT,1005-00-073-9421,"RIFLE,5.56 MILLIMETER",1,Each,499,D,1,2012-04-16 00:00:00
IL,PLAINFIELD POLICE DEPT,6665-01-586-8839,"DETECTOR KIT,GAS",1,Each,4384,Q,0,2013-11-25 00:00:00
IL,PLAINFIELD POLICE DEPT,1005-00-073-9421,"RIFLE,5.56 MILLIMETER",1,Each,499,D,1,2012-04-16 00:00:00
IL,PLAINFIELD POLICE DEPT,1005-00-073-9421,"RIFLE,5.56 MILLIMETER",1,Each,499,D,1,2012-04-16 00:00:00
IL,PLAINFIELD POLICE DEPT,1005-00-073-9421,"RIFLE,5.56 MILLIMETER",1,Each,499,D,1,2012-04-16 00:00:00
IL,PLAINFIELD POLICE DEPT,5855-01-228-0936,NIGHT VISION GOGGLE,1,Each,4300,F,1,2012-05-03 00:00:00
IL,PLAINFIELD POLICE DEPT,1005-00-073-9421,"RIFLE,5.56 MILLIMETER",1,Each,499,D,1,2012-04-16 00:00:00
IL,PLAINFIELD POLICE DEPT,1005-00-073-9421,"RIFLE,5.56 MILLIMETER",1,Each,499,D,1,2012-04-16 00:00:00
IL,PLAINFIELD POLICE DEPT,1005-00-073-9421,"RIFLE,5.56 MILLIMETER",1,Each,499,D,1,2012-04-16 00:00:00
IL,PLAINFIELD POLICE DEPT,1005-00-073-9421,"RIFLE,5.56 MILLIMETER",1,Each,499,D,1,2012-04-16 00:00:00
IL,PLAINFIELD POLICE DEPT,1005-00-073-9421,"RIFLE,5.56 MILLIMETER",1,Each,499,D,1,2012-04-16 00:00:00
IL,PLAINFIELD POLICE DEPT,1005-00-589-1271,"RIFLE,7.62 MILLIMETER",1,Each,138,D,1,2008-05-29 00:00:00
IL,PLAINFIELD POLICE DEPT,1005-00-073-9421,"RIFLE,5.56 MILLIMETER",1,Each,499,D,1,2012-04-16 00:00:00
IL,PLAINFIELD POLICE DEPT,1005-00-073-9421,"RIFLE,5.56 MILLIMETER",1,Each,499,D,1,2012-04-16 00:00:00
IL,PLAINFIELD POLICE DEPT,1005-00-073-9421,"RIFLE,5.56 MILLIMETER",1,Each,499,D,1,2012-04-16 00:00:00
IL,PLAINFIELD POLICE DEPT,1005-00-073-9421,"RIFLE,5.56 MILLIMETER",1,Each,499,D,1,2012-04-16 00:00:00
IL,PLAINFIELD POLICE DEPT,1005-00-073-9421,"RIFLE,5.56 MILLIMETER",1,Each,499,D,1,2012-04-16 00:00:00
IL,PLAINFIELD POLICE DEPT,1005-00-073-9421,"RIFLE,5.56 MILLIMETER",1,Each,499,D,1,2012-04-16 00:00:00
IL,PLAINFIELD POLICE DEPT,1005-00-073-9421,"RIFLE,5.56 MILLIMETER",1,Each,499,D,1,2012-04-16 00:00:00
IL,PLAINFIELD POLICE DEPT,1005-00-073-9421,"RIFLE,5.56 MILLIMETER",1,Each,499,D,1,2012-04-16 00:00:00
IL,PLAINFIELD POLICE DEPT,1005-00-073-9421,"RIFLE,5.56 MILLIMETER",1,Each,499,D,1,2012-04-16 00:00:00
IL,PLAINFIELD POLICE DEPT,1005-00-073-9421,"RIFLE,5.56 MILLIMETER",1,Each,499,D,1,2012-04-16 00:00:00
IL,PLAINFIELD POLICE DEPT,1005-00-073-9421,"RIFLE,5.56 MILLIMETER",1,Each,499,D,1,2012-04-16 00:00:00
IL,PLAINFIELD POLICE DEPT,1005-00-073-9421,"RIFLE,5.56 MILLIMETER",1,Each,499,D,1,2012-04-16 00:00:00
IL,PLAINFIELD POLICE DEPT,1005-00-589-1271,"RIFLE,7.62 MILLIMETER",1,Each,138,D,1,2008-05-29 00:00:00
IL,PLAINFIELD POLICE DEPT,1005-00-589-1271,"RIFLE,7.62 MILLIMETER",1,Each,138,D,1,2008-05-29 00:00:00
IL,PLAINFIELD POLICE DEPT,1005-00-589-1271,"RIFLE,7.62 MILLIMETER",1,Each,138,D,1,2008-05-29 00:00:00
IL,PLAINFIELD POLICE DEPT,5855-01-228-0936,NIGHT VISION GOGGLE,1,Each,4300,F,1,2012-05-03 00:00:00
IL,PLAINFIELD POLICE DEPT,5855-01-228-0936,NIGHT VISION GOGGLE,1,Each,4300,F,1,2012-05-03 00:00:00
IL,PLAINFIELD POLICE DEPT,5855-01-228-0936,NIGHT VISION GOGGLE,1,Each,4300,F,1,2012-05-03 00:00:00
IL,PLAINFIELD POLICE DEPT,1005-00-726-5655,"PISTOL,CALIBER .45,AUTOMATIC",1,Each,58.71,D,1,2012-04-04 00:00:00
IL,PLAINFIELD POLICE DEPT,1005-00-726-5655,"PISTOL,CALIBER .45,AUTOMATIC",1,Each,58.71,D,1,2012-04-04 00:00:00
IL,PLAINFIELD POLICE DEPT,1005-00-726-5655,"PISTOL,CALIBER .45,AUTOMATIC",1,Each,58.71,D,1,2012-04-04 00:00:00
IL,PLAINFIELD POLICE DEPT,1005-00-726-5655,"PISTOL,CALIBER .45,AUTOMATIC",1,Each,58.71,D,1,2012-04-04 00:00:00
IL,PLAINFIELD POLICE DEPT,1005-00-726-5655,"PISTOL,CALIBER .45,AUTOMATIC",1,Each,58.71,D,1,2012-04-04 00:00:00
IL,PLAINFIELD POLICE DEPT,1005-00-589-1271,"RIFLE,7.62 MILLIMETER",1,Each,138,D,1,2008-05-29 00:00:00
IL,PLAINFIELD POLICE DEPT,1005-00-589-1271,"RIFLE,7.62 MILLIMETER",1,Each,138,D,1,2008-05-29 00:00:00
IL,PLAINFIELD POLICE DEPT,1005-00-589-1271,"RIFLE,7.62 MILLIMETER",1,Each,138,D,1,2008-05-29 00:00:00
IL,PLAINFIELD POLICE DEPT,5855-01-228-0936,NIGHT VISION GOGGLE,1,Each,4300,F,1,2012-05-03 00:00:00
IL,PLAINFIELD POLICE DEPT,2320-01-107-7155,"TRUCK,UTILITY",1,Each,41061,Q,6,2011-10-31 00:00:00
IL,PLAINFIELD POLICE DEPT,1560-00-827-2542,"BAG,STOWAGE GUN MOU",7,Each,306.48,Q,3,2013-08-07 00:00:00
IL,PLAINFIELD POLICE DEPT,1560-00-827-2542,"BAG,STOWAGE GUN MOU",8,Each,306.48,Q,3,2013-08-07 00:00:00
IL,PLAINFIELD POLICE DEPT,1005-01-233-8529,BARREL AND FRONT SIGHT ASSEMBLY,10,Each,115,D,1,2013-09-06 00:00:00
IL,PLAINFIELD POLICE DEPT,2320-01-107-7153,"TRUCK,UTILITY",1,Each,63894,C,1,2011-12-21 00:00:00
IL,PLAINFIELD POLICE DEPT,1005-00-726-5655,"PISTOL,CALIBER .45,AUTOMATIC",1,Each,58.71,D,1,2012-04-04 00:00:00
IL,PLAINFIELD POLICE DEPT,1005-01-382-6795,"RECEIVER,CARTRIDGE",1,Each,87.96,D,1,2013-03-19 00:00:00
IL,PLAINFIELD POLICE DEPT,5860-DS-LAS-ER00,STIMULATED COHERENT RADIATION DEVICES,5,Each,125,D,,2013-01-09 00:00:00
IL,PLAINFIELD POLICE DEPT,1005-01-382-6795,"RECEIVER,CARTRIDGE",4,Each,87.96,D,1,2013-03-19 00:00:00
IL,PLAINFIELD POLICE DEPT,1005-00-992-6676,"BIPOD,RIFLE",4,Each,39.07,D,7,2013-01-09 00:00:00
IL,PLAINFIELD POLICE DEPT,1005-00-087-8998,"RING,SLIP,HAND GUARD",1,Each,4.68,D,1,2012-05-03 00:00:00
IL,PLAINFIELD POLICE DEPT,1005-00-118-6192,"FIRING ATTACHMENT,BLANK AMMUNITION",15,Each,5.96,B,3,2012-05-03 00:00:00
IL,PLAINFIELD POLICE DEPT,6650-00-530-0960,"TELESCOPE,STRAIGHT",3,Each,442,D,1,2012-05-03 00:00:00
IL,PLAINFIELD POLICE DEPT,1005-01-134-3625,"POST,FRONT SIGHT   ",1,Each,1.26,D,1,2012-05-03 00:00:00
IL,PLAINFIELD POLICE DEPT,1005-01-442-0160,FORWARD ASSIST ASSEMBLY,1,Each,56.37,D,1,2012-05-03 00:00:00
IL,PLAINFIELD POLICE DEPT,1005-01-505-1035,"BOLT,BREECH",1,Each,62.38,D,1,2012-05-03 00:00:00
IL,PLAINFIELD POLICE DEPT,5855-01-465-2168,"ILLUMINATOR,INFRARED",1,Each,7786.31,C,1,2008-06-05 00:00:00
IL,PLAINFIELD POLICE DEPT,8415-01-470-0779,"TROUSERS,CAMOUFLAGE PATTERN",25,Pair,25.8,E,7,2013-12-12 00:00:00
IL,PLAINFIELD POLICE DEPT,1005-01-233-8529,BARREL AND FRONT SIGHT ASSEMBLY,1,Each,115,D,1,2013-03-19 00:00:00
IL,PLAINFIELD POLICE DEPT,1005-00-589-1271,"RIFLE,7.62 MILLIMETER",1,Each,138,D,1,2008-05-29 00:00:00
IL,PLAINFIELD POLICE DEPT,1095-01-526-7860,"FIRING DEVICE,NON-LETHAL",3,Each,1093,D,1,2015-05-05 00:00:00
IL,PLAINFIELD POLICE DEPT,5855-01-485-4223,"ILLUMINATOR,INFRARED",2,Each,2442.16,D,1,2014-11-26 00:00:00
IL,PLAINFIELD POLICE DEPT,5965-01-520-3847,"RADIO,PORTABLE     ",6,Each,4956,Q,3,2014-12-15 00:00:00
IL,PLAINFIELD POLICE DEPT,5820-01-186-9638,RADIO SET,15,Each,4229,C,1,2015-01-06 00:00:00
IL,PLAINFIELD POLICE DEPT,6665-01-321-2698,"DETECTOR,GAS",1,Each,3002.77,D,1,2014-08-20 00:00:00
IL,PLAINFIELD POLICE DEPT,2540-01-579-6132,"SEAT,VEHICULAR",10,Each,6395.61,Q,6,2014-09-17 00:00:00
IL,PLAINFIELD POLICE DEPT,2320-01-371-9579,"TRUCK,UTILITY",1,Each,63108,C,1,2014-06-23 00:00:00
IL,PLAINFIELD POLICE DEPT,2355-01-555-0908,MINE RESISTANT VEHICLE,1,Each,412000,C,1,2014-01-23 13:31:32.999232
IL,PLANO POLICE DEPT,1005-00-589-1271,"RIFLE,7.62 MILLIMETER",1,Each,138,D,1,2009-04-23 00:00:00
IL,PLANO POLICE DEPT,2320-01-371-9577,"TRUCK,UTILITY",1,Each,47023,Q,6,2013-10-18 00:00:00
IL,PLANO POLICE DEPT,1005-00-589-1271,"RIFLE,7.62 MILLIMETER",1,Each,138,D,1,2009-04-23 00:00:00
IL,PLANO POLICE DEPT,1005-00-589-1271,"RIFLE,7.62 MILLIMETER",1,Each,138,D,1,2009-04-23 00:00:00
IL,PLEASANT HILL POLICE DEPT,1005-00-073-9421,"RIFLE,5.56 MILLIMETER",1,Each,499,D,1,2012-01-03 00:00:00
IL,PLEASANT HILL POLICE DEPT,1005-00-726-5655,"PISTOL,CALIBER .45,AUTOMATIC",1,Each,58.71,D,1,2012-01-03 00:00:00
IL,PLEASANT HILL POLICE DEPT,1005-00-726-5655,"PISTOL,CALIBER .45,AUTOMATIC",1,Each,58.71,D,1,2012-01-03 00:00:00
IL,PLEASANT HILL POLICE DEPT,1005-00-073-9421,"RIFLE,5.56 MILLIMETER",1,Each,499,D,1,2012-01-03 00:00:00
IL,PLEASANT HILL POLICE DEPT,1005-00-726-5655,"PISTOL,CALIBER .45,AUTOMATIC",1,Each,58.71,D,1,2012-01-03 00:00:00
IL,PLEASANT HILL POLICE DEPT,1005-00-073-9421,"RIFLE,5.56 MILLIMETER",1,Each,499,D,1,2012-01-03 00:00:00
IL,PLEASANT PLAINS POLICE DEPT,1005-00-073-9421,"RIFLE,5.56 MILLIMETER",1,Each,499,D,1,2006-07-03 00:00:00
IL,POCAHONTAS POLICE DEPT,2320-01-107-7155,"TRUCK,UTILITY",1,Each,41061,Q,6,2012-08-13 00:00:00
IL,POLO POLICE DEPT,1005-00-856-6885,"RIFLE,5.56 MILLIMETER",1,Each,120,D,1,2011-09-01 00:00:00
IL,POLO POLICE DEPT,1005-00-726-5655,"PISTOL,CALIBER .45,AUTOMATIC",1,Each,58.71,D,1,2011-09-01 00:00:00
IL,POLO POLICE DEPT,1005-00-856-6885,"RIFLE,5.56 MILLIMETER",1,Each,120,D,1,2011-09-01 00:00:00
IL,POLO POLICE DEPT,1005-00-726-5655,"PISTOL,CALIBER .45,AUTOMATIC",1,Each,58.71,D,1,2011-09-01 00:00:00
IL,POLO POLICE DEPT,1005-00-073-9421,"RIFLE,5.56 MILLIMETER",1,Each,499,D,1,2004-04-14 00:00:00
IL,POLO POLICE DEPT,1005-00-856-6885,"RIFLE,5.56 MILLIMETER",1,Each,120,D,1,2011-09-01 00:00:00
IL,PONTOON BEACH POLICE,1005-00-073-9421,"RIFLE,5.56 MILLIMETER",1,Each,499,D,1,2005-08-23 00:00:00
IL,PONTOON BEACH POLICE,1005-00-921-5483,"SHOTGUN,12 GAGE,RIOT TYPE",1,Each,108,D,1,2005-08-24 00:00:00
IL,PONTOON BEACH POLICE,1005-00-073-9421,"RIFLE,5.56 MILLIMETER",1,Each,499,D,1,2005-08-23 00:00:00
IL,PONTOON BEACH POLICE,1005-00-073-9421,"RIFLE,5.56 MILLIMETER",1,Each,499,D,1,2005-08-23 00:00:00
IL,PONTOON BEACH POLICE,1005-00-921-5483,"SHOTGUN,12 GAGE,RIOT TYPE",1,Each,108,D,1,2005-08-24 00:00:00
IL,PONTOON BEACH POLICE,1005-00-921-5483,"SHOTGUN,12 GAGE,RIOT TYPE",1,Each,108,D,1,2005-08-24 00:00:00
IL,PONTOON BEACH POLICE,1005-00-589-1271,"RIFLE,7.62 MILLIMETER",1,Each,138,D,1,2005-08-23 00:00:00
IL,PONTOON BEACH POLICE,1005-00-589-1271,"RIFLE,7.62 MILLIMETER",1,Each,138,D,1,2005-08-23 00:00:00
IL,PONTOON BEACH POLICE,1005-00-589-1271,"RIFLE,7.62 MILLIMETER",1,Each,138,D,1,2005-08-23 00:00:00
IL,PONTOON BEACH POLICE,1005-00-073-9421,"RIFLE,5.56 MILLIMETER",1,Each,499,D,1,2005-08-23 00:00:00
IL,PONTOON BEACH POLICE,1005-00-589-1271,"RIFLE,7.62 MILLIMETER",1,Each,138,D,1,2005-08-23 00:00:00
IL,PONTOON BEACH POLICE,1005-00-073-9421,"RIFLE,5.56 MILLIMETER",1,Each,499,D,1,2005-08-23 00:00:00
IL,PONTOON BEACH POLICE,1005-00-589-1271,"RIFLE,7.62 MILLIMETER",1,Each,138,D,1,2005-08-23 00:00:00
IL,POPE COUNTY SHERIFF OFFICE,5820-01-069-2638,"RECEIVER-TRANSMITTER,RADIO",3,Each,11576.33,C,1,2014-06-12 00:00:00
IL,POPE COUNTY SHERIFF OFFICE,2320-01-128-9551,"TRUCK,UTILITY",1,Each,50458,C,1,2013-02-25 00:00:00
IL,POPE COUNTY SHERIFF OFFICE,2320-01-107-7155,"TRUCK,UTILITY",1,Each,41061,Q,6,2013-07-02 00:00:00
IL,PRINCETON POLICE DEPT,1005-00-726-5655,"PISTOL,CALIBER .45,AUTOMATIC",1,Each,58.71,D,1,2007-08-06 00:00:00
IL,PRINCETON POLICE DEPT,1005-00-726-5655,"PISTOL,CALIBER .45,AUTOMATIC",1,Each,58.71,D,1,2007-08-06 00:00:00
IL,PRINCETON POLICE DEPT,2320-01-371-9577,"TRUCK,UTILITY",1,Each,47023,Q,6,2012-08-29 00:00:00
IL,PRINCETON POLICE DEPT,2320-01-371-9577,"TRUCK,UTILITY",1,Each,47023,Q,6,2012-08-29 00:00:00
IL,PRINCETON POLICE DEPT,2320-01-107-7155,"TRUCK,UTILITY",1,Each,41061,Q,6,2011-03-09 00:00:00
IL,PRINCETON POLICE DEPT,1005-00-856-6885,"RIFLE,5.56 MILLIMETER",1,Each,120,D,1,2010-05-21 00:00:00
IL,PRINCETON POLICE DEPT,1005-00-856-6885,"RIFLE,5.56 MILLIMETER",1,Each,120,D,1,2010-05-21 00:00:00
IL,PRINCETON POLICE DEPT,1005-00-589-1271,"RIFLE,7.62 MILLIMETER",1,Each,138,D,1,2000-02-09 00:00:00
IL,PRINCETON POLICE DEPT,1005-00-589-1271,"RIFLE,7.62 MILLIMETER",1,Each,138,D,1,1994-07-13 00:00:00
IL,PRINCETON POLICE DEPT,1005-00-589-1271,"RIFLE,7.62 MILLIMETER",1,Each,138,D,1,1994-07-13 00:00:00
IL,PRINCETON POLICE DEPT,1005-DS-SWE-PASC,WEAPON ACCESSORIES,16,Each,20,D,,2010-12-29 00:00:00
IL,PRINCETON POLICE DEPT,1385-DS-ROB-TEOD,EOD ROBOT,1,Each,8000,D,,2011-03-05 00:00:00
IL,PRINCETON POLICE DEPT,1005-DS-SWE-PASC,WEAPON ACCESSORIES,5,Each,50,D,,2010-12-29 00:00:00
IL,PRINCETON POLICE DEPT,5855-01-490-7044,"VIEWER,NIGHT VISION",1,Each,50158.8,D,1,2010-06-23 00:00:00
IL,PRINCETON POLICE DEPT,1240-01-492-5264,"SIGHT,HOLOGRAPHIC  ",21,Each,506.8,D,1,2010-06-28 00:00:00
IL,PRINCETON POLICE DEPT,1005-00-072-5385,"PAD,RECOIL",11,Each,320.35,B,3,2012-01-27 00:00:00
IL,PRINCETON POLICE DEPT,1240-01-410-7418,BINOCULAR,2,Each,6120,F,1,2012-01-30 00:00:00
IL,PRINCETON POLICE DEPT,8415-01-442-1991,"VEST,SURVIVAL",25,Each,300.28,Q,3,2010-02-21 00:00:00
IL,PRINCETON POLICE DEPT,5855-01-538-7994,"VIEWER,NIGHT VISION",2,Each,20107.73,C,1,2011-03-12 00:00:00
IL,PRINCETON POLICE DEPT,8415-01-442-1991,"VEST,SURVIVAL",7,Each,300.28,Q,3,2010-03-06 00:00:00
IL,PRINCETON POLICE DEPT,8470-01-523-0071,"HELMET,ADVANCED COMBAT",8,Each,205.29,D,1,2010-05-25 00:00:00
IL,PRINCETON POLICE DEPT,8470-01-529-6329,"HELMET,ADVANCED COMBAT",30,Each,273.4,D,1,2010-05-01 00:00:00
IL,PRINCETON POLICE DEPT,8470-01-467-0762,GUARD SHIN RIGID   ,1,Pair,620.21,D,1,2010-06-08 00:00:00
IL,PRINCETON POLICE DEPT,8470-01-523-0075,"HELMET,ADVANCED COMBAT",8,Each,205.29,D,1,2010-05-25 00:00:00
IL,PRINCETON POLICE DEPT,5855-01-420-0849,"ILLUMINATOR,INFRARED",10,Each,1018.85,D,1,2011-09-15 00:00:00
IL,PRINCETON POLICE DEPT,1005-00-628-9048,"MAGAZINE,CARTRIDGE",14,Each,15.95,D,1,2012-01-27 00:00:00
IL,PRINCETON POLICE DEPT,1005-00-628-9048,"MAGAZINE,CARTRIDGE",3,Each,15.95,D,1,2012-01-27 00:00:00
IL,PRINCETON POLICE DEPT,1005-00-921-5004,"MAGAZINE,CARTRIDGE",63,Each,12.3,D,1,2010-12-12 00:00:00
IL,PRINCETON POLICE DEPT,8470-01-445-0997,"BALLISTIC PLATE INSERTS,CERAMIC TILE",20,Each,42.35,D,1,2011-04-02 00:00:00
IL,PRINCETON POLICE DEPT,8470-01-506-6721,"PARTS KIT,HELMET   ",1,Kit,1623.22,B,3,2011-06-28 00:00:00
IL,PRINCETON POLICE DEPT,1005-00-921-5004,"MAGAZINE,CARTRIDGE",100,Each,12.3,D,1,2011-12-31 00:00:00
IL,PRINCETON POLICE DEPT,1240-01-470-6548,"SIGHT,TEPESCOPIC 10",2,Each,1669.17,D,1,2011-11-24 00:00:00
IL,PRINCETON POLICE DEPT,2540-01-223-0041,"KIT,M14,M16 RIFLE M",2,Each,71.45,B,3,2010-03-06 00:00:00
IL,PRINCETON POLICE DEPT,1005-00-890-2609,"BIPOD,RIFLE",15,Each,23.82,D,1,2010-03-06 00:00:00
IL,PRINCETON POLICE DEPT,8470-01-467-0757,BODY SHIELD        ,6,Each,1085.48,D,1,2010-05-22 00:00:00
IL,PRINCETON POLICE DEPT,8470-01-467-0757,BODY SHIELD        ,5,Each,1085.48,D,1,2010-05-22 00:00:00
IL,PRINCETON POLICE DEPT,8470-01-529-6344,"HELMET,ADVANCED COMBAT",3,Each,273.4,D,1,2010-05-25 00:00:00
IL,PRINCETON POLICE DEPT,8470-01-467-0765,GUARD SHIN RIGID   ,1,Pair,620.21,D,1,2010-06-08 00:00:00
IL,PRINCETON POLICE DEPT,1005-00-726-5655,"PISTOL,CALIBER .45,AUTOMATIC",1,Each,58.71,D,1,2007-08-06 00:00:00
IL,PRINCETON POLICE DEPT,1005-00-726-5655,"PISTOL,CALIBER .45,AUTOMATIC",1,Each,58.71,D,1,2007-08-06 00:00:00
IL,PRINCETON POLICE DEPT,1005-00-589-1271,"RIFLE,7.62 MILLIMETER",1,Each,138,D,1,2008-10-14 00:00:00
IL,PRINCETON POLICE DEPT,1005-00-726-5655,"PISTOL,CALIBER .45,AUTOMATIC",1,Each,58.71,D,1,2007-08-06 00:00:00
IL,PRINCETON POLICE DEPT,1005-00-726-5655,"PISTOL,CALIBER .45,AUTOMATIC",1,Each,58.71,D,1,2007-08-06 00:00:00
IL,PRINCETON POLICE DEPT,1005-00-726-5655,"PISTOL,CALIBER .45,AUTOMATIC",1,Each,58.71,D,1,2007-08-06 00:00:00
IL,PRINCETON POLICE DEPT,1385-DS-ROB-TEOD,EOD ROBOT,1,Each,8000,D,,2011-03-05 00:00:00
IL,PRINCETON POLICE DEPT,1240-01-411-1265,"SIGHT,REFLEX",19,Each,315,D,1,2010-07-23 00:00:00
IL,PRINCETON POLICE DEPT,1005-00-726-5655,"PISTOL,CALIBER .45,AUTOMATIC",1,Each,58.71,D,1,2007-08-06 00:00:00
IL,PRINCETON POLICE DEPT,1005-00-726-5655,"PISTOL,CALIBER .45,AUTOMATIC",1,Each,58.71,D,1,2007-08-06 00:00:00
IL,PRINCETON POLICE DEPT,1005-00-726-5655,"PISTOL,CALIBER .45,AUTOMATIC",1,Each,58.71,D,1,2007-08-06 00:00:00
IL,PRINCETON POLICE DEPT,1005-00-726-5655,"PISTOL,CALIBER .45,AUTOMATIC",1,Each,58.71,D,1,2007-08-06 00:00:00
IL,PRINCETON POLICE DEPT,1005-00-726-5655,"PISTOL,CALIBER .45,AUTOMATIC",1,Each,58.71,D,1,2007-08-06 00:00:00
IL,PRINCETON POLICE DEPT,1005-00-726-5655,"PISTOL,CALIBER .45,AUTOMATIC",1,Each,58.71,D,1,2007-08-06 00:00:00
IL,PRINCETON POLICE DEPT,1005-00-726-5655,"PISTOL,CALIBER .45,AUTOMATIC",1,Each,58.71,D,1,2007-08-06 00:00:00
IL,PRINCETON POLICE DEPT,1005-00-726-5655,"PISTOL,CALIBER .45,AUTOMATIC",1,Each,58.71,D,1,2007-08-06 00:00:00
IL,PRINCETON POLICE DEPT,1005-00-726-5655,"PISTOL,CALIBER .45,AUTOMATIC",1,Each,58.71,D,1,2007-08-06 00:00:00
IL,PRINCETON POLICE DEPT,1005-00-726-5655,"PISTOL,CALIBER .45,AUTOMATIC",1,Each,58.71,D,1,2007-08-06 00:00:00
IL,PRINCETON POLICE DEPT,1005-00-726-5655,"PISTOL,CALIBER .45,AUTOMATIC",1,Each,58.71,D,1,2007-08-06 00:00:00
IL,PRINCETON POLICE DEPT,1005-00-589-1271,"RIFLE,7.62 MILLIMETER",1,Each,138,D,1,2000-02-09 00:00:00
IL,PROSPECT HEIGHTS POLICE DEPT,1005-00-073-9421,"RIFLE,5.56 MILLIMETER",1,Each,499,D,1,2007-07-11 00:00:00
IL,PROSPECT HEIGHTS POLICE DEPT,1005-00-073-9421,"RIFLE,5.56 MILLIMETER",1,Each,499,D,1,2007-07-11 00:00:00
IL,PROSPECT HEIGHTS POLICE DEPT,1005-00-589-1271,"RIFLE,7.62 MILLIMETER",1,Each,138,D,1,2004-04-28 00:00:00
IL,PROSPECT HEIGHTS POLICE DEPT,1005-00-589-1271,"RIFLE,7.62 MILLIMETER",1,Each,138,D,1,2004-04-28 00:00:00
IL,PROSPECT HEIGHTS POLICE DEPT,5855-01-495-1750,"GOGGLE,NIGHT VISION",1,Each,365,C,1,2015-06-08 00:00:00
IL,PROSPECT HEIGHTS POLICE DEPT,2320-01-128-9551,"TRUCK,UTILITY",1,Each,50458,C,1,2014-06-16 00:00:00
IL,PROSPECT HEIGHTS POLICE DEPT,1005-00-073-9421,"RIFLE,5.56 MILLIMETER",1,Each,499,D,1,2007-07-11 00:00:00
IL,PROSPECT HEIGHTS POLICE DEPT,1005-00-073-9421,"RIFLE,5.56 MILLIMETER",1,Each,499,D,1,2007-07-11 00:00:00
IL,PULASKI COUNTY SHERIFFS OFFICE,1005-00-589-1271,"RIFLE,7.62 MILLIMETER",1,Each,138,D,1,2006-05-02 00:00:00
IL,PULASKI COUNTY SHERIFFS OFFICE,1005-00-726-5655,"PISTOL,CALIBER .45,AUTOMATIC",1,Each,58.71,D,1,2006-04-27 00:00:00
IL,PULASKI COUNTY SHERIFFS OFFICE,1005-01-128-9936,"RIFLE,5.56 MILLIMETER",1,Each,749,D,1,2014-09-24 00:00:00
IL,PULASKI COUNTY SHERIFFS OFFICE,1005-01-128-9936,"RIFLE,5.56 MILLIMETER",1,Each,749,D,1,2014-09-24 00:00:00
IL,PULASKI COUNTY SHERIFFS OFFICE,1005-01-128-9936,"RIFLE,5.56 MILLIMETER",1,Each,749,D,1,2014-09-24 00:00:00
IL,PULASKI COUNTY SHERIFFS OFFICE,1005-01-128-9936,"RIFLE,5.56 MILLIMETER",1,Each,749,D,1,2014-09-24 00:00:00
IL,PULASKI COUNTY SHERIFFS OFFICE,1005-01-128-9936,"RIFLE,5.56 MILLIMETER",1,Each,749,D,1,2014-09-24 00:00:00
IL,PULASKI COUNTY SHERIFFS OFFICE,1005-01-128-9936,"RIFLE,5.56 MILLIMETER",1,Each,749,D,1,2014-09-24 00:00:00
IL,PULASKI COUNTY SHERIFFS OFFICE,1005-01-128-9936,"RIFLE,5.56 MILLIMETER",1,Each,749,D,1,2014-09-24 00:00:00
IL,PULASKI COUNTY SHERIFFS OFFICE,1005-01-128-9936,"RIFLE,5.56 MILLIMETER",1,Each,749,D,1,2014-09-24 00:00:00
IL,PULASKI COUNTY SHERIFFS OFFICE,1005-01-128-9936,"RIFLE,5.56 MILLIMETER",1,Each,749,D,1,2014-09-24 00:00:00
IL,PULASKI COUNTY SHERIFFS OFFICE,1005-01-128-9936,"RIFLE,5.56 MILLIMETER",1,Each,749,D,1,2014-09-24 00:00:00
IL,PULASKI COUNTY SHERIFFS OFFICE,1005-01-128-9936,"RIFLE,5.56 MILLIMETER",1,Each,749,D,1,2014-09-24 00:00:00
IL,PULASKI COUNTY SHERIFFS OFFICE,1005-01-128-9936,"RIFLE,5.56 MILLIMETER",1,Each,749,D,1,2014-09-24 00:00:00
IL,PULASKI COUNTY SHERIFFS OFFICE,1005-01-128-9936,"RIFLE,5.56 MILLIMETER",1,Each,749,D,1,2014-09-24 00:00:00
IL,PULASKI COUNTY SHERIFFS OFFICE,1005-01-128-9936,"RIFLE,5.56 MILLIMETER",1,Each,749,D,1,2014-09-24 00:00:00
IL,PULASKI COUNTY SHERIFFS OFFICE,2320-01-107-7155,"TRUCK,UTILITY",1,Each,41061,Q,6,2012-07-19 00:00:00
IL,PULASKI COUNTY SHERIFFS OFFICE,1005-00-726-5655,"PISTOL,CALIBER .45,AUTOMATIC",1,Each,58.71,D,1,2006-04-27 00:00:00
IL,PULASKI COUNTY SHERIFFS OFFICE,1005-00-073-9421,"RIFLE,5.56 MILLIMETER",1,Each,499,D,1,2006-04-28 00:00:00
IL,PULASKI COUNTY SHERIFFS OFFICE,1005-00-726-5655,"PISTOL,CALIBER .45,AUTOMATIC",1,Each,58.71,D,1,2006-04-27 00:00:00
IL,PULASKI COUNTY SHERIFFS OFFICE,1005-00-726-5655,"PISTOL,CALIBER .45,AUTOMATIC",1,Each,58.71,D,1,2006-04-27 00:00:00
IL,PULASKI COUNTY SHERIFFS OFFICE,1005-00-726-5655,"PISTOL,CALIBER .45,AUTOMATIC",1,Each,58.71,D,1,2006-04-27 00:00:00
IL,QUINCY POLICE DEPT,2320-01-107-7155,"TRUCK,UTILITY",1,Each,41061,Q,6,2012-05-22 00:00:00
IL,RANDOLPH COUNTY SHERIFF OFFICE,1005-00-073-9421,"RIFLE,5.56 MILLIMETER",1,Each,499,D,1,2012-11-20 00:00:00
IL,RANDOLPH COUNTY SHERIFF OFFICE,1005-00-073-9421,"RIFLE,5.56 MILLIMETER",1,Each,499,D,1,2012-11-20 00:00:00
IL,RANDOLPH COUNTY SHERIFF OFFICE,1005-00-073-9421,"RIFLE,5.56 MILLIMETER",1,Each,499,D,1,2012-11-20 00:00:00
IL,RANDOLPH COUNTY SHERIFF OFFICE,1005-00-073-9421,"RIFLE,5.56 MILLIMETER",1,Each,499,D,1,2012-11-20 00:00:00
IL,RANDOLPH COUNTY SHERIFF OFFICE,1005-00-073-9421,"RIFLE,5.56 MILLIMETER",1,Each,499,D,1,2012-11-20 00:00:00
IL,RANDOLPH COUNTY SHERIFF OFFICE,1005-00-073-9421,"RIFLE,5.56 MILLIMETER",1,Each,499,D,1,2012-11-20 00:00:00
IL,RICHMOND POLICE DEPT,2320-01-107-7155,"TRUCK,UTILITY",1,Each,41061,Q,6,2014-01-08 00:00:00
IL,RICHMOND POLICE DEPT,5855-00-688-9954,STARLIGHT SCOPE    ,1,Each,14855,F,1,2013-08-14 00:00:00
IL,RICHMOND POLICE DEPT,2320-01-107-7155,"TRUCK,UTILITY",1,Each,41061,Q,6,2014-01-08 00:00:00
IL,RIVER FOREST POLICE DEPT,1005-01-128-9936,"RIFLE,5.56 MILLIMETER",1,Each,749,D,1,2014-10-20 00:00:00
IL,RIVER FOREST POLICE DEPT,1005-00-589-1271,"RIFLE,7.62 MILLIMETER",1,Each,138,D,1,2000-02-07 00:00:00
IL,RIVER FOREST POLICE DEPT,1005-00-589-1271,"RIFLE,7.62 MILLIMETER",1,Each,138,D,1,2000-02-07 00:00:00
IL,RIVER FOREST POLICE DEPT,1005-00-073-9421,"RIFLE,5.56 MILLIMETER",1,Each,499,D,1,2002-09-03 00:00:00
IL,RIVER FOREST POLICE DEPT,1005-00-589-1271,"RIFLE,7.62 MILLIMETER",1,Each,138,D,1,2000-02-07 00:00:00
IL,RIVER FOREST POLICE DEPT,1005-00-589-1271,"RIFLE,7.62 MILLIMETER",1,Each,138,D,1,2000-02-07 00:00:00
IL,RIVER FOREST POLICE DEPT,1005-00-073-9421,"RIFLE,5.56 MILLIMETER",1,Each,499,D,1,2002-09-03 00:00:00
IL,RIVER FOREST POLICE DEPT,1005-01-128-9936,"RIFLE,5.56 MILLIMETER",1,Each,749,D,1,2014-10-20 00:00:00
IL,RIVER GROVE POLICE DEPT,1005-00-073-9421,"RIFLE,5.56 MILLIMETER",1,Each,499,D,1,2003-10-14 00:00:00
IL,RIVER GROVE POLICE DEPT,1005-00-073-9421,"RIFLE,5.56 MILLIMETER",1,Each,499,D,1,2003-10-14 00:00:00
IL,RIVER GROVE POLICE DEPT,1005-00-073-9421,"RIFLE,5.56 MILLIMETER",1,Each,499,D,1,2003-10-14 00:00:00
IL,RIVER GROVE POLICE DEPT,1005-00-073-9421,"RIFLE,5.56 MILLIMETER",1,Each,499,D,1,2003-10-14 00:00:00
IL,RIVERDALE POLICE DEPT.,1005-00-073-9421,"RIFLE,5.56 MILLIMETER",1,Each,499,D,1,2005-03-16 00:00:00
IL,RIVERDALE POLICE DEPT.,1005-00-073-9421,"RIFLE,5.56 MILLIMETER",1,Each,499,D,1,2005-03-16 00:00:00
IL,RIVERDALE POLICE DEPT.,1005-00-073-9421,"RIFLE,5.56 MILLIMETER",1,Each,499,D,1,2005-03-16 00:00:00
IL,RIVERDALE POLICE DEPT.,1005-00-073-9421,"RIFLE,5.56 MILLIMETER",1,Each,499,D,1,2005-03-16 00:00:00
IL,RIVERDALE POLICE DEPT.,1005-00-589-1271,"RIFLE,7.62 MILLIMETER",1,Each,138,D,1,2005-03-21 00:00:00
IL,RIVERDALE POLICE DEPT.,1005-00-589-1271,"RIFLE,7.62 MILLIMETER",1,Each,138,D,1,2005-03-21 00:00:00
IL,RIVERDALE POLICE DEPT.,1005-00-073-9421,"RIFLE,5.56 MILLIMETER",1,Each,499,D,1,2005-03-16 00:00:00
IL,RIVERDALE POLICE DEPT.,1005-00-073-9421,"RIFLE,5.56 MILLIMETER",1,Each,499,D,1,2005-03-16 00:00:00
IL,RIVERDALE POLICE DEPT.,1005-00-073-9421,"RIFLE,5.56 MILLIMETER",1,Each,499,D,1,2005-03-16 00:00:00
IL,RIVERDALE POLICE DEPT.,1005-00-589-1271,"RIFLE,7.62 MILLIMETER",1,Each,138,D,1,2005-03-21 00:00:00
IL,RIVERDALE POLICE DEPT.,1005-00-589-1271,"RIFLE,7.62 MILLIMETER",1,Each,138,D,1,2005-03-21 00:00:00
IL,RIVERTON POLICE DEPT,1005-00-589-1271,"RIFLE,7.62 MILLIMETER",1,Each,138,D,1,2000-03-20 00:00:00
IL,RIVERTON POLICE DEPT,1005-00-856-6885,"RIFLE,5.56 MILLIMETER",1,Each,120,D,1,2010-10-28 00:00:00
IL,RIVERTON POLICE DEPT,1005-00-073-9421,"RIFLE,5.56 MILLIMETER",1,Each,499,D,1,2003-11-12 00:00:00
IL,RIVERTON POLICE DEPT,1005-00-073-9421,"RIFLE,5.56 MILLIMETER",1,Each,499,D,1,2012-04-03 00:00:00
IL,RIVERTON POLICE DEPT,1005-00-073-9421,"RIFLE,5.56 MILLIMETER",1,Each,499,D,1,2012-04-03 00:00:00
IL,RIVERTON POLICE DEPT,1005-00-073-9421,"RIFLE,5.56 MILLIMETER",1,Each,499,D,1,2012-04-03 00:00:00
IL,RIVERTON POLICE DEPT,1005-00-073-9421,"RIFLE,5.56 MILLIMETER",1,Each,499,D,1,2012-04-03 00:00:00
IL,RIVERTON POLICE DEPT,1005-00-073-9421,"RIFLE,5.56 MILLIMETER",1,Each,499,D,1,2012-04-03 00:00:00
IL,RIVERTON POLICE DEPT,1005-00-073-9421,"RIFLE,5.56 MILLIMETER",1,Each,499,D,1,2003-11-12 00:00:00
IL,RIVERTON POLICE DEPT,1005-00-589-1271,"RIFLE,7.62 MILLIMETER",1,Each,138,D,1,2000-03-20 00:00:00
IL,RIVERWOODS POLICE DEPT,8470-01-560-3267,"HELMET,GROUND TROOPS",4,Each,269.76,D,1,2010-01-18 00:00:00
IL,RIVERWOODS POLICE DEPT,1005-00-856-6885,"RIFLE,5.56 MILLIMETER",1,Each,120,D,1,2010-02-11 00:00:00
IL,ROBINSON POLICE DEPT,5825-01-457-5944,"NAVIGATION SET,SATELLITE SIGNALS",12,Each,368,Q,3,2012-04-07 00:00:00
IL,ROBINSON POLICE DEPT,6675-01-411-4533,"TARGET SET,SURVEYING",2,Set,1400,B,3,2012-05-21 00:00:00
IL,ROBINSON POLICE DEPT,8405-00-001-8028,"TROUSERS,WET WEATHER",2,Pair,27.32,E,1,2012-01-31 00:00:00
IL,ROBINSON POLICE DEPT,6675-01-371-4961,"SURVEYING INSTRUMENT,ELECTRONIC DISTANCE MEASURING,INFRARED",1,Each,50000,Q,6,2012-04-14 00:00:00
IL,ROBINSON POLICE DEPT,1005-00-921-5004,"MAGAZINE,CARTRIDGE",33,Each,12.3,D,1,2012-04-14 00:00:00
IL,ROBINSON POLICE DEPT,5855-01-532-3606,"TELESCOPE,NON-INVERTING INFRARED",1,Each,2519.25,D,1,2012-04-14 00:00:00
IL,ROBINSON POLICE DEPT,5855-01-532-3606,"TELESCOPE,NON-INVERTING INFRARED",1,Each,2519.25,D,1,2012-04-14 00:00:00
IL,ROBINSON POLICE DEPT,5855-01-532-3606,"TELESCOPE,NON-INVERTING INFRARED",1,Each,2519.25,D,1,2012-04-14 00:00:00
IL,ROBINSON POLICE DEPT,5855-01-532-3606,"TELESCOPE,NON-INVERTING INFRARED",1,Each,2519.25,D,1,2012-04-14 00:00:00
IL,ROBINSON POLICE DEPT,5855-01-532-3606,"TELESCOPE,NON-INVERTING INFRARED",1,Each,2519.25,D,1,2012-04-14 00:00:00
IL,ROBINSON POLICE DEPT,5855-01-532-3606,"TELESCOPE,NON-INVERTING INFRARED",1,Each,2519.25,D,1,2012-04-14 00:00:00
IL,ROBINSON POLICE DEPT,5855-01-532-3606,"TELESCOPE,NON-INVERTING INFRARED",1,Each,2519.25,D,1,2012-04-14 00:00:00
IL,ROBINSON POLICE DEPT,5855-01-532-3606,"TELESCOPE,NON-INVERTING INFRARED",1,Each,2519.25,D,1,2012-04-14 00:00:00
IL,ROBINSON POLICE DEPT,5855-01-532-3606,"TELESCOPE,NON-INVERTING INFRARED",1,Each,2519.25,D,1,2012-04-14 00:00:00
IL,ROBINSON POLICE DEPT,5855-01-532-3606,"TELESCOPE,NON-INVERTING INFRARED",1,Each,2519.25,D,1,2012-04-14 00:00:00
IL,ROBINSON POLICE DEPT,5855-01-532-3606,"TELESCOPE,NON-INVERTING INFRARED",1,Each,2519.25,D,1,2012-04-14 00:00:00
IL,ROBINSON POLICE DEPT,5855-01-532-3606,"TELESCOPE,NON-INVERTING INFRARED",1,Each,2519.25,D,1,2012-04-14 00:00:00
IL,ROBINSON POLICE DEPT,5855-01-532-3606,"TELESCOPE,NON-INVERTING INFRARED",1,Each,2519.25,D,1,2012-04-14 00:00:00
IL,ROBINSON POLICE DEPT,5855-01-532-3606,"TELESCOPE,NON-INVERTING INFRARED",1,Each,2519.25,D,1,2012-04-14 00:00:00
IL,ROBINSON POLICE DEPT,5855-01-532-3606,"TELESCOPE,NON-INVERTING INFRARED",1,Each,2519.25,D,1,2012-04-14 00:00:00
IL,ROBINSON POLICE DEPT,5855-01-532-3606,"TELESCOPE,NON-INVERTING INFRARED",1,Each,2519.25,D,1,2012-04-14 00:00:00
IL,ROBINSON POLICE DEPT,5855-01-532-3606,"TELESCOPE,NON-INVERTING INFRARED",1,Each,2519.25,D,1,2012-04-14 00:00:00
IL,ROBINSON POLICE DEPT,5855-01-532-3606,"TELESCOPE,NON-INVERTING INFRARED",1,Each,2519.25,D,1,2012-04-14 00:00:00
IL,ROBINSON POLICE DEPT,5855-01-532-3606,"TELESCOPE,NON-INVERTING INFRARED",1,Each,2519.25,D,1,2012-04-14 00:00:00
IL,ROBINSON POLICE DEPT,1240-01-411-1265,"SIGHT,REFLEX",20,Each,315,D,1,2012-03-01 00:00:00
IL,ROBINSON POLICE DEPT,1240-01-411-1265,"SIGHT,REFLEX",8,Each,315,D,1,2012-02-09 00:00:00
IL,ROBINSON POLICE DEPT,5855-01-228-0939,NIGHT VISION GOGGLE,1,Each,7621,F,1,2012-03-20 00:00:00
IL,ROBINSON POLICE DEPT,5855-01-228-0939,NIGHT VISION GOGGLE,1,Each,7621,F,1,2012-03-20 00:00:00
IL,ROBINSON POLICE DEPT,5855-01-228-0939,NIGHT VISION GOGGLE,1,Each,7621,F,1,2012-03-20 00:00:00
IL,ROBINSON POLICE DEPT,5855-01-228-0939,NIGHT VISION GOGGLE,1,Each,7621,F,1,2012-03-20 00:00:00
IL,ROBINSON POLICE DEPT,5855-01-228-0939,NIGHT VISION GOGGLE,1,Each,7621,F,1,2012-03-20 00:00:00
IL,ROBINSON POLICE DEPT,5855-01-532-3606,"TELESCOPE,NON-INVERTING INFRARED",1,Each,2519.25,D,1,2012-04-14 00:00:00
IL,ROCHELLE POLICE DEPT,1005-00-073-9421,"RIFLE,5.56 MILLIMETER",1,Each,499,D,1,2007-06-21 00:00:00
IL,ROCHELLE POLICE DEPT,1005-00-073-9421,"RIFLE,5.56 MILLIMETER",1,Each,499,D,1,2007-06-21 00:00:00
IL,ROCHELLE POLICE DEPT,1005-00-073-9421,"RIFLE,5.56 MILLIMETER",1,Each,499,D,1,2007-06-21 00:00:00
IL,ROCHELLE POLICE DEPT,1005-00-073-9421,"RIFLE,5.56 MILLIMETER",1,Each,499,D,1,2007-06-21 00:00:00
IL,ROCHESTER POLICE DEPT,5855-01-525-3638,"VIEWER,NIGHT VISION",1,Each,1736.49,C,1,2008-11-01 00:00:00
IL,ROCHESTER POLICE DEPT,5855-01-525-3638,"VIEWER,NIGHT VISION",1,Each,1736.49,C,1,2008-11-01 00:00:00
IL,ROCHESTER POLICE DEPT,1005-00-589-1271,"RIFLE,7.62 MILLIMETER",1,Each,138,D,1,2002-08-21 00:00:00
IL,ROCHESTER POLICE DEPT,1005-00-589-1271,"RIFLE,7.62 MILLIMETER",1,Each,138,D,1,2002-08-21 00:00:00
IL,ROCK FALLS POLICE DEPT,1005-00-073-9421,"RIFLE,5.56 MILLIMETER",1,Each,499,D,1,2006-08-28 00:00:00
IL,ROCK FALLS POLICE DEPT,1005-00-073-9421,"RIFLE,5.56 MILLIMETER",1,Each,499,D,1,2006-08-28 00:00:00
IL,ROCK FALLS POLICE DEPT,1005-00-073-9421,"RIFLE,5.56 MILLIMETER",1,Each,499,D,1,2006-08-28 00:00:00
IL,ROCK FALLS POLICE DEPT,1005-00-073-9421,"RIFLE,5.56 MILLIMETER",1,Each,499,D,1,2006-08-28 00:00:00
IL,ROCK ISLAND COUNTY SHERIFF DEPT,1005-00-073-9421,"RIFLE,5.56 MILLIMETER",1,Each,499,D,1,2008-07-21 00:00:00
IL,ROCK ISLAND COUNTY SHERIFF DEPT,1005-00-073-9421,"RIFLE,5.56 MILLIMETER",1,Each,499,D,1,2008-07-21 00:00:00
IL,ROCK ISLAND COUNTY SHERIFF DEPT,1005-00-073-9421,"RIFLE,5.56 MILLIMETER",1,Each,499,D,1,2008-07-22 00:00:00
IL,ROCK ISLAND COUNTY SHERIFF DEPT,1005-00-073-9421,"RIFLE,5.56 MILLIMETER",1,Each,499,D,1,2008-07-21 00:00:00
IL,ROCK ISLAND COUNTY SHERIFF DEPT,1005-00-073-9421,"RIFLE,5.56 MILLIMETER",1,Each,499,D,1,2008-07-22 00:00:00
IL,ROCK ISLAND COUNTY SHERIFF DEPT,1005-00-073-9421,"RIFLE,5.56 MILLIMETER",1,Each,499,D,1,2008-07-21 00:00:00
IL,ROCK ISLAND COUNTY SHERIFF DEPT,1005-00-073-9421,"RIFLE,5.56 MILLIMETER",1,Each,499,D,1,2008-07-22 00:00:00
IL,ROCK ISLAND COUNTY SHERIFF DEPT,1005-00-073-9421,"RIFLE,5.56 MILLIMETER",1,Each,499,D,1,2008-07-21 00:00:00
IL,ROCK ISLAND COUNTY SHERIFF DEPT,1005-00-073-9421,"RIFLE,5.56 MILLIMETER",1,Each,499,D,1,2008-07-21 00:00:00
IL,ROCK ISLAND COUNTY SHERIFF DEPT,1005-00-073-9421,"RIFLE,5.56 MILLIMETER",1,Each,499,D,1,2008-07-21 00:00:00
IL,ROCK ISLAND COUNTY SHERIFF DEPT,1005-00-073-9421,"RIFLE,5.56 MILLIMETER",1,Each,499,D,1,2008-07-21 00:00:00
IL,ROCK ISLAND COUNTY SHERIFF DEPT,1005-00-073-9421,"RIFLE,5.56 MILLIMETER",1,Each,499,D,1,2008-07-22 00:00:00
IL,ROCK ISLAND CTY METRO AIRPORT AUTH,1005-00-856-6885,"RIFLE,5.56 MILLIMETER",1,Each,120,D,1,2010-08-30 00:00:00
IL,ROCK ISLAND CTY METRO AIRPORT AUTH,1240-01-082-8849,"SIGHT,INFINITY",3,Each,20400,D,,2012-08-13 00:00:00
IL,ROCK ISLAND CTY METRO AIRPORT AUTH,1005-00-856-6885,"RIFLE,5.56 MILLIMETER",1,Each,120,D,1,2011-09-07 00:00:00
IL,ROCK ISLAND CTY METRO AIRPORT AUTH,1240-01-439-7265,"MOUNT,QUICK RELEASE ASSEMBLY",15,Each,43.97,B,3,2013-02-22 00:00:00
IL,ROCK ISLAND CTY METRO AIRPORT AUTH,1005-00-856-6885,"RIFLE,5.56 MILLIMETER",1,Each,120,D,1,2010-08-30 00:00:00
IL,ROCK ISLAND CTY METRO AIRPORT AUTH,1005-00-856-6885,"RIFLE,5.56 MILLIMETER",1,Each,120,D,1,2011-09-07 00:00:00
IL,ROCK ISLAND CTY METRO AIRPORT AUTH,1005-00-856-6885,"RIFLE,5.56 MILLIMETER",1,Each,120,D,1,2011-09-07 00:00:00
IL,ROCK ISLAND CTY METRO AIRPORT AUTH,1005-00-677-9150,"SHOTGUN,12 GAGE,RIOT TYPE",1,Each,72.1,D,1,2010-02-10 00:00:00
IL,ROCK ISLAND CTY METRO AIRPORT AUTH,1005-00-677-9150,"SHOTGUN,12 GAGE,RIOT TYPE",1,Each,72.1,D,1,2010-02-10 00:00:00
IL,ROCK ISLAND CTY METRO AIRPORT AUTH,1005-00-677-9150,"SHOTGUN,12 GAGE,RIOT TYPE",1,Each,72.1,D,1,2010-02-10 00:00:00
IL,ROCK ISLAND POLICE DEPT,1005-00-073-9421,"RIFLE,5.56 MILLIMETER",1,Each,499,D,1,2004-02-24 00:00:00
IL,ROCK ISLAND POLICE DEPT,1005-00-073-9421,"RIFLE,5.56 MILLIMETER",1,Each,499,D,1,2004-02-24 00:00:00
IL,ROCK ISLAND POLICE DEPT,1005-00-073-9421,"RIFLE,5.56 MILLIMETER",1,Each,499,D,1,2004-02-24 00:00:00
IL,ROCK ISLAND POLICE DEPT,1005-00-073-9421,"RIFLE,5.56 MILLIMETER",1,Each,499,D,1,2004-02-24 00:00:00
IL,ROCK ISLAND POLICE DEPT,1005-00-073-9421,"RIFLE,5.56 MILLIMETER",1,Each,499,D,1,2004-02-24 00:00:00
IL,ROCK ISLAND POLICE DEPT,1005-00-073-9421,"RIFLE,5.56 MILLIMETER",1,Each,499,D,1,2004-02-24 00:00:00
IL,ROCK ISLAND POLICE DEPT,1005-00-073-9421,"RIFLE,5.56 MILLIMETER",1,Each,499,D,1,2004-02-24 00:00:00
IL,ROCK ISLAND POLICE DEPT,1005-00-073-9421,"RIFLE,5.56 MILLIMETER",1,Each,499,D,1,2004-02-24 00:00:00
IL,ROCK ISLAND POLICE DEPT,1005-00-073-9421,"RIFLE,5.56 MILLIMETER",1,Each,499,D,1,2004-02-24 00:00:00
IL,ROCK ISLAND POLICE DEPT,1005-00-073-9421,"RIFLE,5.56 MILLIMETER",1,Each,499,D,1,2004-02-24 00:00:00
IL,ROCK ISLAND POLICE DEPT,1005-00-073-9421,"RIFLE,5.56 MILLIMETER",1,Each,499,D,1,2004-02-24 00:00:00
IL,ROCK ISLAND POLICE DEPT,1005-00-073-9421,"RIFLE,5.56 MILLIMETER",1,Each,499,D,1,2004-02-24 00:00:00
IL,ROCK ISLAND POLICE DEPT,1005-00-073-9421,"RIFLE,5.56 MILLIMETER",1,Each,499,D,1,2004-02-24 00:00:00
IL,ROCK ISLAND POLICE DEPT,1005-00-073-9421,"RIFLE,5.56 MILLIMETER",1,Each,499,D,1,2004-02-24 00:00:00
IL,ROCK ISLAND POLICE DEPT,1005-00-073-9421,"RIFLE,5.56 MILLIMETER",1,Each,499,D,1,2004-02-24 00:00:00
IL,ROCK ISLAND POLICE DEPT,1005-00-073-9421,"RIFLE,5.56 MILLIMETER",1,Each,499,D,1,2004-02-24 00:00:00
IL,ROCK ISLAND POLICE DEPT,1005-00-073-9421,"RIFLE,5.56 MILLIMETER",1,Each,499,D,1,2004-02-24 00:00:00
IL,ROCKFORD FIRE DEPT ARSON INVEST,2320-01-128-9551,"TRUCK,UTILITY",1,Each,50458,C,1,2011-08-19 00:00:00
IL,ROCKFORD POLICE DEPT,1005-00-589-1271,"RIFLE,7.62 MILLIMETER",1,Each,138,D,1,1994-04-14 00:00:00
IL,ROCKFORD POLICE DEPT,1005-00-589-1271,"RIFLE,7.62 MILLIMETER",1,Each,138,D,1,1994-04-14 00:00:00
IL,ROCKFORD POLICE DEPT,2355-01-590-1660,MINE RESISTANT VEHICLE,1,Each,733000,C,1,2014-02-13 00:00:00
IL,ROCKFORD POLICE DEPT,2320-01-074-7642,"TRUCK,ARMORED",1,Each,65070,C,1,2000-10-23 00:00:00
IL,ROCKFORD POLICE DEPT,1005-00-589-1271,"RIFLE,7.62 MILLIMETER",1,Each,138,D,1,1994-04-14 00:00:00
IL,ROCKFORD POLICE DEPT,1005-00-589-1271,"RIFLE,7.62 MILLIMETER",1,Each,138,D,1,1994-04-14 00:00:00
IL,ROLLING MEADOWS POLICE DEPT,2320-01-107-7153,"TRUCK,UTILITY",1,Each,63894,C,1,2012-07-24 00:00:00
IL,ROMEOVILLE POLICE DEPT,1005-00-726-5655,"PISTOL,CALIBER .45,AUTOMATIC",1,Each,58.71,D,1,2000-02-07 00:00:00
IL,ROMEOVILLE POLICE DEPT,1005-00-073-9421,"RIFLE,5.56 MILLIMETER",1,Each,499,D,1,2002-11-13 00:00:00
IL,ROMEOVILLE POLICE DEPT,1005-00-726-5655,"PISTOL,CALIBER .45,AUTOMATIC",1,Each,58.71,D,1,2000-02-07 00:00:00
IL,ROMEOVILLE POLICE DEPT,1005-00-726-5655,"PISTOL,CALIBER .45,AUTOMATIC",1,Each,58.71,D,1,2000-02-07 00:00:00
IL,ROMEOVILLE POLICE DEPT,1005-00-073-9421,"RIFLE,5.56 MILLIMETER",1,Each,499,D,1,2002-11-13 00:00:00
IL,ROMEOVILLE POLICE DEPT,1005-00-073-9421,"RIFLE,5.56 MILLIMETER",1,Each,499,D,1,2002-11-13 00:00:00
IL,ROMEOVILLE POLICE DEPT,1005-00-726-5655,"PISTOL,CALIBER .45,AUTOMATIC",1,Each,58.71,D,1,2000-02-07 00:00:00
IL,ROMEOVILLE POLICE DEPT,1005-00-073-9421,"RIFLE,5.56 MILLIMETER",1,Each,499,D,1,2002-11-13 00:00:00
IL,ROMEOVILLE POLICE DEPT,1005-00-073-9421,"RIFLE,5.56 MILLIMETER",1,Each,499,D,1,2002-11-13 00:00:00
IL,ROMEOVILLE POLICE DEPT,1005-00-726-5655,"PISTOL,CALIBER .45,AUTOMATIC",1,Each,58.71,D,1,2000-02-07 00:00:00
IL,ROMEOVILLE POLICE DEPT,1005-00-073-9421,"RIFLE,5.56 MILLIMETER",1,Each,499,D,1,2002-11-13 00:00:00
IL,ROMEOVILLE POLICE DEPT,1005-00-073-9421,"RIFLE,5.56 MILLIMETER",1,Each,499,D,1,2002-11-13 00:00:00
IL,ROMEOVILLE POLICE DEPT,1005-00-073-9421,"RIFLE,5.56 MILLIMETER",1,Each,499,D,1,2002-11-13 00:00:00
IL,ROODHOUSE POLICE DEPT,2320-01-128-9551,"TRUCK,UTILITY",1,Each,50458,C,1,2014-06-24 00:00:00
IL,ROSELLE POLICE DEPT,1005-00-073-9421,"RIFLE,5.56 MILLIMETER",1,Each,499,D,1,2007-06-20 00:00:00
IL,ROSELLE POLICE DEPT,1005-00-073-9421,"RIFLE,5.56 MILLIMETER",1,Each,499,D,1,2007-06-20 00:00:00
IL,ROSELLE POLICE DEPT,1005-00-073-9421,"RIFLE,5.56 MILLIMETER",1,Each,499,D,1,2007-06-20 00:00:00
IL,ROSELLE POLICE DEPT,1005-00-073-9421,"RIFLE,5.56 MILLIMETER",1,Each,499,D,1,2007-06-20 00:00:00
IL,ROSELLE POLICE DEPT,1005-00-073-9421,"RIFLE,5.56 MILLIMETER",1,Each,499,D,1,2007-06-20 00:00:00
IL,ROSELLE POLICE DEPT,1005-00-073-9421,"RIFLE,5.56 MILLIMETER",1,Each,499,D,1,2007-06-20 00:00:00
IL,ROSELLE POLICE DEPT,1005-00-073-9421,"RIFLE,5.56 MILLIMETER",1,Each,499,D,1,2007-06-20 00:00:00
IL,ROUND LAKE BEACH POLICE DEPT,1005-00-073-9421,"RIFLE,5.56 MILLIMETER",1,Each,499,D,1,2005-01-24 00:00:00
IL,ROUND LAKE BEACH POLICE DEPT,1005-00-073-9421,"RIFLE,5.56 MILLIMETER",1,Each,499,D,1,2005-01-24 00:00:00
IL,ROUND LAKE BEACH POLICE DEPT,1005-00-073-9421,"RIFLE,5.56 MILLIMETER",1,Each,499,D,1,2005-01-24 00:00:00
IL,ROUND LAKE BEACH POLICE DEPT,1005-00-073-9421,"RIFLE,5.56 MILLIMETER",1,Each,499,D,1,2005-01-24 00:00:00
IL,ROUND LAKE BEACH POLICE DEPT,1005-00-073-9421,"RIFLE,5.56 MILLIMETER",1,Each,499,D,1,2005-01-24 00:00:00
IL,ROUND LAKE BEACH POLICE DEPT,1005-00-073-9421,"RIFLE,5.56 MILLIMETER",1,Each,499,D,1,2005-01-24 00:00:00
IL,ROUND LAKE BEACH POLICE DEPT,1005-00-073-9421,"RIFLE,5.56 MILLIMETER",1,Each,499,D,1,2005-01-24 00:00:00
IL,ROUND LAKE BEACH POLICE DEPT,1005-00-073-9421,"RIFLE,5.56 MILLIMETER",1,Each,499,D,1,2005-01-24 00:00:00
IL,ROUND LAKE HEIGHTS POLICE DEPT,1005-00-073-9421,"RIFLE,5.56 MILLIMETER",1,Each,499,D,1,2013-04-09 00:00:00
IL,ROUND LAKE HEIGHTS POLICE DEPT,1005-00-073-9421,"RIFLE,5.56 MILLIMETER",1,Each,499,D,1,2013-04-09 00:00:00
IL,ROUND LAKE HEIGHTS POLICE DEPT,1005-00-073-9421,"RIFLE,5.56 MILLIMETER",1,Each,499,D,1,2013-04-09 00:00:00
IL,ROUND LAKE HEIGHTS POLICE DEPT,1005-00-073-9421,"RIFLE,5.56 MILLIMETER",1,Each,499,D,1,2013-04-09 00:00:00
IL,ROUND LAKE HEIGHTS POLICE DEPT,1005-00-073-9421,"RIFLE,5.56 MILLIMETER",1,Each,499,D,1,2013-04-09 00:00:00
IL,ROUND LAKE HEIGHTS POLICE DEPT,1005-00-073-9421,"RIFLE,5.56 MILLIMETER",1,Each,499,D,1,2013-04-09 00:00:00
IL,ROUND LAKE HEIGHTS POLICE DEPT,1005-00-073-9421,"RIFLE,5.56 MILLIMETER",1,Each,499,D,1,2013-04-09 00:00:00
IL,ROUND LAKE PARK DISTR POLICE DEPT,1005-00-073-9421,"RIFLE,5.56 MILLIMETER",1,Each,499,D,1,2011-11-30 00:00:00
IL,ROUND LAKE PARK DISTR POLICE DEPT,1005-00-073-9421,"RIFLE,5.56 MILLIMETER",1,Each,499,D,1,2011-11-30 00:00:00
IL,ROUND LAKE PARK DISTR POLICE DEPT,1005-00-073-9421,"RIFLE,5.56 MILLIMETER",1,Each,499,D,1,2011-11-30 00:00:00
IL,ROUND LAKE PARK DISTR POLICE DEPT,1005-00-073-9421,"RIFLE,5.56 MILLIMETER",1,Each,499,D,1,2011-11-30 00:00:00
IL,ROUND LAKE PARK POLICE DEPT,5855-DS-NIG-HTVI,"NIGHT VISION EQUIP, EMIT, REFLECTED RAD",1,Each,1588.27,D,,2011-02-19 00:00:00
IL,ROUND LAKE PARK POLICE DEPT,1385-DS-ROB-TEOD,EOD ROBOT,1,Each,8000,D,,2011-02-05 00:00:00
IL,ROUND LAKE PARK POLICE DEPT,5855-DS-NIG-HTVI,"NIGHT VISION EQUIP, EMIT, REFLECTED RAD",1,Each,8465,D,,2011-01-01 00:00:00
IL,ROUND LAKE PARK POLICE DEPT,1005-00-856-6885,"RIFLE,5.56 MILLIMETER",1,Each,120,D,1,2011-10-24 00:00:00
IL,ROUND LAKE PARK POLICE DEPT,5855-01-447-8992,"ILLUMINATOR,INFRARED",1,Each,1035,D,1,2011-01-27 00:00:00
IL,ROUND LAKE PARK POLICE DEPT,5855-01-447-8992,"ILLUMINATOR,INFRARED",1,Each,1035,D,1,2011-01-27 00:00:00
IL,ROUND LAKE PARK POLICE DEPT,5855-01-447-8992,"ILLUMINATOR,INFRARED",1,Each,1035,D,1,2011-01-27 00:00:00
IL,ROUND LAKE PARK POLICE DEPT,1240-01-411-1265,"SIGHT,REFLEX",12,Each,315,D,1,2011-12-06 00:00:00
IL,ROUND LAKE PARK POLICE DEPT,5855-01-447-8992,"ILLUMINATOR,INFRARED",1,Each,1035,D,1,2011-03-14 00:00:00
IL,ROUND LAKE PARK POLICE DEPT,5855-01-473-2904,"VIEWER,NIGHT VISION",1,Each,14278,C,1,2010-10-01 00:00:00
IL,ROUND LAKE PARK POLICE DEPT,2355-01-553-4634,MINE RESISTANT VEHICLE,1,Each,658000,C,1,2013-09-06 00:00:00
IL,ROUND LAKE PARK POLICE DEPT,1005-00-856-6885,"RIFLE,5.56 MILLIMETER",1,Each,120,D,1,2011-10-24 00:00:00
IL,ROUND LAKE PARK POLICE DEPT,1005-00-856-6885,"RIFLE,5.56 MILLIMETER",1,Each,120,D,1,2011-10-24 00:00:00
IL,ROUND LAKE PARK POLICE DEPT,1005-00-856-6885,"RIFLE,5.56 MILLIMETER",1,Each,120,D,1,2011-10-24 00:00:00
IL,ROUND LAKE PARK POLICE DEPT,1005-00-856-6885,"RIFLE,5.56 MILLIMETER",1,Each,120,D,1,2011-10-24 00:00:00
IL,ROUND LAKE PARK POLICE DEPT,1005-00-856-6885,"RIFLE,5.56 MILLIMETER",1,Each,120,D,1,2011-10-24 00:00:00
IL,ROUND LAKE PARK POLICE DEPT,1005-00-589-1271,"RIFLE,7.62 MILLIMETER",1,Each,138,D,1,2007-07-12 00:00:00
IL,ROUND LAKE PARK POLICE DEPT,1005-00-856-6885,"RIFLE,5.56 MILLIMETER",1,Each,120,D,1,2011-10-24 00:00:00
IL,ROUND LAKE PARK POLICE DEPT,2320-01-074-7642,"TRUCK,ARMORED",1,Each,65070,C,1,2007-11-28 00:00:00
IL,ROUND LAKE PARK POLICE DEPT,1005-00-856-6885,"RIFLE,5.56 MILLIMETER",1,Each,120,D,1,2011-10-24 00:00:00
IL,ROUND LAKE PARK POLICE DEPT,5855-01-473-2904,"VIEWER,NIGHT VISION",1,Each,14278,C,1,2010-10-01 00:00:00
IL,ROUND LAKE PARK POLICE DEPT,1005-00-856-6885,"RIFLE,5.56 MILLIMETER",1,Each,120,D,1,2011-10-24 00:00:00
IL,ROUND LAKE PARK POLICE DEPT,1005-00-856-6885,"RIFLE,5.56 MILLIMETER",1,Each,120,D,1,2011-10-24 00:00:00
IL,ROUND LAKE PARK POLICE DEPT,1005-00-856-6885,"RIFLE,5.56 MILLIMETER",1,Each,120,D,1,2011-10-24 00:00:00
IL,ROUND LAKE PARK POLICE DEPT,1005-00-856-6885,"RIFLE,5.56 MILLIMETER",1,Each,120,D,1,2011-10-24 00:00:00
IL,ROUND LAKE PARK POLICE DEPT,1005-00-589-1271,"RIFLE,7.62 MILLIMETER",1,Each,138,D,1,2007-07-12 00:00:00
IL,ROUND LAKE PARK POLICE DEPT,1005-00-589-1271,"RIFLE,7.62 MILLIMETER",1,Each,138,D,1,2007-07-12 00:00:00
IL,ROUND LAKE PARK POLICE DEPT,1005-00-589-1271,"RIFLE,7.62 MILLIMETER",1,Each,138,D,1,2007-07-12 00:00:00
IL,ROUND LAKE PARK POLICE DEPT,1005-00-856-6885,"RIFLE,5.56 MILLIMETER",1,Each,120,D,1,2011-10-24 00:00:00
IL,ROUND LAKE PARK POLICE DEPT,1005-00-856-6885,"RIFLE,5.56 MILLIMETER",1,Each,120,D,1,2011-10-24 00:00:00
IL,ROUND LAKE PARK POLICE DEPT,1005-00-856-6885,"RIFLE,5.56 MILLIMETER",1,Each,120,D,1,2011-10-24 00:00:00
IL,ROUND LAKE PARK POLICE DEPT,1005-00-073-9421,"RIFLE,5.56 MILLIMETER",1,Each,499,D,1,2007-06-21 00:00:00
IL,ROUND LAKE PARK POLICE DEPT,1005-00-073-9421,"RIFLE,5.56 MILLIMETER",1,Each,499,D,1,2007-06-21 00:00:00
IL,ROUND LAKE PARK POLICE DEPT,1005-DS-SWE-PASC,WEAPON ACCESSORIES,10,Each,543,D,,2011-01-29 00:00:00
IL,ROUND LAKE PARK POLICE DEPT,5855-DS-NIG-HTVI,"NIGHT VISION EQUIP, EMIT, REFLECTED RAD",1,Each,1588.27,D,,2011-02-19 00:00:00
IL,ROUND LAKE PARK POLICE DEPT,1005-DS-SWE-PASC,WEAPON ACCESSORIES,20,Each,335.99,D,,2012-05-05 00:00:00
IL,ROUND LAKE PARK POLICE DEPT,1385-01-574-4707,"UNMANNED VEHICLE,GROUND",1,Each,10000,Q,3,2011-02-05 00:00:00
IL,ROUND LAKE PARK POLICE DEPT,2520-01-413-2724,"DRIVE SHAFT ASSEMBLY,CONSTANT VELOCITY,VEHICULAR",1,Each,396,B,3,2011-10-22 00:00:00
IL,ROUND LAKE PARK POLICE DEPT,5855-01-420-0851,"ILLUMINATOR,INFRARED",1,Each,1632.37,D,1,2011-03-26 00:00:00
IL,ROUND LAKE PARK POLICE DEPT,5855-01-380-5102,"EYEPIECE ASSEMBLY,OPTICAL INSTRUMENT",10,Each,112.6,D,1,2011-01-24 00:00:00
IL,ROUND LAKE PARK POLICE DEPT,5855-01-250-2369,PURGE AND RECHARGE ,2,Each,1834,B,3,2011-02-12 00:00:00
IL,ROUND LAKE PARK POLICE DEPT,5855-01-538-7994,"VIEWER,NIGHT VISION",7,Each,20107.73,C,1,2011-04-23 00:00:00
IL,ROUND LAKE PARK POLICE DEPT,2510-01-205-6089,"BAR,STABILIZER",4,Assembly,80.23,B,3,2011-12-24 00:00:00
IL,ROUND LAKE PARK POLICE DEPT,1240-01-474-0196,"SIGHT,CHECK,OPTICAL",2,Each,943,D,1,2012-05-19 00:00:00
IL,ROUND LAKE PARK POLICE DEPT,5855-01-246-8271,"WINDOW,SACRIFICIAL ",14,Each,3.63,Q,3,2011-01-10 00:00:00
IL,ROUND LAKE PARK POLICE DEPT,5855-01-381-6048,WIRED HOUSING ASSEMBLY,6,Each,106.55,D,1,2011-01-28 00:00:00
IL,ROUND LAKE PARK POLICE DEPT,8415-01-538-6813,"JACKET,COLD WEATHER",2,Each,107.1,E,1,2012-06-16 00:00:00
IL,ROUND LAKE PARK POLICE DEPT,5855-01-464-1926,"FOCUSING RING,OPTICAL INSTRUMENT,NIGHT VISION",4,Each,14.23,A,1,2011-01-24 00:00:00
IL,ROUND LAKE PARK POLICE DEPT,1240-01-490-7308,"SIGHT,REFLEX",30,Each,1170.55,D,1,2011-12-03 00:00:00
IL,ROUND LAKE PARK POLICE DEPT,5855-01-416-5085,"IMAGE INTENSIFIER,NIGHT VISION",10,Each,6655.86,C,1,2008-12-23 00:00:00
IL,ROUND LAKE PARK POLICE DEPT,5855-01-246-6808,"COLLIMATOR,INFRARED",12,Each,253.19,D,1,2011-02-19 00:00:00
IL,ROUND LAKE PARK POLICE DEPT,5855-01-538-0191,"ILLUMINATOR,INTEGRATED,SMALL ARMS",4,Each,1062,D,1,2012-01-21 00:00:00
IL,ROUND LAKE PARK POLICE DEPT,8415-01-538-6819,"JACKET,COLD WEATHER",4,Each,107.1,E,1,2012-06-16 00:00:00
IL,ROUND LAKE PARK POLICE DEPT,8415-01-538-6074,"JACKET,COLD WEATHER",4,Each,69.91,E,1,2012-06-16 00:00:00
IL,ROUND LAKE PARK POLICE DEPT,8415-01-538-6067,"JACKET,COLD WEATHER",2,Each,69.91,E,1,2012-06-16 00:00:00
IL,ROUND LAKE PARK POLICE DEPT,5180-01-545-0710,"TOOL KIT,ARMORER   ",1,Kit,149,B,3,2012-04-11 00:00:00
IL,ROUND LAKE PARK POLICE DEPT,2540-01-551-3500,"ARMOR SET,SUPPLEMENTAL,SMALL ARMS-FRAGMENTATION PROTECTIVE",1,Each,531,D,1,2012-02-16 00:00:00
IL,ROUND LAKE PARK POLICE DEPT,5855-01-398-4315,"INFRARED EQUIPMENT,SUBASSEMBLY",2,Each,503,D,1,2011-03-26 00:00:00
IL,ROUND LAKE PARK POLICE DEPT,5855-01-529-5554,"EXTRACTOR,IMAGE INTENSIFIER",1,Each,333.93,Q,3,2011-02-12 00:00:00
IL,ROUND LAKE PARK POLICE DEPT,5855-01-492-4702,"MODIFICATION KIT,NIGHT VISION EQUIPMENT",1,Each,241,Q,3,2011-01-20 00:00:00
IL,ROUND LAKE PARK POLICE DEPT,6635-01-584-8641,"CAMERA SYSTEM,INFRA",2,Each,7523,Q,3,2011-05-07 00:00:00
IL,ROUND LAKE PARK POLICE DEPT,5855-01-561-5993,CLOSE QUARTERS BATT,2,Each,550,D,1,2011-04-23 00:00:00
IL,ROUND LAKE PARK POLICE DEPT,5855-01-561-5993,CLOSE QUARTERS BATT,8,Each,550,D,1,2011-04-23 00:00:00
IL,ROUND LAKE PARK POLICE DEPT,5855-01-246-6807,"MOUNT ASSEMBLY,OBJE",3,Each,150.18,D,1,2011-01-24 00:00:00
IL,ROUND LAKE PARK POLICE DEPT,1005-00-921-5004,"MAGAZINE,CARTRIDGE",100,Each,12.3,D,1,2011-12-31 00:00:00
IL,ROUND LAKE PARK POLICE DEPT,4240-01-411-0554,REGULATOR ASSEMBLY ,4,Each,312.91,B,3,2011-02-03 00:00:00
IL,ROUND LAKE PARK POLICE DEPT,1005-00-908-2311,ANVIL              ,1,Each,106.34,D,1,2011-12-21 00:00:00
IL,ROUND LAKE PARK POLICE DEPT,5855-01-463-4839,"IMAGE CONVERTER,NIGHT VISION",4,Each,760.96,D,7,2012-01-13 00:00:00
IL,ROUND LAKE PARK POLICE DEPT,1005-00-589-1271,"RIFLE,7.62 MILLIMETER",1,Each,138,D,1,2007-07-12 00:00:00
IL,ROUND LAKE PARK POLICE DEPT,1005-00-589-1271,"RIFLE,7.62 MILLIMETER",1,Each,138,D,1,2007-07-12 00:00:00
IL,ROXANA POLICE DEPT,8470-01-130-3795,"HELMET,COMBAT VEHICLE CREWMANS",1,Each,264.34,D,1,2010-06-24 00:00:00
IL,ROXANA POLICE DEPT,8470-01-472-3593,"VEST COVER,BALLISTI",2,Each,296.04,D,1,2009-12-14 00:00:00
IL,ROXANA POLICE DEPT,8470-01-389-3823,"HELMET,COMBAT VEHICLE CREWMANS",1,Each,675.64,D,1,2011-09-30 00:00:00
IL,ROXANA POLICE DEPT,8470-01-472-3421,"TROUSERS,ANTI-FRAG ",1,Pair,1117.54,D,1,2010-01-13 00:00:00
IL,SAINT ANNE POLICE DEPT,1005-00-073-9421,"RIFLE,5.56 MILLIMETER",1,Each,499,D,1,2012-03-06 00:00:00
IL,SAINT ANNE POLICE DEPT,1005-00-073-9421,"RIFLE,5.56 MILLIMETER",1,Each,499,D,1,2012-03-06 00:00:00
IL,SAINT ANNE POLICE DEPT,1005-00-073-9421,"RIFLE,5.56 MILLIMETER",1,Each,499,D,1,2012-03-06 00:00:00
IL,SAINT ANNE POLICE DEPT,1005-00-589-1271,"RIFLE,7.62 MILLIMETER",1,Each,138,D,1,2012-03-06 00:00:00
IL,SAINT ANNE POLICE DEPT,1005-00-726-5655,"PISTOL,CALIBER .45,AUTOMATIC",1,Each,58.71,D,1,2012-03-06 00:00:00
IL,SAINT ANNE POLICE DEPT,1005-00-589-1271,"RIFLE,7.62 MILLIMETER",1,Each,138,D,1,2012-03-06 00:00:00
IL,SAINT ANNE POLICE DEPT,1005-00-726-5655,"PISTOL,CALIBER .45,AUTOMATIC",1,Each,58.71,D,1,2012-03-06 00:00:00
IL,SAINT ANNE POLICE DEPT,1005-00-073-9421,"RIFLE,5.56 MILLIMETER",1,Each,499,D,1,2012-03-06 00:00:00
IL,SAINT ANNE POLICE DEPT,1005-00-726-5655,"PISTOL,CALIBER .45,AUTOMATIC",1,Each,58.71,D,1,2012-03-06 00:00:00
IL,SAINT ANNE POLICE DEPT,1005-00-589-1271,"RIFLE,7.62 MILLIMETER",1,Each,138,D,1,2012-03-06 00:00:00
IL,SAINT ANNE POLICE DEPT,1005-00-073-9421,"RIFLE,5.56 MILLIMETER",1,Each,499,D,1,2012-03-06 00:00:00
IL,SAINT ANNE POLICE DEPT,1005-00-726-5655,"PISTOL,CALIBER .45,AUTOMATIC",1,Each,58.71,D,1,2012-03-06 00:00:00
IL,SAINT ANNE POLICE DEPT,1005-00-073-9421,"RIFLE,5.56 MILLIMETER",1,Each,499,D,1,2012-03-06 00:00:00
IL,SAINT CLAIR COUNTY SHERIFFS DEPT,5855-01-017-7366,NIGHT VISION SIGHT ASSEMBLY,1,Each,3207,F,1,2012-02-22 00:00:00
IL,SAINT CLAIR COUNTY SHERIFFS DEPT,5855-01-017-7366,NIGHT VISION SIGHT ASSEMBLY,1,Each,3207,F,1,2012-02-22 00:00:00
IL,SAINT CLAIR COUNTY SHERIFFS DEPT,5855-01-017-7366,NIGHT VISION SIGHT ASSEMBLY,1,Each,3207,F,1,2012-02-22 00:00:00
IL,SAINT CLAIR COUNTY SHERIFFS DEPT,5855-01-017-7366,NIGHT VISION SIGHT ASSEMBLY,1,Each,3207,F,1,2012-02-22 00:00:00
IL,SAINT CLAIR COUNTY SHERIFFS DEPT,5855-01-017-7366,NIGHT VISION SIGHT ASSEMBLY,1,Each,3207,F,1,2012-02-22 00:00:00
IL,SAINT CLAIR COUNTY SHERIFFS DEPT,5855-01-017-7366,NIGHT VISION SIGHT ASSEMBLY,1,Each,3207,F,1,2012-02-22 00:00:00
IL,SAINT CLAIR COUNTY SHERIFFS DEPT,1005-00-589-1271,"RIFLE,7.62 MILLIMETER",1,Each,138,D,1,2011-01-04 00:00:00
IL,SAINT CLAIR COUNTY SHERIFFS DEPT,1005-00-589-1271,"RIFLE,7.62 MILLIMETER",1,Each,138,D,1,2011-01-04 00:00:00
IL,SAINT CLAIR COUNTY SHERIFFS DEPT,1005-00-589-1271,"RIFLE,7.62 MILLIMETER",1,Each,138,D,1,2011-01-04 00:00:00
IL,SAINT CLAIR COUNTY SHERIFFS DEPT,1005-00-856-6885,"RIFLE,5.56 MILLIMETER",1,Each,120,D,1,2010-07-12 00:00:00
IL,SAINT CLAIR COUNTY SHERIFFS DEPT,1005-00-856-6885,"RIFLE,5.56 MILLIMETER",1,Each,120,D,1,2010-07-12 00:00:00
IL,SAINT CLAIR COUNTY SHERIFFS DEPT,1005-00-856-6885,"RIFLE,5.56 MILLIMETER",1,Each,120,D,1,2010-07-12 00:00:00
IL,SAINT CLAIR COUNTY SHERIFFS DEPT,5855-01-228-0937,NIGHT VISION GOGGLE,1,Each,3578,F,1,2012-02-22 00:00:00
IL,SAINT CLAIR COUNTY SHERIFFS DEPT,1005-00-589-1271,"RIFLE,7.62 MILLIMETER",1,Each,138,D,1,2011-01-04 00:00:00
IL,SAINT CLAIR COUNTY SHERIFFS DEPT,1005-00-589-1271,"RIFLE,7.62 MILLIMETER",1,Each,138,D,1,2011-01-04 00:00:00
IL,SAINT CLAIR COUNTY SHERIFFS DEPT,1005-00-856-6885,"RIFLE,5.56 MILLIMETER",1,Each,120,D,1,2010-07-12 00:00:00
IL,SAINT CLAIR COUNTY SHERIFFS DEPT,1005-00-921-5483,"SHOTGUN,12 GAGE,RIOT TYPE",1,Each,108,D,1,2005-06-23 00:00:00
IL,SAINT CLAIR COUNTY SHERIFFS DEPT,1005-00-921-5483,"SHOTGUN,12 GAGE,RIOT TYPE",1,Each,108,D,1,2005-06-23 00:00:00
IL,SAINT CLAIR COUNTY SHERIFFS DEPT,1005-00-677-9150,"SHOTGUN,12 GAGE,RIOT TYPE",1,Each,72.1,D,1,2009-04-23 00:00:00
IL,SAINT CLAIR COUNTY SHERIFFS DEPT,1005-00-073-9421,"RIFLE,5.56 MILLIMETER",1,Each,499,D,1,2006-04-28 00:00:00
IL,SAINT CLAIR COUNTY SHERIFFS DEPT,1005-00-073-9421,"RIFLE,5.56 MILLIMETER",1,Each,499,D,1,2006-04-28 00:00:00
IL,SAINT CLAIR COUNTY SHERIFFS DEPT,1005-00-856-6885,"RIFLE,5.56 MILLIMETER",1,Each,120,D,1,2010-07-12 00:00:00
IL,SAINT CLAIR COUNTY SHERIFFS DEPT,5855-01-017-7366,NIGHT VISION SIGHT ASSEMBLY,1,Each,3207,F,1,2012-02-22 00:00:00
IL,SAINT CLAIR COUNTY SHERIFFS DEPT,1005-00-589-1271,"RIFLE,7.62 MILLIMETER",1,Each,138,D,1,2011-01-04 00:00:00
IL,SAINT CLAIR COUNTY SHERIFFS DEPT,1005-00-856-6885,"RIFLE,5.56 MILLIMETER",1,Each,120,D,1,2010-07-12 00:00:00
IL,SAINT CLAIR COUNTY SHERIFFS DEPT,1005-00-856-6885,"RIFLE,5.56 MILLIMETER",1,Each,120,D,1,2010-07-12 00:00:00
IL,SAINT CLAIR COUNTY SHERIFFS DEPT,1005-00-589-1271,"RIFLE,7.62 MILLIMETER",1,Each,138,D,1,2011-01-04 00:00:00
IL,SAINT CLAIR COUNTY SHERIFFS DEPT,1005-00-589-1271,"RIFLE,7.62 MILLIMETER",1,Each,138,D,1,2011-01-04 00:00:00
IL,SAINT CLAIR COUNTY SHERIFFS DEPT,1005-00-589-1271,"RIFLE,7.62 MILLIMETER",1,Each,138,D,1,2011-01-04 00:00:00
IL,SAINT CLAIR COUNTY SHERIFFS DEPT,1005-00-589-1271,"RIFLE,7.62 MILLIMETER",1,Each,138,D,1,2011-01-04 00:00:00
IL,SAINT CLAIR COUNTY SHERIFFS DEPT,1005-00-073-9421,"RIFLE,5.56 MILLIMETER",1,Each,499,D,1,2006-05-02 00:00:00
IL,SAINT CLAIR COUNTY SHERIFFS DEPT,1005-00-726-5655,"PISTOL,CALIBER .45,AUTOMATIC",1,Each,58.71,D,1,2011-01-03 00:00:00
IL,SAINT CLAIR COUNTY SHERIFFS DEPT,1005-00-726-5655,"PISTOL,CALIBER .45,AUTOMATIC",1,Each,58.71,D,1,2011-01-03 00:00:00
IL,SAINT CLAIR COUNTY SHERIFFS DEPT,1005-00-726-5655,"PISTOL,CALIBER .45,AUTOMATIC",1,Each,58.71,D,1,2011-01-03 00:00:00
IL,SAINT CLAIR COUNTY SHERIFFS DEPT,1005-00-726-5655,"PISTOL,CALIBER .45,AUTOMATIC",1,Each,58.71,D,1,2011-01-03 00:00:00
IL,SAINT CLAIR COUNTY SHERIFFS DEPT,1005-00-856-6885,"RIFLE,5.56 MILLIMETER",1,Each,120,D,1,2010-07-12 00:00:00
IL,SAINT CLAIR COUNTY SHERIFFS DEPT,1005-00-856-6885,"RIFLE,5.56 MILLIMETER",1,Each,120,D,1,2010-07-12 00:00:00
IL,SAINT CLAIR COUNTY SHERIFFS DEPT,1005-00-726-5655,"PISTOL,CALIBER .45,AUTOMATIC",1,Each,58.71,D,1,2011-01-03 00:00:00
IL,SAINT CLAIR COUNTY SHERIFFS DEPT,1005-00-073-9421,"RIFLE,5.56 MILLIMETER",1,Each,499,D,1,2006-05-02 00:00:00
IL,SAINT CLAIR COUNTY SHERIFFS DEPT,1005-00-726-5655,"PISTOL,CALIBER .45,AUTOMATIC",1,Each,58.71,D,1,2011-01-03 00:00:00
IL,SAINT CLAIR COUNTY SHERIFFS DEPT,1005-00-677-9150,"SHOTGUN,12 GAGE,RIOT TYPE",1,Each,72.1,D,1,2009-04-23 00:00:00
IL,SAINT CLAIR COUNTY SHERIFFS DEPT,5855-01-228-0937,NIGHT VISION GOGGLE,1,Each,3578,F,1,2012-02-22 00:00:00
IL,SAINT CLAIR COUNTY SHERIFFS DEPT,5855-01-228-0937,NIGHT VISION GOGGLE,1,Each,3578,F,1,2012-02-22 00:00:00
IL,SAINT CLAIR COUNTY SHERIFFS DEPT,1005-00-856-6885,"RIFLE,5.56 MILLIMETER",1,Each,120,D,1,2010-07-12 00:00:00
IL,SAINT CLAIR COUNTY SHERIFFS DEPT,1005-00-856-6885,"RIFLE,5.56 MILLIMETER",1,Each,120,D,1,2010-07-12 00:00:00
IL,SAINT CLAIR COUNTY SHERIFFS DEPT,1005-00-073-9421,"RIFLE,5.56 MILLIMETER",1,Each,499,D,1,2006-04-28 00:00:00
IL,SAINT CLAIR COUNTY SHERIFFS DEPT,1005-00-589-1271,"RIFLE,7.62 MILLIMETER",1,Each,138,D,1,2012-04-03 00:00:00
IL,SAINT CLAIR COUNTY SHERIFFS DEPT,1005-00-589-1271,"RIFLE,7.62 MILLIMETER",1,Each,138,D,1,2012-04-03 00:00:00
IL,SAINT CLAIR COUNTY SHERIFFS DEPT,1005-00-589-1271,"RIFLE,7.62 MILLIMETER",1,Each,138,D,1,2012-04-03 00:00:00
IL,SAINT CLAIR COUNTY SHERIFFS DEPT,1005-00-589-1271,"RIFLE,7.62 MILLIMETER",1,Each,138,D,1,2012-04-03 00:00:00
IL,SAINT CLAIR COUNTY SHERIFFS DEPT,8465-01-015-3172,PERSONNEL IDENTIFICATION BAND,500,Package,1,B,3,2011-03-12 00:00:00
IL,SAINT CLAIR COUNTY SHERIFFS DEPT,1005-00-856-6885,"RIFLE,5.56 MILLIMETER",1,Each,120,D,1,2010-07-12 00:00:00
IL,SAINT CLAIR COUNTY SHERIFFS DEPT,1005-00-073-9421,"RIFLE,5.56 MILLIMETER",1,Each,499,D,1,2006-05-02 00:00:00
IL,SAINT CLAIR COUNTY SHERIFFS DEPT,1005-00-726-5655,"PISTOL,CALIBER .45,AUTOMATIC",1,Each,58.71,D,1,2011-01-03 00:00:00
IL,SAINT CLAIR COUNTY SHERIFFS DEPT,1005-00-726-5655,"PISTOL,CALIBER .45,AUTOMATIC",1,Each,58.71,D,1,2011-01-03 00:00:00
IL,SAINT CLAIR COUNTY SHERIFFS DEPT,1005-00-073-9421,"RIFLE,5.56 MILLIMETER",1,Each,499,D,1,2006-04-28 00:00:00
IL,SAINT CLAIR COUNTY SHERIFFS DEPT,1005-00-856-6885,"RIFLE,5.56 MILLIMETER",1,Each,120,D,1,2010-07-12 00:00:00
IL,SAINT CLAIR COUNTY SHERIFFS DEPT,1005-00-856-6885,"RIFLE,5.56 MILLIMETER",1,Each,120,D,1,2010-07-12 00:00:00
IL,SAINT CLAIR COUNTY SHERIFFS DEPT,1005-00-726-5655,"PISTOL,CALIBER .45,AUTOMATIC",1,Each,58.71,D,1,2011-01-03 00:00:00
IL,SAINT CLAIR COUNTY SHERIFFS DEPT,1005-00-726-5655,"PISTOL,CALIBER .45,AUTOMATIC",1,Each,58.71,D,1,2011-01-03 00:00:00
IL,SAINT CLAIR COUNTY SHERIFFS DEPT,1005-00-073-9421,"RIFLE,5.56 MILLIMETER",1,Each,499,D,1,2006-05-02 00:00:00
IL,SAINT CLAIR COUNTY SHERIFFS DEPT,1005-00-073-9421,"RIFLE,5.56 MILLIMETER",1,Each,499,D,1,2006-04-28 00:00:00
IL,SAINT CLAIR COUNTY SHERIFFS DEPT,1005-00-726-5655,"PISTOL,CALIBER .45,AUTOMATIC",1,Each,58.71,D,1,2011-01-03 00:00:00
IL,SAINT CLAIR COUNTY SHERIFFS DEPT,1005-00-726-5655,"PISTOL,CALIBER .45,AUTOMATIC",1,Each,58.71,D,1,2011-01-03 00:00:00
IL,SAINT CLAIR COUNTY SHERIFFS DEPT,1005-00-726-5655,"PISTOL,CALIBER .45,AUTOMATIC",1,Each,58.71,D,1,2011-01-03 00:00:00
IL,SAINT CLAIR COUNTY SHERIFFS DEPT,1005-00-073-9421,"RIFLE,5.56 MILLIMETER",1,Each,499,D,1,2006-04-28 00:00:00
IL,SAINT CLAIR COUNTY SHERIFFS DEPT,2320-01-107-7155,"TRUCK,UTILITY",1,Each,41061,Q,6,2011-09-13 00:00:00
IL,SAINT CLAIR COUNTY SHERIFFS DEPT,1005-00-073-9421,"RIFLE,5.56 MILLIMETER",1,Each,499,D,1,2006-05-02 00:00:00
IL,SAINT CLAIR COUNTY SHERIFFS DEPT,1005-00-073-9421,"RIFLE,5.56 MILLIMETER",1,Each,499,D,1,2006-04-28 00:00:00
IL,SAINT CLAIR COUNTY SHERIFFS DEPT,2320-01-107-7155,"TRUCK,UTILITY",1,Each,41061,Q,6,2011-09-15 00:00:00
IL,SAINT CLAIR COUNTY SHERIFFS DEPT,1005-00-073-9421,"RIFLE,5.56 MILLIMETER",1,Each,499,D,1,2006-05-02 00:00:00
IL,SAINT CLAIR COUNTY SHERIFFS DEPT,1005-00-856-6885,"RIFLE,5.56 MILLIMETER",1,Each,120,D,1,2010-07-12 00:00:00
IL,SAINT CLAIR COUNTY SHERIFFS DEPT,1005-00-726-5655,"PISTOL,CALIBER .45,AUTOMATIC",1,Each,58.71,D,1,2011-01-03 00:00:00
IL,SAINT CLAIR COUNTY SHERIFFS DEPT,5855-01-228-0937,NIGHT VISION GOGGLE,1,Each,3578,F,1,2012-02-22 00:00:00
IL,SAINT CLAIR COUNTY SHERIFFS DEPT,1005-00-726-5655,"PISTOL,CALIBER .45,AUTOMATIC",1,Each,58.71,D,1,2011-01-03 00:00:00
IL,SAINT CLAIR COUNTY SHERIFFS DEPT,1005-00-073-9421,"RIFLE,5.56 MILLIMETER",1,Each,499,D,1,2006-05-02 00:00:00
IL,SAINT CLAIR COUNTY SHERIFFS DEPT,1005-00-073-9421,"RIFLE,5.56 MILLIMETER",1,Each,499,D,1,2006-04-28 00:00:00
IL,SAINT CLAIR COUNTY SHERIFFS DEPT,7025-DS-PRO-JEC2,"PROJECTOR, COMPUTER SCREEN",1,Each,5495,A,,2017-08-15 00:00:00
IL,SAINT CLAIR COUNTY SHERIFFS DEPT,6730-DS-PRO-JEC1,PHOTOGRAPHIC PROJECTION EQUIPMENT,1,Each,3932.42,A,,2017-08-15 00:00:00
IL,SAINT CLAIR COUNTY SHERIFFS DEPT,7025-DS-FLA-TPAN,FLAT PANEL MONITOR,3,Each,300,A,,2017-02-15 00:00:00
IL,SAINT CLAIR COUNTY SHERIFFS DEPT,7025-DS-PRI-NT05,PRINTER,1,Each,299.78,A,,2017-02-15 00:00:00
IL,SAINT CLAIR COUNTY SHERIFFS DEPT,1005-00-921-5483,"SHOTGUN,12 GAGE,RIOT TYPE",1,Each,108,D,1,2005-06-23 00:00:00
IL,SAINT CLAIR COUNTY SHERIFFS DEPT,1005-00-589-1271,"RIFLE,7.62 MILLIMETER",1,Each,138,D,1,2011-01-04 00:00:00
IL,SAINT CLAIR COUNTY SHERIFFS DEPT,1005-00-589-1271,"RIFLE,7.62 MILLIMETER",1,Each,138,D,1,2011-01-04 00:00:00
IL,SAINT CLAIR COUNTY SHERIFFS DEPT,1005-00-589-1271,"RIFLE,7.62 MILLIMETER",1,Each,138,D,1,2011-01-04 00:00:00
IL,SAINT CLAIR COUNTY SHERIFFS DEPT,1005-00-589-1271,"RIFLE,7.62 MILLIMETER",1,Each,138,D,1,2011-01-04 00:00:00
IL,SAINT CLAIR COUNTY SHERIFFS DEPT,1005-00-589-1271,"RIFLE,7.62 MILLIMETER",1,Each,138,D,1,2011-01-04 00:00:00
IL,SAINT CLAIR COUNTY SHERIFFS DEPT,5855-01-017-7366,NIGHT VISION SIGHT ASSEMBLY,1,Each,3207,F,1,2012-02-22 00:00:00
IL,SAINT CLAIR COUNTY SHERIFFS DEPT,5855-01-017-7366,NIGHT VISION SIGHT ASSEMBLY,1,Each,3207,F,1,2012-02-22 00:00:00
IL,SAINT CLAIR COUNTY SHERIFFS DEPT,5855-01-017-7366,NIGHT VISION SIGHT ASSEMBLY,1,Each,3207,F,1,2012-02-22 00:00:00
IL,SAINT CLAIR COUNTY SHERIFFS DEPT,5855-01-017-7366,NIGHT VISION SIGHT ASSEMBLY,1,Each,3207,F,1,2012-02-22 00:00:00
IL,SAINT CLAIR COUNTY SHERIFFS DEPT,5855-01-017-7366,NIGHT VISION SIGHT ASSEMBLY,1,Each,3207,F,1,2012-02-22 00:00:00
IL,SAINT CLAIR COUNTY SHERIFFS DEPT,5855-01-017-7366,NIGHT VISION SIGHT ASSEMBLY,1,Each,3207,F,1,2012-02-22 00:00:00
IL,SAINT CLAIR COUNTY SHERIFFS DEPT,5855-01-017-7366,NIGHT VISION SIGHT ASSEMBLY,1,Each,3207,F,1,2012-02-22 00:00:00
IL,SAINT CLAIR COUNTY SHERIFFS DEPT,5855-01-017-7366,NIGHT VISION SIGHT ASSEMBLY,1,Each,3207,F,1,2012-02-22 00:00:00
IL,SAINT CLAIR COUNTY SHERIFFS DEPT,5855-01-017-7366,NIGHT VISION SIGHT ASSEMBLY,1,Each,3207,F,1,2012-02-22 00:00:00
IL,SAINT CLAIR COUNTY SHERIFFS DEPT,5855-01-017-7366,NIGHT VISION SIGHT ASSEMBLY,1,Each,3207,F,1,2012-02-22 00:00:00
IL,SAINT CLAIR COUNTY SHERIFFS DEPT,5855-01-228-0937,NIGHT VISION GOGGLE,1,Each,3578,F,1,2012-02-22 00:00:00
IL,SAINT CLAIR COUNTY SHERIFFS DEPT,5855-01-228-0937,NIGHT VISION GOGGLE,1,Each,3578,F,1,2012-02-22 00:00:00
IL,SAINT CLAIR COUNTY SHERIFFS DEPT,5855-01-228-0937,NIGHT VISION GOGGLE,1,Each,3578,F,1,2012-02-22 00:00:00
IL,SAINT CLAIR COUNTY SHERIFFS DEPT,5855-01-228-0937,NIGHT VISION GOGGLE,1,Each,3578,F,1,2012-02-22 00:00:00
IL,SAINT ELMO POLICE DEPT,1005-00-073-9421,"RIFLE,5.56 MILLIMETER",1,Each,499,D,1,2012-01-24 00:00:00
IL,SAINT ELMO POLICE DEPT,1005-00-073-9421,"RIFLE,5.56 MILLIMETER",1,Each,499,D,1,2012-01-24 00:00:00
IL,SALINE COUNTY SHERIFFS OFFICE,2320-01-107-7155,"TRUCK,UTILITY",1,Each,41061,Q,6,2012-08-31 00:00:00
IL,SALINE COUNTY SHERIFFS OFFICE,1005-00-856-6885,"RIFLE,5.56 MILLIMETER",1,Each,120,D,1,2009-11-04 00:00:00
IL,SALINE COUNTY SHERIFFS OFFICE,2320-01-107-7155,"TRUCK,UTILITY",1,Each,41061,Q,6,2012-05-04 00:00:00
IL,SALINE COUNTY SHERIFFS OFFICE,1005-00-856-6885,"RIFLE,5.56 MILLIMETER",1,Each,120,D,1,2009-11-04 00:00:00
IL,SAN JOSE POLICE DEPARTMENT,1005-00-073-9421,"RIFLE,5.56 MILLIMETER",1,Each,499,D,1,2012-01-18 00:00:00
IL,SAN JOSE POLICE DEPARTMENT,1005-00-073-9421,"RIFLE,5.56 MILLIMETER",1,Each,499,D,1,2012-01-18 00:00:00
IL,SAN JOSE POLICE DEPARTMENT,1005-00-073-9421,"RIFLE,5.56 MILLIMETER",1,Each,499,D,1,2012-01-18 00:00:00
IL,SANGAMON COUNTY SHERIFF OFFICE,8470-01-441-0885,BALLISTIC BLANKET  ,1,Each,1270.8,D,1,2010-04-19 00:00:00
IL,SANGAMON COUNTY SHERIFF OFFICE,8470-01-441-0885,BALLISTIC BLANKET  ,1,Each,1270.8,D,1,2010-04-18 00:00:00
IL,SANGAMON COUNTY SHERIFF OFFICE,1385-01-574-4707,"UNMANNED VEHICLE,GROUND",1,Each,10000,Q,3,2014-02-06 00:00:00
IL,SAUK VILLAGE POLICE DEPT,1005-00-856-6885,"RIFLE,5.56 MILLIMETER",1,Each,120,D,1,2011-09-07 00:00:00
IL,SAUK VILLAGE POLICE DEPT,1005-00-856-6885,"RIFLE,5.56 MILLIMETER",1,Each,120,D,1,2011-09-07 00:00:00
IL,SAUK VILLAGE POLICE DEPT,1005-00-589-1271,"RIFLE,7.62 MILLIMETER",1,Each,138,D,1,1999-11-09 00:00:00
IL,SAUK VILLAGE POLICE DEPT,1005-00-589-1271,"RIFLE,7.62 MILLIMETER",1,Each,138,D,1,1999-11-09 00:00:00
IL,SAUK VILLAGE POLICE DEPT,1005-00-589-1271,"RIFLE,7.62 MILLIMETER",1,Each,138,D,1,1999-11-09 00:00:00
IL,SAUK VILLAGE POLICE DEPT,1005-00-856-6885,"RIFLE,5.56 MILLIMETER",1,Each,120,D,1,2011-09-07 00:00:00
IL,SAUK VILLAGE POLICE DEPT,1005-00-856-6885,"RIFLE,5.56 MILLIMETER",1,Each,120,D,1,2011-09-07 00:00:00
IL,SAUK VILLAGE POLICE DEPT,1005-00-856-6885,"RIFLE,5.56 MILLIMETER",1,Each,120,D,1,2011-09-07 00:00:00
IL,SAUK VILLAGE POLICE DEPT,1005-00-856-6885,"RIFLE,5.56 MILLIMETER",1,Each,120,D,1,2011-09-07 00:00:00
IL,SAUK VILLAGE POLICE DEPT,1005-00-856-6885,"RIFLE,5.56 MILLIMETER",1,Each,120,D,1,2011-09-07 00:00:00
IL,SAUK VILLAGE POLICE DEPT,1005-00-856-6885,"RIFLE,5.56 MILLIMETER",1,Each,120,D,1,2011-09-07 00:00:00
IL,SAUK VILLAGE POLICE DEPT,1005-00-856-6885,"RIFLE,5.56 MILLIMETER",1,Each,120,D,1,2010-05-06 00:00:00
IL,SAUK VILLAGE POLICE DEPT,1005-00-856-6885,"RIFLE,5.56 MILLIMETER",1,Each,120,D,1,2011-09-07 00:00:00
IL,SAVANNA POLICE DEPARTMENT,1005-00-856-6885,"RIFLE,5.56 MILLIMETER",1,Each,120,D,1,2010-03-22 00:00:00
IL,SAVANNA POLICE DEPARTMENT,1005-00-856-6885,"RIFLE,5.56 MILLIMETER",1,Each,120,D,1,2010-03-22 00:00:00
IL,SAVANNA POLICE DEPARTMENT,1005-00-856-6885,"RIFLE,5.56 MILLIMETER",1,Each,120,D,1,2010-03-22 00:00:00
IL,SAVANNA POLICE DEPARTMENT,1240-01-411-1265,"SIGHT,REFLEX",1,Each,315,D,1,2012-01-23 00:00:00
IL,SAVANNA POLICE DEPARTMENT,5860-DS-LAS-ER00,STIMULATED COHERENT RADIATION DEVICES,2,Each,125,D,,2013-01-02 00:00:00
IL,SAVANNA POLICE DEPARTMENT,1005-00-856-6885,"RIFLE,5.56 MILLIMETER",1,Each,120,D,1,2010-03-22 00:00:00
IL,SAVANNA POLICE DEPARTMENT,1005-00-856-6885,"RIFLE,5.56 MILLIMETER",1,Each,120,D,1,2010-03-22 00:00:00
IL,SAVANNA POLICE DEPARTMENT,1005-00-073-9421,"RIFLE,5.56 MILLIMETER",1,Each,499,D,1,2002-08-16 00:00:00
IL,SAVANNA POLICE DEPARTMENT,1005-00-073-9421,"RIFLE,5.56 MILLIMETER",1,Each,499,D,1,2002-08-16 00:00:00
IL,SAVANNA POLICE DEPARTMENT,1005-01-563-8451,"BIPOD,RIFLE",1,Each,147.26,D,1,2013-12-30 00:00:00
IL,SAVANNA POLICE DEPARTMENT,1240-01-600-0749,"SIGHT,REFLEX",1,Each,574.58,D,1,2014-09-20 00:00:00
IL,SAVANNA POLICE DEPARTMENT,1240-01-490-7312,"SIGHT,REFLEX",1,Each,1170.55,D,1,2013-11-05 00:00:00
IL,SAVANNA POLICE DEPARTMENT,1240-01-424-7122,"TELESCOPE,STRAIGHT",1,Each,2659.37,D,,2013-11-06 00:00:00
IL,SAVANNA POLICE DEPARTMENT,1005-01-563-8451,"BIPOD,RIFLE",2,Each,147.26,D,1,2013-12-30 00:00:00
IL,SAVANNA POLICE DEPARTMENT,1005-01-360-4862,"MAGAZINE,CARTRIDGE",1,Each,189.27,D,1,2012-05-05 00:00:00
IL,SAVANNA POLICE DEPARTMENT,5855-01-488-6563,"ILLUMINATOR,INFRARED",1,Each,1794,D,1,2012-10-23 00:00:00
IL,SAVANNA POLICE DEPARTMENT,5855-01-465-2168,"ILLUMINATOR,INFRARED",1,Each,7786.31,C,1,2012-12-05 00:00:00
IL,SAVANNA POLICE DEPARTMENT,5855-01-488-6563,"ILLUMINATOR,INFRARED",1,Each,1794,D,1,2012-10-23 00:00:00
IL,SAVANNA POLICE DEPARTMENT,5855-01-528-2744,"IMAGE INTENSIFIER,NIGHT VISION",1,Each,6392,C,1,2013-04-16 00:00:00
IL,SHANNON POLICE DEPT,1005-01-506-5750,"MOUNT,SIGHT,SMALL ARMS",1,Each,306.18,D,1,2014-03-14 00:00:00
IL,SHANNON POLICE DEPT,5855-01-540-3355,"VIEWER KIT,NIGHT VISION",1,Each,2560.33,D,1,2013-02-03 00:00:00
IL,SHANNON POLICE DEPT,5855-01-381-6052,COMPASS ASSEMBLY   ,1,Each,61.1,Q,3,2013-07-26 00:00:00
IL,SHANNON POLICE DEPT,1005-01-452-6771,"ADAPTER RAIL,WEAPON MOUNTED,M5",2,Each,200.02,B,3,2014-01-22 00:00:00
IL,SHANNON POLICE DEPT,5365-01-562-0979,"RING SET,RETAINING,INSTRUMENT",1,Each,131.47,B,3,2014-01-28 00:00:00
IL,SHANNON POLICE DEPT,5825-01-551-3619,"NAVIGATION SET,SATELLITE SIGNALS",1,Each,500,Q,3,2013-03-26 00:00:00
IL,SHANNON POLICE DEPT,1005-01-128-9936,"RIFLE,5.56 MILLIMETER",1,Each,749,D,1,2014-09-30 00:00:00
IL,SHANNON POLICE DEPT,2320-01-107-7156,"TRUCK,UTILITY",1,Each,43376,Q,6,2014-10-14 00:00:00
IL,SHANNON POLICE DEPT,1005-01-563-8451,"BIPOD,RIFLE",1,Each,147.26,D,1,2013-12-30 00:00:00
IL,SHANNON POLICE DEPT,5855-01-425-1041,"CASE,TRANSPORTATION",1,Each,177.58,D,,2013-11-14 00:00:00
IL,SHANNON POLICE DEPT,1005-01-128-9936,"RIFLE,5.56 MILLIMETER",1,Each,749,D,1,2014-09-30 00:00:00
IL,SHANNON POLICE DEPT,1240-01-424-7122,"TELESCOPE,STRAIGHT",1,Each,2659.37,D,,2013-11-06 00:00:00
IL,SHANNON POLICE DEPT,1005-00-589-1271,"RIFLE,7.62 MILLIMETER",1,Each,138,D,1,2003-03-18 00:00:00
IL,SHANNON POLICE DEPT,1240-01-571-5004,"PERISCOPE,PORTABLE",1,Each,616.03,D,1,2013-07-18 00:00:00
IL,SHANNON POLICE DEPT,5855-01-391-7026,MAGNIFIER LENS ASSEMBLY,1,Each,882.28,D,1,2013-02-20 00:00:00
IL,SHAWNEETOWN POLICE DEPT,2320-01-107-7155,"TRUCK,UTILITY",1,Each,41061,Q,6,2012-08-31 00:00:00
IL,SHELBYVILLE POLICE DEPT,1005-00-589-1271,"RIFLE,7.62 MILLIMETER",1,Each,138,D,1,2005-03-24 00:00:00
IL,SHELBYVILLE POLICE DEPT,1005-00-589-1271,"RIFLE,7.62 MILLIMETER",1,Each,138,D,1,2005-03-24 00:00:00
IL,SHELBYVILLE POLICE DEPT,1005-00-589-1271,"RIFLE,7.62 MILLIMETER",1,Each,138,D,1,2005-03-24 00:00:00
IL,SHELBYVILLE POLICE DEPT,1005-00-073-9421,"RIFLE,5.56 MILLIMETER",1,Each,499,D,1,2005-12-02 00:00:00
IL,SHERIDAN POLICE DEPT,1005-00-589-1271,"RIFLE,7.62 MILLIMETER",1,Each,138,D,1,2003-08-04 00:00:00
IL,SHERMAN POLICE DEPT,5895-DS-COM-MISC,MISCELLANEOUS COMMUNICATION EQUIPMENT,1,Each,1000,D,,2012-01-14 00:00:00
IL,SHERMAN POLICE DEPT,2320-01-128-9551,"TRUCK,UTILITY",1,Each,50458,C,1,2011-08-26 00:00:00
IL,SHERMAN POLICE DEPT,1005-00-073-9421,"RIFLE,5.56 MILLIMETER",1,Each,499,D,1,2003-06-04 00:00:00
IL,SHERMAN POLICE DEPT,5855-00-629-5334,NIGHT VISION SIGHT INDIVIDUAL SERVED WEAPONS,1,Each,5650,F,1,2012-09-05 00:00:00
IL,SHERMAN POLICE DEPT,1240-01-411-1265,"SIGHT,REFLEX",1,Each,315,D,1,2013-05-31 00:00:00
IL,SHERMAN POLICE DEPT,1240-01-411-1265,"SIGHT,REFLEX",1,Each,315,D,1,2013-05-31 00:00:00
IL,SHERMAN POLICE DEPT,1240-01-411-1265,"SIGHT,REFLEX",1,Each,315,D,1,2013-05-31 00:00:00
IL,SHERMAN POLICE DEPT,1240-01-411-1265,"SIGHT,REFLEX",1,Each,315,D,1,2013-05-31 00:00:00
IL,SHERMAN POLICE DEPT,1240-01-411-1265,"SIGHT,REFLEX",1,Each,315,D,1,2013-05-31 00:00:00
IL,SHERMAN POLICE DEPT,1240-01-411-1265,"SIGHT,REFLEX",1,Each,315,D,1,2013-05-31 00:00:00
IL,SHILOH POLICE DEPT,1005-00-073-9421,"RIFLE,5.56 MILLIMETER",1,Each,499,D,1,2008-05-29 00:00:00
IL,SHILOH POLICE DEPT,1005-00-073-9421,"RIFLE,5.56 MILLIMETER",1,Each,499,D,1,2008-05-29 00:00:00
IL,SHILOH POLICE DEPT,1005-00-073-9421,"RIFLE,5.56 MILLIMETER",1,Each,499,D,1,2008-05-29 00:00:00
IL,SHILOH POLICE DEPT,1005-00-856-6885,"RIFLE,5.56 MILLIMETER",1,Each,120,D,1,2009-08-17 00:00:00
IL,SHILOH POLICE DEPT,1005-00-856-6885,"RIFLE,5.56 MILLIMETER",1,Each,120,D,1,2009-08-17 00:00:00
IL,SLEEPY HOLLOW POLICE DEPT,5855-01-419-4664,"THERMAL IMAGING SYSTEM
",1,Each,30840,C,1,2014-01-09 00:00:00
IL,SLEEPY HOLLOW POLICE DEPT,1005-00-726-5655,"PISTOL,CALIBER .45,AUTOMATIC",1,Each,58.71,D,1,2006-04-27 00:00:00
IL,SLEEPY HOLLOW POLICE DEPT,1005-00-726-5655,"PISTOL,CALIBER .45,AUTOMATIC",1,Each,58.71,D,1,2006-04-27 00:00:00
IL,SLEEPY HOLLOW POLICE DEPT,5855-01-419-4664,"THERMAL IMAGING SYSTEM
",1,Each,30840,C,1,2014-01-09 00:00:00
IL,SLEEPY HOLLOW POLICE DEPT,1005-00-726-5655,"PISTOL,CALIBER .45,AUTOMATIC",1,Each,58.71,D,1,2006-04-27 00:00:00
IL,SLEEPY HOLLOW POLICE DEPT,1005-00-726-5655,"PISTOL,CALIBER .45,AUTOMATIC",1,Each,58.71,D,1,2006-04-27 00:00:00
IL,SLEEPY HOLLOW POLICE DEPT,1005-00-073-9421,"RIFLE,5.56 MILLIMETER",1,Each,499,D,1,2006-04-28 00:00:00
IL,SLEEPY HOLLOW POLICE DEPT,1005-00-726-5655,"PISTOL,CALIBER .45,AUTOMATIC",1,Each,58.71,D,1,2006-04-27 00:00:00
IL,SLEEPY HOLLOW POLICE DEPT,1005-00-726-5655,"PISTOL,CALIBER .45,AUTOMATIC",1,Each,58.71,D,1,2006-04-27 00:00:00
IL,SMITHTON POLICE DEPT,1005-00-921-5483,"SHOTGUN,12 GAGE,RIOT TYPE",1,Each,108,D,1,2005-06-23 00:00:00
IL,SMITHTON POLICE DEPT,1005-01-094-7045,"REVOLVER,CALIBER .38 SPECIAL",1,Each,89.57,D,1,2005-06-23 00:00:00
IL,SMITHTON POLICE DEPT,1005-00-589-1271,"RIFLE,7.62 MILLIMETER",1,Each,138,D,1,2005-06-23 00:00:00
IL,SMITHTON POLICE DEPT,1005-00-073-9421,"RIFLE,5.56 MILLIMETER",1,Each,499,D,1,2005-06-23 00:00:00
IL,SMITHTON POLICE DEPT,1005-00-726-5655,"PISTOL,CALIBER .45,AUTOMATIC",1,Each,58.71,D,1,2005-06-23 00:00:00
IL,SOMONAUK POLICE DEPT,1005-00-726-5655,"PISTOL,CALIBER .45,AUTOMATIC",1,Each,58.71,D,1,2002-08-26 00:00:00
IL,SOMONAUK POLICE DEPT,1005-00-726-5655,"PISTOL,CALIBER .45,AUTOMATIC",1,Each,58.71,D,1,2002-08-26 00:00:00
IL,SOMONAUK POLICE DEPT,1005-00-726-5655,"PISTOL,CALIBER .45,AUTOMATIC",1,Each,58.71,D,1,2002-08-26 00:00:00
IL,SOMONAUK POLICE DEPT,1005-00-073-9421,"RIFLE,5.56 MILLIMETER",1,Each,499,D,1,2004-07-08 00:00:00
IL,SOMONAUK POLICE DEPT,1005-00-073-9421,"RIFLE,5.56 MILLIMETER",1,Each,499,D,1,2004-07-08 00:00:00
IL,SOMONAUK POLICE DEPT,1005-00-073-9421,"RIFLE,5.56 MILLIMETER",1,Each,499,D,1,2004-07-08 00:00:00
IL,SOMONAUK POLICE DEPT,1005-00-589-1271,"RIFLE,7.62 MILLIMETER",1,Each,138,D,1,2003-09-18 00:00:00
IL,SOMONAUK POLICE DEPT,1005-00-073-9421,"RIFLE,5.56 MILLIMETER",1,Each,499,D,1,2004-07-08 00:00:00
IL,SOMONAUK POLICE DEPT,1005-00-073-9421,"RIFLE,5.56 MILLIMETER",1,Each,499,D,1,2004-07-08 00:00:00
IL,SOMONAUK POLICE DEPT,1005-00-073-9421,"RIFLE,5.56 MILLIMETER",1,Each,499,D,1,2004-07-08 00:00:00
IL,SOMONAUK POLICE DEPT,1005-00-073-9421,"RIFLE,5.56 MILLIMETER",1,Each,499,D,1,2004-07-08 00:00:00
IL,SOMONAUK POLICE DEPT,1005-00-073-9421,"RIFLE,5.56 MILLIMETER",1,Each,499,D,1,2003-09-25 00:00:00
IL,SOMONAUK POLICE DEPT,1005-00-073-9421,"RIFLE,5.56 MILLIMETER",1,Each,499,D,1,2004-07-08 00:00:00
IL,SOUTH JACKSONVILLE POLICE DEPT,1005-00-589-1271,"RIFLE,7.62 MILLIMETER",1,Each,138,D,1,2000-02-07 00:00:00
IL,SOUTH JACKSONVILLE POLICE DEPT,2320-01-107-7155,"TRUCK,UTILITY",1,Each,41061,Q,6,2012-07-10 00:00:00
IL,SOUTH JACKSONVILLE POLICE DEPT,1005-00-856-6885,"RIFLE,5.56 MILLIMETER",1,Each,120,D,1,2011-10-12 00:00:00
IL,SOUTH JACKSONVILLE POLICE DEPT,1005-00-589-1271,"RIFLE,7.62 MILLIMETER",1,Each,138,D,1,2000-02-07 00:00:00
IL,SOUTH JACKSONVILLE POLICE DEPT,1005-00-726-5655,"PISTOL,CALIBER .45,AUTOMATIC",1,Each,58.71,D,1,2011-10-13 00:00:00
IL,SOUTH JACKSONVILLE POLICE DEPT,1005-00-073-9421,"RIFLE,5.56 MILLIMETER",1,Each,499,D,1,2006-05-04 00:00:00
IL,SOUTH JACKSONVILLE POLICE DEPT,1005-00-856-6885,"RIFLE,5.56 MILLIMETER",1,Each,120,D,1,2011-10-12 00:00:00
IL,SOUTH JACKSONVILLE POLICE DEPT,1005-00-726-5655,"PISTOL,CALIBER .45,AUTOMATIC",1,Each,58.71,D,1,2010-09-22 00:00:00
IL,SOUTH JACKSONVILLE POLICE DEPT,1005-00-589-1271,"RIFLE,7.62 MILLIMETER",1,Each,138,D,1,2010-09-22 00:00:00
IL,SOUTH JACKSONVILLE POLICE DEPT,1005-00-726-5655,"PISTOL,CALIBER .45,AUTOMATIC",1,Each,58.71,D,1,2010-09-22 00:00:00
IL,SOUTH JACKSONVILLE POLICE DEPT,1005-00-856-6885,"RIFLE,5.56 MILLIMETER",1,Each,120,D,1,2010-09-22 00:00:00
IL,SOUTH JACKSONVILLE POLICE DEPT,2320-01-128-9552,"TRUCK,UTILITY",1,Each,49897,C,1,2014-06-23 00:00:00
IL,SOUTH JACKSONVILLE POLICE DEPT,1005-00-726-5655,"PISTOL,CALIBER .45,AUTOMATIC",1,Each,58.71,D,1,2010-09-22 00:00:00
IL,SOUTH JACKSONVILLE POLICE DEPT,1005-00-856-6885,"RIFLE,5.56 MILLIMETER",1,Each,120,D,1,2011-10-12 00:00:00
IL,SOUTH PEKIN POLICE DEPT,1005-00-726-5655,"PISTOL,CALIBER .45,AUTOMATIC",1,Each,58.71,D,1,2012-04-11 00:00:00
IL,SOUTH PEKIN POLICE DEPT,1005-00-073-9421,"RIFLE,5.56 MILLIMETER",1,Each,499,D,1,2012-01-24 00:00:00
IL,SOUTH PEKIN POLICE DEPT,1005-00-726-5655,"PISTOL,CALIBER .45,AUTOMATIC",1,Each,58.71,D,1,2012-04-11 00:00:00
IL,SOUTH PEKIN POLICE DEPT,1005-00-726-5655,"PISTOL,CALIBER .45,AUTOMATIC",1,Each,58.71,D,1,2012-04-11 00:00:00
IL,SOUTH PEKIN POLICE DEPT,5855-01-228-0939,NIGHT VISION GOGGLE,1,Each,7621,F,1,2012-04-03 00:00:00
IL,SOUTH PEKIN POLICE DEPT,1005-00-073-9421,"RIFLE,5.56 MILLIMETER",1,Each,499,D,1,2012-01-24 00:00:00
IL,SOUTH PEKIN POLICE DEPT,5855-01-228-0939,NIGHT VISION GOGGLE,1,Each,7621,F,1,2012-04-03 00:00:00
IL,SOUTH PEKIN POLICE DEPT,5855-00-150-1820,"VIEWER,NIGHT VISION",1,Each,4105,F,1,2012-04-12 00:00:00
IL,SOUTH PEKIN POLICE DEPT,5855-01-228-0939,NIGHT VISION GOGGLE,1,Each,7621,F,1,2012-04-03 00:00:00
IL,SOUTH PEKIN POLICE DEPT,1005-00-073-9421,"RIFLE,5.56 MILLIMETER",1,Each,499,D,1,2012-01-24 00:00:00
IL,SOUTH PEKIN POLICE DEPT,5855-01-228-0939,NIGHT VISION GOGGLE,1,Each,7621,F,1,2012-04-03 00:00:00
IL,SOUTH PEKIN POLICE DEPT,5855-00-150-1820,"VIEWER,NIGHT VISION",1,Each,4105,F,1,2012-04-12 00:00:00
IL,SOUTH PEKIN POLICE DEPT,5855-01-228-0939,NIGHT VISION GOGGLE,1,Each,7621,F,1,2012-04-03 00:00:00
IL,SOUTH PEKIN POLICE DEPT,1005-00-726-5655,"PISTOL,CALIBER .45,AUTOMATIC",1,Each,58.71,D,1,2012-04-11 00:00:00
IL,SOUTH PEKIN POLICE DEPT,1005-00-073-9421,"RIFLE,5.56 MILLIMETER",1,Each,499,D,1,2012-01-24 00:00:00
IL,SOUTH PEKIN POLICE DEPT,1005-00-726-5655,"PISTOL,CALIBER .45,AUTOMATIC",1,Each,58.71,D,1,2012-04-11 00:00:00
IL,SPAULDING POLICE DEPT,5820-01-507-3574,RADIO SET,4,Each,945.94,D,1,2012-01-23 00:00:00
IL,SPAULDING POLICE DEPT,8405-01-542-9631,"PARKA,WET WEATHER",3,Each,93.42,E,1,2012-02-02 00:00:00
IL,SPAULDING POLICE DEPT,2510-01-564-5236,"WINDOW,VEHICULAR",4,Each,769.97,D,1,2012-01-23 00:00:00
IL,SPAULDING POLICE DEPT,6665-99-225-4111,NOZZLE PROTECTIVE C,1,Each,144,B,0,2012-01-26 00:00:00
IL,SPAULDING POLICE DEPT,1240-01-499-3547,BINOCULAR,4,Each,341,F,1,2012-01-26 00:00:00
IL,SPAULDING POLICE DEPT,1005-01-033-9410,"BOLT,BREECH",1,Each,527.81,D,1,2013-05-23 00:00:00
IL,SPAULDING POLICE DEPT,5855-00-629-5334,NIGHT VISION SIGHT INDIVIDUAL SERVED WEAPONS,1,Each,5650,F,1,2012-02-06 00:00:00
IL,SPAULDING POLICE DEPT,2320-01-107-7153,"TRUCK,UTILITY",1,Each,63894,C,1,2012-01-13 00:00:00
IL,SPAULDING POLICE DEPT,1080-00-103-1234,"CAMOUFLAGE SCREENING SYSTEM,SNOW LIGHT WEIGHT RADAR TRANSPARENT",1,Each,648,D,1,2012-01-28 00:00:00
IL,SPAULDING POLICE DEPT,9515-01-395-6030,"PARTS KIT,ARMOR PLATE",1,Kit,817.9,D,1,2012-01-10 00:00:00
IL,SPAULDING POLICE DEPT,1005-01-033-9410,"BOLT,BREECH",1,Each,527.81,D,1,2012-01-28 00:00:00
IL,SPAULDING POLICE DEPT,1240-01-499-3547,BINOCULAR,1,Each,341,F,1,2012-01-28 00:00:00
IL,SPAULDING POLICE DEPT,9515-01-395-8544,ARMOR PLATE,1,Each,203.15,D,1,2012-01-10 00:00:00
IL,SPAULDING POLICE DEPT,5820-01-507-3574,RADIO SET,6,Each,945.94,D,1,2012-02-06 00:00:00
IL,SPAULDING POLICE DEPT,1005-01-003-5475,"SIGHT,REAR",3,Each,51.64,D,7,2012-01-28 00:00:00
IL,SPAULDING POLICE DEPT,6780-01-553-7395,"PHOTOGRAPHIC SET,PICTURE TAKING AND PROCESSING",2,Each,5381,D,2,2012-01-23 00:00:00
IL,SPAULDING POLICE DEPT,5965-01-453-2684,HEADSET-MICROPHONE,2,Each,1044,B,3,2012-01-23 00:00:00
IL,SPRING GROVE POLICE DEPT,1005-00-073-9421,"RIFLE,5.56 MILLIMETER",1,Each,499,D,1,2007-08-07 00:00:00
IL,SPRING GROVE POLICE DEPT,2320-01-107-7155,"TRUCK,UTILITY",1,Each,41061,Q,6,2012-05-14 00:00:00
IL,SPRING GROVE POLICE DEPT,2320-01-371-9583,"TRUCK,UTILITY",1,Each,63682,C,1,2013-06-11 00:00:00
IL,SPRING GROVE POLICE DEPT,4940-01-333-8471,"SHOP EQUIPMENT,CONTACT MAINTENANCE",1,Each,72357,A,1,2013-07-17 00:00:00
IL,SPRING GROVE POLICE DEPT,1005-00-726-5655,"PISTOL,CALIBER .45,AUTOMATIC",1,Each,58.71,D,1,2007-06-26 00:00:00
IL,SPRING GROVE POLICE DEPT,1005-00-073-9421,"RIFLE,5.56 MILLIMETER",1,Each,499,D,1,2007-08-07 00:00:00
IL,SPRING GROVE POLICE DEPT,4940-01-333-8471,"SHOP EQUIPMENT,CONTACT MAINTENANCE",1,Each,72357,A,1,2013-07-17 00:00:00
IL,SPRING GROVE POLICE DEPT,1005-00-073-9421,"RIFLE,5.56 MILLIMETER",1,Each,499,D,1,2007-08-07 00:00:00
IL,SPRING GROVE POLICE DEPT,2320-01-380-8604,"TRUCK,UTILITY",1,Each,81226,C,1,2012-05-14 00:00:00
IL,SPRING GROVE POLICE DEPT,1005-00-073-9421,"RIFLE,5.56 MILLIMETER",1,Each,499,D,1,2008-03-25 00:00:00
IL,SPRING GROVE POLICE DEPT,1005-00-073-9421,"RIFLE,5.56 MILLIMETER",1,Each,499,D,1,2008-03-25 00:00:00
IL,SPRING GROVE POLICE DEPT,1005-00-073-9421,"RIFLE,5.56 MILLIMETER",1,Each,499,D,1,2007-08-07 00:00:00
IL,SPRING GROVE POLICE DEPT,1005-00-726-5655,"PISTOL,CALIBER .45,AUTOMATIC",1,Each,58.71,D,1,2007-06-26 00:00:00
IL,SPRING GROVE POLICE DEPT,1005-00-726-5655,"PISTOL,CALIBER .45,AUTOMATIC",1,Each,58.71,D,1,2007-06-26 00:00:00
IL,SPRING GROVE POLICE DEPT,1005-00-589-1271,"RIFLE,7.62 MILLIMETER",1,Each,138,D,1,1994-07-13 00:00:00
IL,SPRING GROVE POLICE DEPT,1005-00-589-1271,"RIFLE,7.62 MILLIMETER",1,Each,138,D,1,1994-07-13 00:00:00
IL,SPRING GROVE POLICE DEPT,1005-00-589-1271,"RIFLE,7.62 MILLIMETER",1,Each,138,D,1,1994-07-13 00:00:00
IL,SPRING GROVE POLICE DEPT,1005-00-589-1271,"RIFLE,7.62 MILLIMETER",1,Each,138,D,1,1994-07-13 00:00:00
IL,SPRING GROVE POLICE DEPT,1005-00-589-1271,"RIFLE,7.62 MILLIMETER",1,Each,138,D,1,1994-07-13 00:00:00
IL,SPRING GROVE POLICE DEPT,2320-01-107-7156,"TRUCK,UTILITY",1,Each,43376,Q,6,2013-12-10 00:00:00
IL,SPRING GROVE POLICE DEPT,2320-01-371-9584,"TRUCK,UTILITY",1,Each,62627,C,1,2013-12-10 00:00:00
IL,SPRING GROVE POLICE DEPT,1005-01-128-9936,"RIFLE,5.56 MILLIMETER",1,Each,749,D,1,2014-09-25 00:00:00
IL,SPRING GROVE POLICE DEPT,1005-01-128-9936,"RIFLE,5.56 MILLIMETER",1,Each,749,D,1,2014-09-25 00:00:00
IL,SPRING GROVE POLICE DEPT,1005-01-128-9936,"RIFLE,5.56 MILLIMETER",1,Each,749,D,1,2014-09-25 00:00:00
IL,SPRING GROVE POLICE DEPT,1005-01-128-9936,"RIFLE,5.56 MILLIMETER",1,Each,749,D,1,2014-09-25 00:00:00
IL,SPRING GROVE POLICE DEPT,1005-01-128-9936,"RIFLE,5.56 MILLIMETER",1,Each,749,D,1,2014-09-25 00:00:00
IL,SPRING GROVE POLICE DEPT,1005-01-128-9936,"RIFLE,5.56 MILLIMETER",1,Each,749,D,1,2014-09-25 00:00:00
IL,SPRING GROVE POLICE DEPT,1005-00-589-1271,"RIFLE,7.62 MILLIMETER",1,Each,138,D,1,1994-07-13 00:00:00
IL,SPRING GROVE POLICE DEPT,1005-00-726-5655,"PISTOL,CALIBER .45,AUTOMATIC",1,Each,58.71,D,1,2007-06-26 00:00:00
IL,SPRINGFIELD PARK DISTRICT POLICE,1005-00-073-9421,"RIFLE,5.56 MILLIMETER",1,Each,499,D,1,2012-03-27 00:00:00
IL,SPRINGFIELD PARK DISTRICT POLICE,1005-00-856-6885,"RIFLE,5.56 MILLIMETER",1,Each,120,D,1,2011-03-09 00:00:00
IL,SPRINGFIELD PARK DISTRICT POLICE,1005-00-921-5483,"SHOTGUN,12 GAGE,RIOT TYPE",1,Each,108,D,1,2005-08-24 00:00:00
IL,SPRINGFIELD PARK DISTRICT POLICE,1005-00-073-9421,"RIFLE,5.56 MILLIMETER",1,Each,499,D,1,2012-03-27 00:00:00
IL,SPRINGFIELD PARK DISTRICT POLICE,1005-00-073-9421,"RIFLE,5.56 MILLIMETER",1,Each,499,D,1,2012-03-27 00:00:00
IL,SPRINGFIELD PARK DISTRICT POLICE,1005-00-589-1271,"RIFLE,7.62 MILLIMETER",1,Each,138,D,1,1999-11-09 00:00:00
IL,SPRINGFIELD PARK DISTRICT POLICE,1005-00-073-9421,"RIFLE,5.56 MILLIMETER",1,Each,499,D,1,2012-03-27 00:00:00
IL,SPRINGFIELD PARK DISTRICT POLICE,1005-00-589-1271,"RIFLE,7.62 MILLIMETER",1,Each,138,D,1,1999-11-09 00:00:00
IL,SPRINGFIELD POLICE DEPT,1005-00-073-9421,"RIFLE,5.56 MILLIMETER",1,Each,499,D,1,1997-04-21 00:00:00
IL,SPRINGFIELD POLICE DEPT,1005-00-073-9421,"RIFLE,5.56 MILLIMETER",1,Each,499,D,1,2002-08-12 00:00:00
IL,SPRINGFIELD POLICE DEPT,1005-00-073-9421,"RIFLE,5.56 MILLIMETER",1,Each,499,D,1,1997-04-21 00:00:00
IL,SPRINGFIELD POLICE DEPT,1005-00-073-9421,"RIFLE,5.56 MILLIMETER",1,Each,499,D,1,1997-04-21 00:00:00
IL,SPRINGFIELD POLICE DEPT,1005-00-073-9421,"RIFLE,5.56 MILLIMETER",1,Each,499,D,1,1997-04-21 00:00:00
IL,SPRINGFIELD POLICE DEPT,1005-00-073-9421,"RIFLE,5.56 MILLIMETER",1,Each,499,D,1,2002-08-12 00:00:00
IL,SPRINGFIELD POLICE DEPT,1005-00-073-9421,"RIFLE,5.56 MILLIMETER",1,Each,499,D,1,2002-08-12 00:00:00
IL,SPRINGFIELD POLICE DEPT,1005-00-073-9421,"RIFLE,5.56 MILLIMETER",1,Each,499,D,1,2002-08-12 00:00:00
IL,SPRINGFIELD POLICE DEPT,1005-00-073-9421,"RIFLE,5.56 MILLIMETER",1,Each,499,D,1,2002-08-12 00:00:00
IL,SPRINGFIELD POLICE DEPT,1005-00-073-9421,"RIFLE,5.56 MILLIMETER",1,Each,499,D,1,1997-04-21 00:00:00
IL,SPRINGFIELD POLICE DEPT,1005-00-073-9421,"RIFLE,5.56 MILLIMETER",1,Each,499,D,1,1997-04-21 00:00:00
IL,SPRINGFIELD POLICE DEPT,1005-00-073-9421,"RIFLE,5.56 MILLIMETER",1,Each,499,D,1,1997-04-21 00:00:00
IL,SPRINGFIELD POLICE DEPT,1005-00-073-9421,"RIFLE,5.56 MILLIMETER",1,Each,499,D,1,2002-08-12 00:00:00
IL,SPRINGFIELD POLICE DEPT,1005-00-073-9421,"RIFLE,5.56 MILLIMETER",1,Each,499,D,1,1997-04-21 00:00:00
IL,SPRINGFIELD POLICE DEPT,1005-00-073-9421,"RIFLE,5.56 MILLIMETER",1,Each,499,D,1,2002-08-12 00:00:00
IL,SPRINGFIELD POLICE DEPT,1005-00-073-9421,"RIFLE,5.56 MILLIMETER",1,Each,499,D,1,2002-08-12 00:00:00
IL,SPRINGFIELD POLICE DEPT,1005-00-073-9421,"RIFLE,5.56 MILLIMETER",1,Each,499,D,1,2002-08-12 00:00:00
IL,SPRINGFIELD POLICE DEPT,1005-00-073-9421,"RIFLE,5.56 MILLIMETER",1,Each,499,D,1,2002-08-12 00:00:00
IL,SPRINGFIELD POLICE DEPT,1005-00-073-9421,"RIFLE,5.56 MILLIMETER",1,Each,499,D,1,2002-08-12 00:00:00
IL,SPRINGFIELD POLICE DEPT,1005-00-073-9421,"RIFLE,5.56 MILLIMETER",1,Each,499,D,1,1997-04-21 00:00:00
IL,SPRINGFIELD POLICE DEPT,1005-00-073-9421,"RIFLE,5.56 MILLIMETER",1,Each,499,D,1,1997-04-21 00:00:00
IL,SPRINGFIELD POLICE DEPT,1005-00-073-9421,"RIFLE,5.56 MILLIMETER",1,Each,499,D,1,2002-08-12 00:00:00
IL,SPRINGFIELD POLICE DEPT,1005-00-073-9421,"RIFLE,5.56 MILLIMETER",1,Each,499,D,1,2002-08-12 00:00:00
IL,SPRINGFIELD POLICE DEPT,1005-00-073-9421,"RIFLE,5.56 MILLIMETER",1,Each,499,D,1,2002-08-12 00:00:00
IL,SPRINGFIELD POLICE DEPT,1005-00-073-9421,"RIFLE,5.56 MILLIMETER",1,Each,499,D,1,2002-08-12 00:00:00
IL,SPRINGFIELD POLICE DEPT,1005-00-073-9421,"RIFLE,5.56 MILLIMETER",1,Each,499,D,1,2002-08-12 00:00:00
IL,SPRINGFIELD POLICE DEPT,1005-00-073-9421,"RIFLE,5.56 MILLIMETER",1,Each,499,D,1,2002-08-12 00:00:00
IL,SPRINGFIELD POLICE DEPT,1005-00-073-9421,"RIFLE,5.56 MILLIMETER",1,Each,499,D,1,2002-08-12 00:00:00
IL,SPRINGFIELD POLICE DEPT,1005-00-073-9421,"RIFLE,5.56 MILLIMETER",1,Each,499,D,1,2002-08-12 00:00:00
IL,SPRINGFIELD POLICE DEPT,1005-00-073-9421,"RIFLE,5.56 MILLIMETER",1,Each,499,D,1,2002-08-12 00:00:00
IL,SPRINGFIELD POLICE DEPT,1005-00-073-9421,"RIFLE,5.56 MILLIMETER",1,Each,499,D,1,1997-04-21 00:00:00
IL,SPRINGFIELD POLICE DEPT,1005-00-073-9421,"RIFLE,5.56 MILLIMETER",1,Each,499,D,1,1997-04-21 00:00:00
IL,SPRINGFIELD POLICE DEPT,1005-00-073-9421,"RIFLE,5.56 MILLIMETER",1,Each,499,D,1,1997-04-21 00:00:00
IL,SPRINGFIELD POLICE DEPT,1005-00-073-9421,"RIFLE,5.56 MILLIMETER",1,Each,499,D,1,1997-04-21 00:00:00
IL,SPRINGFIELD POLICE DEPT,1005-00-073-9421,"RIFLE,5.56 MILLIMETER",1,Each,499,D,1,1997-04-21 00:00:00
IL,SPRINGFIELD POLICE DEPT,1005-00-073-9421,"RIFLE,5.56 MILLIMETER",1,Each,499,D,1,2002-08-12 00:00:00
IL,SPRINGFIELD POLICE DEPT,1005-00-073-9421,"RIFLE,5.56 MILLIMETER",1,Each,499,D,1,1997-04-21 00:00:00
IL,SPRINGFIELD POLICE DEPT,1005-00-073-9421,"RIFLE,5.56 MILLIMETER",1,Each,499,D,1,1997-04-21 00:00:00
IL,SPRINGFIELD POLICE DEPT,1005-00-073-9421,"RIFLE,5.56 MILLIMETER",1,Each,499,D,1,1997-04-21 00:00:00
IL,SPRINGFIELD POLICE DEPT,5855-01-422-5253,"ILLUMINATOR,INFRARED",3,Each,1468,D,1,2011-05-13 00:00:00
IL,SPRINGFIELD POLICE DEPT,5855-01-538-7023,"PAN AND TILT ASSEMBLY,THERMAL VIEWER",1,Each,61651.19,D,1,2011-06-25 00:00:00
IL,SPRINGFIELD POLICE DEPT,1005-00-073-9421,"RIFLE,5.56 MILLIMETER",1,Each,499,D,1,1997-04-21 00:00:00
IL,SPRINGFIELD POLICE DEPT,1005-00-073-9421,"RIFLE,5.56 MILLIMETER",1,Each,499,D,1,2002-08-12 00:00:00
IL,SPRINGFIELD POLICE DEPT,1005-00-073-9421,"RIFLE,5.56 MILLIMETER",1,Each,499,D,1,1997-04-21 00:00:00
IL,SPRINGFIELD POLICE DEPT,1005-00-073-9421,"RIFLE,5.56 MILLIMETER",1,Each,499,D,1,2002-08-12 00:00:00
IL,SPRINGFIELD POLICE DEPT,1005-00-073-9421,"RIFLE,5.56 MILLIMETER",1,Each,499,D,1,2002-08-12 00:00:00
IL,SPRINGFIELD POLICE DEPT,5855-01-452-6839,"SCOPE,NIGHT VISION ",1,Each,6250.8,C,,2014-01-17 12:42:43.999488
IL,SPRINGFIELD POLICE DEPT,5855-01-452-6839,"SCOPE,NIGHT VISION ",1,Each,6250.8,C,,2014-01-17 12:39:46.999584
IL,SPRINGFIELD POLICE DEPT,5855-01-452-6839,"SCOPE,NIGHT VISION ",1,Each,6250.8,C,,2014-01-17 12:37:18.999840
IL,SPRINGFIELD POLICE DEPT,5855-01-452-6839,"SCOPE,NIGHT VISION ",1,Each,6250.8,C,,2014-01-17 12:30:47.999232
IL,SPRINGFIELD POLICE DEPT,5855-01-452-6839,"SCOPE,NIGHT VISION ",1,Each,6250.8,C,,2014-01-17 12:34:37.999488
IL,SPRINGFIELD POLICE DEPT,1385-01-574-4707,"UNMANNED VEHICLE,GROUND",1,Each,10000,Q,3,2013-03-21 00:00:00
IL,SPRINGFIELD POLICE DEPT,1005-00-073-9421,"RIFLE,5.56 MILLIMETER",1,Each,499,D,1,1997-04-21 00:00:00
IL,SPRINGFIELD POLICE DEPT,1005-00-073-9421,"RIFLE,5.56 MILLIMETER",1,Each,499,D,1,1997-04-21 00:00:00
IL,SPRINGFIELD POLICE DEPT,1005-00-073-9421,"RIFLE,5.56 MILLIMETER",1,Each,499,D,1,2002-08-12 00:00:00
IL,SPRINGFIELD POLICE DEPT,1005-00-073-9421,"RIFLE,5.56 MILLIMETER",1,Each,499,D,1,2002-08-12 00:00:00
IL,SPRINGFIELD POLICE DEPT,1005-00-073-9421,"RIFLE,5.56 MILLIMETER",1,Each,499,D,1,1997-04-21 00:00:00
IL,SPRINGFIELD POLICE DEPT,1005-00-073-9421,"RIFLE,5.56 MILLIMETER",1,Each,499,D,1,1997-04-21 00:00:00
IL,SPRINGFIELD POLICE DEPT,1005-00-073-9421,"RIFLE,5.56 MILLIMETER",1,Each,499,D,1,1997-04-21 00:00:00
IL,STANFORD POLICE DEPT,1005-00-073-9421,"RIFLE,5.56 MILLIMETER",1,Each,499,D,1,2003-08-04 00:00:00
IL,STARK COUNTY SHERIFF OFFICE,2320-01-107-7155,"TRUCK,UTILITY",1,Each,41061,Q,6,2012-06-07 00:00:00
IL,STARK COUNTY SHERIFF OFFICE,1005-00-073-9421,"RIFLE,5.56 MILLIMETER",1,Each,499,D,1,2005-08-24 00:00:00
IL,STARK COUNTY SHERIFF OFFICE,1005-00-073-9421,"RIFLE,5.56 MILLIMETER",1,Each,499,D,1,2005-08-24 00:00:00
IL,STARK COUNTY SHERIFF OFFICE,2320-01-107-7155,"TRUCK,UTILITY",1,Each,41061,Q,6,2012-06-07 00:00:00
IL,STEELEVILLE POLICE DEPT,1005-00-726-5655,"PISTOL,CALIBER .45,AUTOMATIC",1,Each,58.71,D,1,2005-05-10 00:00:00
IL,STEELEVILLE POLICE DEPT,1005-01-094-7045,"REVOLVER,CALIBER .38 SPECIAL",1,Each,89.57,D,1,2005-05-10 00:00:00
IL,STEELEVILLE POLICE DEPT,1005-00-726-5655,"PISTOL,CALIBER .45,AUTOMATIC",1,Each,58.71,D,1,2005-05-10 00:00:00
IL,STEELEVILLE POLICE DEPT,1005-00-726-5655,"PISTOL,CALIBER .45,AUTOMATIC",1,Each,58.71,D,1,2005-05-10 00:00:00
IL,STEELEVILLE POLICE DEPT,1005-01-094-7045,"REVOLVER,CALIBER .38 SPECIAL",1,Each,89.57,D,1,2005-05-10 00:00:00
IL,STEELEVILLE POLICE DEPT,1005-01-094-7045,"REVOLVER,CALIBER .38 SPECIAL",1,Each,89.57,D,1,2005-05-10 00:00:00
IL,STEELEVILLE POLICE DEPT,1005-01-094-7045,"REVOLVER,CALIBER .38 SPECIAL",1,Each,89.57,D,1,2005-05-10 00:00:00
IL,STEELEVILLE POLICE DEPT,1005-00-073-9421,"RIFLE,5.56 MILLIMETER",1,Each,499,D,1,2005-05-11 00:00:00
IL,STEELEVILLE POLICE DEPT,1005-00-726-5655,"PISTOL,CALIBER .45,AUTOMATIC",1,Each,58.71,D,1,2005-05-10 00:00:00
IL,STEELEVILLE POLICE DEPT,1005-00-589-1271,"RIFLE,7.62 MILLIMETER",1,Each,138,D,1,2005-05-10 00:00:00
IL,STEPHENSON COUNTY SHERIFF OFFICE,1005-01-128-9936,"RIFLE,5.56 MILLIMETER",1,Each,749,D,1,2014-09-23 00:00:00
IL,STEPHENSON COUNTY SHERIFF OFFICE,1005-01-128-9936,"RIFLE,5.56 MILLIMETER",1,Each,749,D,1,2014-09-25 00:00:00
IL,STEPHENSON COUNTY SHERIFF OFFICE,1005-01-128-9936,"RIFLE,5.56 MILLIMETER",1,Each,749,D,1,2014-09-23 00:00:00
IL,STEPHENSON COUNTY SHERIFF OFFICE,1005-01-128-9936,"RIFLE,5.56 MILLIMETER",1,Each,749,D,1,2014-09-25 00:00:00
IL,STEPHENSON COUNTY SHERIFF OFFICE,1005-01-128-9936,"RIFLE,5.56 MILLIMETER",1,Each,749,D,1,2014-09-25 00:00:00
IL,STEPHENSON COUNTY SHERIFF OFFICE,1005-01-128-9936,"RIFLE,5.56 MILLIMETER",1,Each,749,D,1,2014-09-25 00:00:00
IL,STEPHENSON COUNTY SHERIFF OFFICE,1005-01-128-9936,"RIFLE,5.56 MILLIMETER",1,Each,749,D,1,2014-09-25 00:00:00
IL,STEPHENSON COUNTY SHERIFF OFFICE,1005-01-128-9936,"RIFLE,5.56 MILLIMETER",1,Each,749,D,1,2014-09-23 00:00:00
IL,STEPHENSON COUNTY SHERIFF OFFICE,2355-01-590-1660,MINE RESISTANT VEHICLE,1,Each,733000,C,1,2014-05-01 00:00:00
IL,STEPHENSON COUNTY SHERIFF OFFICE,1005-00-856-6885,"RIFLE,5.56 MILLIMETER",1,Each,120,D,1,2010-06-16 00:00:00
IL,STEPHENSON COUNTY SHERIFF OFFICE,1005-00-856-6885,"RIFLE,5.56 MILLIMETER",1,Each,120,D,1,2010-06-16 00:00:00
IL,STEPHENSON COUNTY SHERIFF OFFICE,1005-00-856-6885,"RIFLE,5.56 MILLIMETER",1,Each,120,D,1,2010-06-16 00:00:00
IL,STEPHENSON COUNTY SHERIFF OFFICE,1005-00-856-6885,"RIFLE,5.56 MILLIMETER",1,Each,120,D,1,2010-06-16 00:00:00
IL,STEPHENSON COUNTY SHERIFF OFFICE,1520-01-020-4216,"HELICOPTER,OBSERVATION",1,Each,190817,C,1,2006-11-17 00:00:00
IL,STEPHENSON COUNTY SHERIFF OFFICE,1005-01-128-9936,"RIFLE,5.56 MILLIMETER",1,Each,749,D,1,2014-09-25 00:00:00
IL,STEPHENSON COUNTY SHERIFF OFFICE,1005-01-128-9936,"RIFLE,5.56 MILLIMETER",1,Each,749,D,1,2014-09-23 00:00:00
IL,STEPHENSON COUNTY SHERIFF OFFICE,1005-01-128-9936,"RIFLE,5.56 MILLIMETER",1,Each,749,D,1,2014-09-25 00:00:00
IL,STEPHENSON COUNTY SHERIFF OFFICE,1005-01-128-9936,"RIFLE,5.56 MILLIMETER",1,Each,749,D,1,2014-09-25 00:00:00
IL,STEPHENSON COUNTY SHERIFF OFFICE,1005-01-128-9936,"RIFLE,5.56 MILLIMETER",1,Each,749,D,1,2014-09-25 00:00:00
IL,STEPHENSON COUNTY SHERIFF OFFICE,1005-01-128-9936,"RIFLE,5.56 MILLIMETER",1,Each,749,D,1,2014-09-25 00:00:00
IL,STEPHENSON COUNTY SHERIFF OFFICE,1005-01-128-9936,"RIFLE,5.56 MILLIMETER",1,Each,749,D,1,2014-09-23 00:00:00
IL,STEPHENSON COUNTY SHERIFF OFFICE,1005-01-128-9936,"RIFLE,5.56 MILLIMETER",1,Each,749,D,1,2014-09-25 00:00:00
IL,STEPHENSON COUNTY SHERIFF OFFICE,1520-00-133-9286,"HELICOPTER,UTILITY",1,Each,916406,C,7,2011-02-01 00:00:00
IL,STEPHENSON COUNTY SHERIFF OFFICE,1005-01-128-9936,"RIFLE,5.56 MILLIMETER",1,Each,749,D,1,2014-09-25 00:00:00
IL,STEPHENSON COUNTY SHERIFF OFFICE,1005-01-128-9936,"RIFLE,5.56 MILLIMETER",1,Each,749,D,1,2014-09-25 00:00:00
IL,STEPHENSON COUNTY SHERIFF OFFICE,1005-01-128-9936,"RIFLE,5.56 MILLIMETER",1,Each,749,D,1,2014-09-25 00:00:00
IL,STEPHENSON COUNTY SHERIFF OFFICE,1005-01-128-9936,"RIFLE,5.56 MILLIMETER",1,Each,749,D,1,2014-09-25 00:00:00
IL,STEPHENSON COUNTY SHERIFF OFFICE,2320-01-128-9551,"TRUCK,UTILITY",1,Each,50458,C,1,2015-04-16 00:00:00
IL,STEPHENSON COUNTY SHERIFF OFFICE,2330-01-534-4570,MEDIUM HEAVY EQUIPMENT TRANSPORTER,1,Each,61709.66,Q,6,2015-01-14 00:00:00
IL,STEPHENSON COUNTY SHERIFF OFFICE,1005-00-856-6885,"RIFLE,5.56 MILLIMETER",1,Each,120,D,1,2010-06-16 00:00:00
IL,STICKNEY POLICE DEPT,1005-00-073-9421,"RIFLE,5.56 MILLIMETER",1,Each,499,D,1,1996-04-30 00:00:00
IL,STICKNEY POLICE DEPT,1005-00-073-9421,"RIFLE,5.56 MILLIMETER",1,Each,499,D,1,1996-04-30 00:00:00
IL,STICKNEY POLICE DEPT,1005-00-073-9421,"RIFLE,5.56 MILLIMETER",1,Each,499,D,1,1996-04-30 00:00:00
IL,STOCKTON POLICE DEPT,1005-00-589-1271,"RIFLE,7.62 MILLIMETER",1,Each,138,D,1,2000-08-22 00:00:00
IL,STOCKTON POLICE DEPT,2320-01-107-7156,"TRUCK,UTILITY",1,Each,43376,Q,6,2013-11-20 00:00:00
IL,STOCKTON POLICE DEPT,1005-00-856-6885,"RIFLE,5.56 MILLIMETER",1,Each,120,D,1,2010-02-11 00:00:00
IL,STONE PARK POLICE DEPT,1005-00-856-6885,"RIFLE,5.56 MILLIMETER",1,Each,120,D,1,2011-03-10 00:00:00
IL,STONE PARK POLICE DEPT,1005-00-856-6885,"RIFLE,5.56 MILLIMETER",1,Each,120,D,1,2011-03-10 00:00:00
IL,STONE PARK POLICE DEPT,2320-01-107-7155,"TRUCK,UTILITY",1,Each,41061,Q,6,2012-08-22 00:00:00
IL,STONE PARK POLICE DEPT,1005-00-856-6885,"RIFLE,5.56 MILLIMETER",1,Each,120,D,1,2011-03-10 00:00:00
IL,STONE PARK POLICE DEPT,1005-00-856-6885,"RIFLE,5.56 MILLIMETER",1,Each,120,D,1,2011-03-10 00:00:00
IL,STONE PARK POLICE DEPT,1005-00-856-6885,"RIFLE,5.56 MILLIMETER",1,Each,120,D,1,2011-03-10 00:00:00
IL,STONINGTON POLICE DEPT,1005-00-073-9421,"RIFLE,5.56 MILLIMETER",1,Each,499,D,1,2006-06-30 00:00:00
IL,STONINGTON POLICE DEPT,1005-00-726-5655,"PISTOL,CALIBER .45,AUTOMATIC",1,Each,58.71,D,1,2006-06-30 00:00:00
IL,STONINGTON POLICE DEPT,1005-00-589-1271,"RIFLE,7.62 MILLIMETER",1,Each,138,D,1,2006-07-06 00:00:00
IL,STREATOR POLICE DEPT,1005-00-726-5655,"PISTOL,CALIBER .45,AUTOMATIC",1,Each,58.71,D,1,2012-02-08 00:00:00
IL,STREATOR POLICE DEPT,1005-00-726-5655,"PISTOL,CALIBER .45,AUTOMATIC",1,Each,58.71,D,1,2012-02-08 00:00:00
IL,STREATOR POLICE DEPT,5855-01-501-3081,"ILLUMINATOR,INFRARED",10,Each,393,C,1,2015-08-21 00:00:00
IL,STREATOR POLICE DEPT,1240-01-576-6134,"SIGHT,REFLEX",15,Each,450,D,1,2014-05-13 00:00:00
IL,STREATOR POLICE DEPT,1240-01-576-6134,"SIGHT,REFLEX",1,Each,450,D,1,2014-05-13 00:00:00
IL,STREATOR POLICE DEPT,1240-DS-OPT-SIGH,OPTICAL SIGHTING AND RANGING EQUIPMENT,1,Each,10100,C,,2014-04-14 00:00:00
IL,STREATOR POLICE DEPT,1240-DS-OPT-SIGH,OPTICAL SIGHTING AND RANGING EQUIPMENT,1,Each,10100,C,,2014-04-14 00:00:00
IL,STREATOR POLICE DEPT,1240-01-576-6134,"SIGHT,REFLEX",1,Each,450,D,1,2014-05-13 00:00:00
IL,STREATOR POLICE DEPT,1240-01-492-5264,"SIGHT,HOLOGRAPHIC  ",3,Each,506.8,D,1,2014-05-20 00:00:00
IL,STREATOR POLICE DEPT,1240-01-492-5264,"SIGHT,HOLOGRAPHIC  ",1,Each,506.8,D,1,2014-05-20 00:00:00
IL,STREATOR POLICE DEPT,1240-01-492-5264,"SIGHT,HOLOGRAPHIC  ",1,Each,506.8,D,1,2014-05-20 00:00:00
IL,STREATOR POLICE DEPT,1240-DS-OPT-SIGH,OPTICAL SIGHTING AND RANGING EQUIPMENT,1,Each,10100,C,,2014-04-14 00:00:00
IL,STREATOR POLICE DEPT,1240-DS-OPT-SIGH,OPTICAL SIGHTING AND RANGING EQUIPMENT,1,Each,10100,C,,2014-04-14 00:00:00
IL,STREATOR POLICE DEPT,1240-01-576-6134,"SIGHT,REFLEX",1,Each,450,D,1,2014-05-13 00:00:00
IL,STREATOR POLICE DEPT,1240-01-576-6134,"SIGHT,REFLEX",1,Each,450,D,1,2014-05-13 00:00:00
IL,STREATOR POLICE DEPT,1240-01-492-5264,"SIGHT,HOLOGRAPHIC  ",1,Each,506.8,D,1,2014-05-20 00:00:00
IL,STREATOR POLICE DEPT,1240-01-576-6134,"SIGHT,REFLEX",1,Each,450,D,1,2014-05-13 00:00:00
IL,STREATOR POLICE DEPT,1240-01-492-5264,"SIGHT,HOLOGRAPHIC  ",1,Each,506.8,D,1,2014-05-20 00:00:00
IL,STREATOR POLICE DEPT,1240-01-576-6134,"SIGHT,REFLEX",1,Each,450,D,1,2014-05-13 00:00:00
IL,STREATOR POLICE DEPT,1240-01-576-6134,"SIGHT,REFLEX",1,Each,450,D,1,2014-05-13 00:00:00
IL,STREATOR POLICE DEPT,1240-01-492-5264,"SIGHT,HOLOGRAPHIC  ",1,Each,506.8,D,1,2014-05-20 00:00:00
IL,STREATOR POLICE DEPT,1240-01-492-5264,"SIGHT,HOLOGRAPHIC  ",1,Each,506.8,D,1,2014-05-20 00:00:00
IL,STREATOR POLICE DEPT,1240-01-492-5264,"SIGHT,HOLOGRAPHIC  ",1,Each,506.8,D,1,2014-05-20 00:00:00
IL,STREATOR POLICE DEPT,1005-00-073-9421,"RIFLE,5.56 MILLIMETER",1,Each,499,D,1,2006-08-02 00:00:00
IL,STREATOR POLICE DEPT,1005-00-589-1271,"RIFLE,7.62 MILLIMETER",1,Each,138,D,1,2001-07-06 00:00:00
IL,STREATOR POLICE DEPT,1005-00-073-9421,"RIFLE,5.56 MILLIMETER",1,Each,499,D,1,2012-02-08 00:00:00
IL,STREATOR POLICE DEPT,1005-00-726-5655,"PISTOL,CALIBER .45,AUTOMATIC",1,Each,58.71,D,1,2012-02-08 00:00:00
IL,STREATOR POLICE DEPT,1005-00-073-9421,"RIFLE,5.56 MILLIMETER",1,Each,499,D,1,2012-02-08 00:00:00
IL,STREATOR POLICE DEPT,1005-00-073-9421,"RIFLE,5.56 MILLIMETER",1,Each,499,D,1,2012-02-08 00:00:00
IL,STREATOR POLICE DEPT,1005-00-073-9421,"RIFLE,5.56 MILLIMETER",1,Each,499,D,1,2012-02-08 00:00:00
IL,STREATOR POLICE DEPT,1005-00-073-9421,"RIFLE,5.56 MILLIMETER",1,Each,499,D,1,2012-02-08 00:00:00
IL,STREATOR POLICE DEPT,1005-00-726-5655,"PISTOL,CALIBER .45,AUTOMATIC",1,Each,58.71,D,1,2012-02-08 00:00:00
IL,STREATOR POLICE DEPT,1005-00-073-9421,"RIFLE,5.56 MILLIMETER",1,Each,499,D,1,2012-02-08 00:00:00
IL,STREATOR POLICE DEPT,1005-00-726-5655,"PISTOL,CALIBER .45,AUTOMATIC",1,Each,58.71,D,1,2012-02-08 00:00:00
IL,STREATOR POLICE DEPT,1005-00-726-5655,"PISTOL,CALIBER .45,AUTOMATIC",1,Each,58.71,D,1,2012-02-08 00:00:00
IL,STREATOR POLICE DEPT,1005-00-073-9421,"RIFLE,5.56 MILLIMETER",1,Each,499,D,1,2012-02-08 00:00:00
IL,STREATOR POLICE DEPT,1005-00-073-9421,"RIFLE,5.56 MILLIMETER",1,Each,499,D,1,2012-02-08 00:00:00
IL,STREATOR POLICE DEPT,1005-00-726-5655,"PISTOL,CALIBER .45,AUTOMATIC",1,Each,58.71,D,1,2012-02-08 00:00:00
IL,STREATOR POLICE DEPT,1005-00-073-9421,"RIFLE,5.56 MILLIMETER",1,Each,499,D,1,2012-02-08 00:00:00
IL,STREATOR POLICE DEPT,1005-00-073-9421,"RIFLE,5.56 MILLIMETER",1,Each,499,D,1,2012-02-08 00:00:00
IL,STREATOR POLICE DEPT,1005-00-726-5655,"PISTOL,CALIBER .45,AUTOMATIC",1,Each,58.71,D,1,2012-02-08 00:00:00
IL,STREATOR POLICE DEPT,1005-00-726-5655,"PISTOL,CALIBER .45,AUTOMATIC",1,Each,58.71,D,1,2012-02-08 00:00:00
IL,STREATOR POLICE DEPT,1005-00-726-5655,"PISTOL,CALIBER .45,AUTOMATIC",1,Each,58.71,D,1,2012-02-08 00:00:00
IL,STREATOR POLICE DEPT,1005-00-073-9421,"RIFLE,5.56 MILLIMETER",1,Each,499,D,1,2012-02-08 00:00:00
IL,STREATOR POLICE DEPT,1005-00-073-9421,"RIFLE,5.56 MILLIMETER",1,Each,499,D,1,2012-02-08 00:00:00
IL,STREATOR POLICE DEPT,1005-00-726-5655,"PISTOL,CALIBER .45,AUTOMATIC",1,Each,58.71,D,1,2012-02-08 00:00:00
IL,STREATOR POLICE DEPT,1005-00-073-9421,"RIFLE,5.56 MILLIMETER",1,Each,499,D,1,2012-02-08 00:00:00
IL,STREATOR POLICE DEPT,1005-00-726-5655,"PISTOL,CALIBER .45,AUTOMATIC",1,Each,58.71,D,1,2012-02-08 00:00:00
IL,STREATOR POLICE DEPT,1005-00-726-5655,"PISTOL,CALIBER .45,AUTOMATIC",1,Each,58.71,D,1,2012-02-08 00:00:00
IL,STREATOR POLICE DEPT,1005-00-073-9421,"RIFLE,5.56 MILLIMETER",1,Each,499,D,1,2012-02-08 00:00:00
IL,STREATOR POLICE DEPT,1005-00-726-5655,"PISTOL,CALIBER .45,AUTOMATIC",1,Each,58.71,D,1,2012-02-08 00:00:00
IL,STREATOR POLICE DEPT,1005-00-589-1271,"RIFLE,7.62 MILLIMETER",1,Each,138,D,1,2001-07-06 00:00:00
IL,STREATOR POLICE DEPT,1005-00-073-9421,"RIFLE,5.56 MILLIMETER",1,Each,499,D,1,2006-08-02 00:00:00
IL,STREATOR POLICE DEPT,1005-00-726-5655,"PISTOL,CALIBER .45,AUTOMATIC",1,Each,58.71,D,1,2012-02-08 00:00:00
IL,STREATOR POLICE DEPT,1005-00-726-5655,"PISTOL,CALIBER .45,AUTOMATIC",1,Each,58.71,D,1,2012-02-08 00:00:00
IL,STREATOR POLICE DEPT,1005-00-726-5655,"PISTOL,CALIBER .45,AUTOMATIC",1,Each,58.71,D,1,2012-02-08 00:00:00
IL,STREATOR POLICE DEPT,1005-00-726-5655,"PISTOL,CALIBER .45,AUTOMATIC",1,Each,58.71,D,1,2012-02-08 00:00:00
IL,STREATOR POLICE DEPT,1005-00-073-9421,"RIFLE,5.56 MILLIMETER",1,Each,499,D,1,2012-02-08 00:00:00
IL,STREATOR POLICE DEPT,1005-00-073-9421,"RIFLE,5.56 MILLIMETER",1,Each,499,D,1,2012-02-08 00:00:00
IL,STREATOR POLICE DEPT,1005-00-726-5655,"PISTOL,CALIBER .45,AUTOMATIC",1,Each,58.71,D,1,2012-02-08 00:00:00
IL,STREATOR POLICE DEPT,1005-00-726-5655,"PISTOL,CALIBER .45,AUTOMATIC",1,Each,58.71,D,1,2012-02-08 00:00:00
IL,STREATOR POLICE DEPT,1005-00-073-9421,"RIFLE,5.56 MILLIMETER",1,Each,499,D,1,2012-02-08 00:00:00
IL,STREATOR POLICE DEPT,1005-00-726-5655,"PISTOL,CALIBER .45,AUTOMATIC",1,Each,58.71,D,1,2012-02-08 00:00:00
IL,STREATOR POLICE DEPT,1005-00-726-5655,"PISTOL,CALIBER .45,AUTOMATIC",1,Each,58.71,D,1,2012-02-08 00:00:00
IL,STREATOR POLICE DEPT,1005-00-073-9421,"RIFLE,5.56 MILLIMETER",1,Each,499,D,1,2006-08-02 00:00:00
IL,STREATOR POLICE DEPT,1005-00-073-9421,"RIFLE,5.56 MILLIMETER",1,Each,499,D,1,2006-08-02 00:00:00
IL,STREATOR POLICE DEPT,1005-00-073-9421,"RIFLE,5.56 MILLIMETER",1,Each,499,D,1,2012-02-08 00:00:00
IL,STREATOR POLICE DEPT,1005-00-073-9421,"RIFLE,5.56 MILLIMETER",1,Each,499,D,1,2012-02-08 00:00:00
IL,STREATOR POLICE DEPT,1005-00-589-1271,"RIFLE,7.62 MILLIMETER",1,Each,138,D,1,2001-07-06 00:00:00
IL,STREATOR POLICE DEPT,1005-00-589-1271,"RIFLE,7.62 MILLIMETER",1,Each,138,D,1,2001-07-06 00:00:00
IL,STREATOR POLICE DEPT,1005-00-726-5655,"PISTOL,CALIBER .45,AUTOMATIC",1,Each,58.71,D,1,2012-02-08 00:00:00
IL,STRONGHURST POLICE DEPT,1005-00-589-1271,"RIFLE,7.62 MILLIMETER",1,Each,138,D,1,2008-04-16 00:00:00
IL,STRONGHURST POLICE DEPT,1005-00-856-6885,"RIFLE,5.56 MILLIMETER",1,Each,120,D,1,2011-07-05 00:00:00
IL,STRONGHURST POLICE DEPT,2320-01-107-7155,"TRUCK,UTILITY",1,Each,41061,Q,6,2011-12-29 00:00:00
IL,STRONGHURST POLICE DEPT,1005-00-856-6885,"RIFLE,5.56 MILLIMETER",1,Each,120,D,1,2011-07-05 00:00:00
IL,STRONGHURST POLICE DEPT,1005-00-856-6885,"RIFLE,5.56 MILLIMETER",1,Each,120,D,1,2010-12-15 00:00:00
IL,SUGAR GROVE POLICE DEPT,1005-00-073-9421,"RIFLE,5.56 MILLIMETER",1,Each,499,D,1,2008-01-22 00:00:00
IL,SUGAR GROVE POLICE DEPT,1005-00-073-9421,"RIFLE,5.56 MILLIMETER",1,Each,499,D,1,2008-01-22 00:00:00
IL,SUGAR GROVE POLICE DEPT,1005-00-073-9421,"RIFLE,5.56 MILLIMETER",1,Each,499,D,1,2008-01-22 00:00:00
IL,SUMMIT POLICE DEPT,1005-00-726-5655,"PISTOL,CALIBER .45,AUTOMATIC",1,Each,58.71,D,1,2003-11-10 00:00:00
IL,SUMMIT POLICE DEPT,1005-00-073-9421,"RIFLE,5.56 MILLIMETER",1,Each,499,D,1,2003-10-14 00:00:00
IL,SUMMIT POLICE DEPT,1005-00-726-5655,"PISTOL,CALIBER .45,AUTOMATIC",1,Each,58.71,D,1,2003-11-10 00:00:00
IL,SUMMIT POLICE DEPT,1005-00-073-9421,"RIFLE,5.56 MILLIMETER",1,Each,499,D,1,2003-10-14 00:00:00
IL,SUMMIT POLICE DEPT,1005-00-589-1271,"RIFLE,7.62 MILLIMETER",1,Each,138,D,1,2000-01-20 00:00:00
IL,SUMMIT POLICE DEPT,1005-00-589-1271,"RIFLE,7.62 MILLIMETER",1,Each,138,D,1,2000-01-20 00:00:00
IL,SUMMIT POLICE DEPT,1005-00-073-9421,"RIFLE,5.56 MILLIMETER",1,Each,499,D,1,2003-10-14 00:00:00
IL,SUMMIT POLICE DEPT,1005-00-726-5655,"PISTOL,CALIBER .45,AUTOMATIC",1,Each,58.71,D,1,2003-11-10 00:00:00
IL,SUMMIT POLICE DEPT,1005-00-726-5655,"PISTOL,CALIBER .45,AUTOMATIC",1,Each,58.71,D,1,2003-11-10 00:00:00
IL,SUMMIT POLICE DEPT,1005-00-726-5655,"PISTOL,CALIBER .45,AUTOMATIC",1,Each,58.71,D,1,2003-11-10 00:00:00
IL,SUMMIT POLICE DEPT,1005-00-589-1271,"RIFLE,7.62 MILLIMETER",1,Each,138,D,1,2000-01-20 00:00:00
IL,SUMMIT POLICE DEPT,1005-00-726-5655,"PISTOL,CALIBER .45,AUTOMATIC",1,Each,58.71,D,1,2003-11-10 00:00:00
IL,SUMMIT POLICE DEPT,1005-00-589-1271,"RIFLE,7.62 MILLIMETER",1,Each,138,D,1,2000-01-20 00:00:00
IL,SUMMIT POLICE DEPT,1005-00-589-1271,"RIFLE,7.62 MILLIMETER",1,Each,138,D,1,2000-01-20 00:00:00
IL,SUMMIT POLICE DEPT,1005-00-726-5655,"PISTOL,CALIBER .45,AUTOMATIC",1,Each,58.71,D,1,2003-11-10 00:00:00
IL,SUMMIT POLICE DEPT,1005-00-726-5655,"PISTOL,CALIBER .45,AUTOMATIC",1,Each,58.71,D,1,2003-11-10 00:00:00
IL,SUMMIT POLICE DEPT,1005-00-726-5655,"PISTOL,CALIBER .45,AUTOMATIC",1,Each,58.71,D,1,2003-11-10 00:00:00
IL,SUMMIT POLICE DEPT,1005-00-073-9421,"RIFLE,5.56 MILLIMETER",1,Each,499,D,1,2003-10-14 00:00:00
IL,SUMMIT POLICE DEPT,1005-00-073-9421,"RIFLE,5.56 MILLIMETER",1,Each,499,D,1,2003-10-14 00:00:00
IL,SUMMIT POLICE DEPT,1005-00-726-5655,"PISTOL,CALIBER .45,AUTOMATIC",1,Each,58.71,D,1,2003-11-10 00:00:00
IL,SUMMIT POLICE DEPT,1005-00-726-5655,"PISTOL,CALIBER .45,AUTOMATIC",1,Each,58.71,D,1,2003-11-10 00:00:00
IL,SUMMIT POLICE DEPT,1005-00-726-5655,"PISTOL,CALIBER .45,AUTOMATIC",1,Each,58.71,D,1,2003-11-10 00:00:00
IL,SUMMIT POLICE DEPT,1005-00-726-5655,"PISTOL,CALIBER .45,AUTOMATIC",1,Each,58.71,D,1,2003-11-10 00:00:00
IL,SUMMIT POLICE DEPT,1005-00-726-5655,"PISTOL,CALIBER .45,AUTOMATIC",1,Each,58.71,D,1,2003-11-10 00:00:00
IL,SUMMIT POLICE DEPT,1005-00-726-5655,"PISTOL,CALIBER .45,AUTOMATIC",1,Each,58.71,D,1,2003-11-10 00:00:00
IL,SWANSEA POLICE DEPARTMENT,1005-00-856-6885,"RIFLE,5.56 MILLIMETER",1,Each,120,D,1,2011-10-19 00:00:00
IL,SWANSEA POLICE DEPARTMENT,1005-00-726-5655,"PISTOL,CALIBER .45,AUTOMATIC",1,Each,58.71,D,1,2006-06-08 00:00:00
IL,SWANSEA POLICE DEPARTMENT,1005-00-726-5655,"PISTOL,CALIBER .45,AUTOMATIC",1,Each,58.71,D,1,2006-06-08 00:00:00
IL,SWANSEA POLICE DEPARTMENT,1005-00-726-5655,"PISTOL,CALIBER .45,AUTOMATIC",1,Each,58.71,D,1,2006-06-08 00:00:00
IL,SWANSEA POLICE DEPARTMENT,1005-00-726-5655,"PISTOL,CALIBER .45,AUTOMATIC",1,Each,58.71,D,1,2006-06-08 00:00:00
IL,SWANSEA POLICE DEPARTMENT,1005-00-726-5655,"PISTOL,CALIBER .45,AUTOMATIC",1,Each,58.71,D,1,2006-06-08 00:00:00
IL,SWANSEA POLICE DEPARTMENT,2320-01-107-7155,"TRUCK,UTILITY",1,Each,41061,Q,6,2012-05-23 00:00:00
IL,SWANSEA POLICE DEPARTMENT,1005-00-726-5655,"PISTOL,CALIBER .45,AUTOMATIC",1,Each,58.71,D,1,2006-06-08 00:00:00
IL,SWANSEA POLICE DEPARTMENT,1005-00-856-6885,"RIFLE,5.56 MILLIMETER",1,Each,120,D,1,2011-10-19 00:00:00
IL,SWANSEA POLICE DEPARTMENT,1005-00-856-6885,"RIFLE,5.56 MILLIMETER",1,Each,120,D,1,2011-10-19 00:00:00
IL,SWANSEA POLICE DEPARTMENT,1005-00-856-6885,"RIFLE,5.56 MILLIMETER",1,Each,120,D,1,2011-10-19 00:00:00
IL,SWANSEA POLICE DEPARTMENT,1005-00-856-6885,"RIFLE,5.56 MILLIMETER",1,Each,120,D,1,2011-10-19 00:00:00
IL,SWANSEA POLICE DEPARTMENT,1005-00-856-6885,"RIFLE,5.56 MILLIMETER",1,Each,120,D,1,2011-10-19 00:00:00
IL,SWANSEA POLICE DEPARTMENT,1005-00-726-5655,"PISTOL,CALIBER .45,AUTOMATIC",1,Each,58.71,D,1,2006-06-08 00:00:00
IL,TAMPICO POLICE DEPT,1005-01-128-9936,"RIFLE,5.56 MILLIMETER",1,Each,749,D,1,2014-09-29 00:00:00
IL,TAMPICO POLICE DEPT,1005-00-921-5483,"SHOTGUN,12 GAGE,RIOT TYPE",1,Each,108,D,1,1999-02-12 00:00:00
IL,TAYLORVILLE POLICE DEPT,1005-00-726-5655,"PISTOL,CALIBER .45,AUTOMATIC",1,Each,58.71,D,1,2012-01-19 00:00:00
IL,TAYLORVILLE POLICE DEPT,1005-00-073-9421,"RIFLE,5.56 MILLIMETER",1,Each,499,D,1,2012-05-03 00:00:00
IL,TAYLORVILLE POLICE DEPT,1005-00-726-5655,"PISTOL,CALIBER .45,AUTOMATIC",1,Each,58.71,D,1,2012-01-19 00:00:00
IL,TAYLORVILLE POLICE DEPT,1005-00-726-5655,"PISTOL,CALIBER .45,AUTOMATIC",1,Each,58.71,D,1,2012-01-19 00:00:00
IL,TAYLORVILLE POLICE DEPT,1005-00-726-5655,"PISTOL,CALIBER .45,AUTOMATIC",1,Each,58.71,D,1,2005-01-24 00:00:00
IL,TAYLORVILLE POLICE DEPT,1005-00-073-9421,"RIFLE,5.56 MILLIMETER",1,Each,499,D,1,2005-01-24 00:00:00
IL,TAYLORVILLE POLICE DEPT,1005-00-073-9421,"RIFLE,5.56 MILLIMETER",1,Each,499,D,1,2012-05-03 00:00:00
IL,TAYLORVILLE POLICE DEPT,1005-00-726-5655,"PISTOL,CALIBER .45,AUTOMATIC",1,Each,58.71,D,1,2012-01-19 00:00:00
IL,TAYLORVILLE POLICE DEPT,1005-00-073-9421,"RIFLE,5.56 MILLIMETER",1,Each,499,D,1,2012-05-03 00:00:00
IL,TAYLORVILLE POLICE DEPT,1005-00-073-9421,"RIFLE,5.56 MILLIMETER",1,Each,499,D,1,2012-05-03 00:00:00
IL,TAYLORVILLE POLICE DEPT,1005-00-073-9421,"RIFLE,5.56 MILLIMETER",1,Each,499,D,1,2012-05-03 00:00:00
IL,TAYLORVILLE POLICE DEPT,1005-00-073-9421,"RIFLE,5.56 MILLIMETER",1,Each,499,D,1,2012-05-03 00:00:00
IL,TAYLORVILLE POLICE DEPT,1005-00-726-5655,"PISTOL,CALIBER .45,AUTOMATIC",1,Each,58.71,D,1,2012-01-19 00:00:00
IL,TAYLORVILLE POLICE DEPT,1005-00-726-5655,"PISTOL,CALIBER .45,AUTOMATIC",1,Each,58.71,D,1,2012-01-19 00:00:00
IL,TAYLORVILLE POLICE DEPT,1005-00-073-9421,"RIFLE,5.56 MILLIMETER",1,Each,499,D,1,2012-05-03 00:00:00
IL,TAYLORVILLE POLICE DEPT,1005-00-073-9421,"RIFLE,5.56 MILLIMETER",1,Each,499,D,1,2005-01-24 00:00:00
IL,TAYLORVILLE POLICE DEPT,1005-00-589-1271,"RIFLE,7.62 MILLIMETER",1,Each,138,D,1,2000-01-20 00:00:00
IL,TAYLORVILLE POLICE DEPT,1005-00-589-1271,"RIFLE,7.62 MILLIMETER",1,Each,138,D,1,2000-01-20 00:00:00
IL,TAYLORVILLE POLICE DEPT,1005-00-726-5655,"PISTOL,CALIBER .45,AUTOMATIC",1,Each,58.71,D,1,2012-01-19 00:00:00
IL,TAYLORVILLE POLICE DEPT,1005-00-726-5655,"PISTOL,CALIBER .45,AUTOMATIC",1,Each,58.71,D,1,2012-01-19 00:00:00
IL,TAYLORVILLE POLICE DEPT,1005-00-726-5655,"PISTOL,CALIBER .45,AUTOMATIC",1,Each,58.71,D,1,2012-01-19 00:00:00
IL,TAYLORVILLE POLICE DEPT,1005-00-726-5655,"PISTOL,CALIBER .45,AUTOMATIC",1,Each,58.71,D,1,2012-01-19 00:00:00
IL,TAYLORVILLE POLICE DEPT,1005-00-726-5655,"PISTOL,CALIBER .45,AUTOMATIC",1,Each,58.71,D,1,2012-01-19 00:00:00
IL,TAYLORVILLE POLICE DEPT,1005-00-589-1271,"RIFLE,7.62 MILLIMETER",1,Each,138,D,1,2000-01-20 00:00:00
IL,TAYLORVILLE POLICE DEPT,1005-00-726-5655,"PISTOL,CALIBER .45,AUTOMATIC",1,Each,58.71,D,1,2012-01-19 00:00:00
IL,TAYLORVILLE POLICE DEPT,1005-00-726-5655,"PISTOL,CALIBER .45,AUTOMATIC",1,Each,58.71,D,1,2005-01-24 00:00:00
IL,TAYLORVILLE POLICE DEPT,1005-00-073-9421,"RIFLE,5.56 MILLIMETER",1,Each,499,D,1,2005-01-24 00:00:00
IL,TAYLORVILLE POLICE DEPT,1005-00-726-5655,"PISTOL,CALIBER .45,AUTOMATIC",1,Each,58.71,D,1,2012-01-19 00:00:00
IL,TAYLORVILLE POLICE DEPT,1005-00-073-9421,"RIFLE,5.56 MILLIMETER",1,Each,499,D,1,2012-05-03 00:00:00
IL,TAYLORVILLE POLICE DEPT,1005-00-073-9421,"RIFLE,5.56 MILLIMETER",1,Each,499,D,1,2012-05-03 00:00:00
IL,TAYLORVILLE POLICE DEPT,1005-00-073-9421,"RIFLE,5.56 MILLIMETER",1,Each,499,D,1,2012-05-03 00:00:00
IL,TAYLORVILLE POLICE DEPT,1005-00-589-1271,"RIFLE,7.62 MILLIMETER",1,Each,138,D,1,2000-01-20 00:00:00
IL,TAYLORVILLE POLICE DEPT,1005-00-073-9421,"RIFLE,5.56 MILLIMETER",1,Each,499,D,1,2005-01-24 00:00:00
IL,TAYLORVILLE POLICE DEPT,1005-00-073-9421,"RIFLE,5.56 MILLIMETER",1,Each,499,D,1,2012-05-03 00:00:00
IL,TAYLORVILLE POLICE DEPT,1005-00-073-9421,"RIFLE,5.56 MILLIMETER",1,Each,499,D,1,2012-05-03 00:00:00
IL,TAYLORVILLE POLICE DEPT,1005-00-726-5655,"PISTOL,CALIBER .45,AUTOMATIC",1,Each,58.71,D,1,2012-01-19 00:00:00
IL,TAYLORVILLE POLICE DEPT,1005-00-073-9421,"RIFLE,5.56 MILLIMETER",1,Each,499,D,1,2012-05-03 00:00:00
IL,TAYLORVILLE POLICE DEPT,1005-00-073-9421,"RIFLE,5.56 MILLIMETER",1,Each,499,D,1,2012-05-03 00:00:00
IL,TAZEWELL COUNTY SHERIFF OFFICE,5855-01-525-3638,"VIEWER,NIGHT VISION",1,Each,1736.49,C,1,2006-11-28 00:00:00
IL,TAZEWELL COUNTY SHERIFF OFFICE,5855-01-501-9529,"VIEWER,NIGHT VISION",4,Each,10427.1,C,1,2005-12-14 00:00:00
IL,TAZEWELL COUNTY SHERIFF OFFICE,5855-01-501-9529,"VIEWER,NIGHT VISION",4,Each,10427.1,C,1,2005-12-13 00:00:00
IL,TAZEWELL COUNTY SHERIFF OFFICE,5855-99-496-1664,"IMAGE INTENSIFIER,NIGHT VISION",1,Each,55.2,D,,2005-12-08 00:00:00
IL,TAZEWELL COUNTY SHERIFF OFFICE,5855-01-504-4589,"IMAGE INTENSIFIER TUBE,NIGHT VISION",1,Each,2027,F,1,2005-12-08 00:00:00
IL,TAZEWELL COUNTY SHERIFF OFFICE,5860-01-062-3543,"LASER,INFRARED OBS ",4,Each,4880,D,1,2005-10-02 00:00:00
IL,TAZEWELL COUNTY SHERIFF OFFICE,5855-99-496-1664,"IMAGE INTENSIFIER,NIGHT VISION",1,Each,55.2,D,,2005-12-08 00:00:00
IL,TAZEWELL COUNTY SHERIFF OFFICE,5855-99-496-1664,"IMAGE INTENSIFIER,NIGHT VISION",1,Each,55.2,D,,2005-12-08 00:00:00
IL,TAZEWELL COUNTY SHERIFF OFFICE,5855-99-496-1664,"IMAGE INTENSIFIER,NIGHT VISION",1,Each,55.2,D,,2005-12-08 00:00:00
IL,TAZEWELL COUNTY SHERIFF OFFICE,5855-99-496-1664,"IMAGE INTENSIFIER,NIGHT VISION",1,Each,55.2,D,,2005-12-08 00:00:00
IL,TAZEWELL COUNTY SHERIFF OFFICE,1005-00-589-1271,"RIFLE,7.62 MILLIMETER",1,Each,138,D,1,1999-12-27 00:00:00
IL,TAZEWELL COUNTY SHERIFF OFFICE,1005-00-589-1271,"RIFLE,7.62 MILLIMETER",1,Each,138,D,1,2003-06-27 00:00:00
IL,TAZEWELL COUNTY SHERIFF OFFICE,5855-01-525-3638,"VIEWER,NIGHT VISION",1,Each,1736.49,C,1,2006-11-28 00:00:00
IL,TAZEWELL COUNTY SHERIFF OFFICE,5855-01-525-3638,"VIEWER,NIGHT VISION",1,Each,1736.49,C,1,2006-11-28 00:00:00
IL,TAZEWELL COUNTY SHERIFF OFFICE,5855-01-525-3638,"VIEWER,NIGHT VISION",1,Each,1736.49,C,1,2006-11-28 00:00:00
IL,TAZEWELL COUNTY SHERIFF OFFICE,5855-01-525-3638,"VIEWER,NIGHT VISION",1,Each,1736.49,C,1,2006-11-28 00:00:00
IL,TAZEWELL COUNTY SHERIFF OFFICE,1005-00-073-9421,"RIFLE,5.56 MILLIMETER",1,Each,499,D,1,2005-12-29 00:00:00
IL,TAZEWELL COUNTY SHERIFF OFFICE,1005-00-073-9421,"RIFLE,5.56 MILLIMETER",1,Each,499,D,1,2005-12-29 00:00:00
IL,TAZEWELL COUNTY SHERIFF OFFICE,1005-00-073-9421,"RIFLE,5.56 MILLIMETER",1,Each,499,D,1,2006-01-03 00:00:00
IL,TAZEWELL COUNTY SHERIFF OFFICE,5855-01-228-0939,NIGHT VISION GOGGLE,1,Each,7621,F,1,2005-08-10 00:00:00
IL,TAZEWELL COUNTY SHERIFF OFFICE,1005-00-589-1271,"RIFLE,7.62 MILLIMETER",1,Each,138,D,1,1999-12-27 00:00:00
IL,TAZEWELL COUNTY SHERIFF OFFICE,1005-00-589-1271,"RIFLE,7.62 MILLIMETER",1,Each,138,D,1,1999-12-27 00:00:00
IL,TAZEWELL COUNTY SHERIFF OFFICE,1005-00-589-1271,"RIFLE,7.62 MILLIMETER",1,Each,138,D,1,1999-12-27 00:00:00
IL,TAZEWELL COUNTY SHERIFF OFFICE,1005-00-073-9421,"RIFLE,5.56 MILLIMETER",1,Each,499,D,1,2005-12-29 00:00:00
IL,TAZEWELL COUNTY SHERIFF OFFICE,5855-01-228-0939,NIGHT VISION GOGGLE,1,Each,7621,F,1,2005-08-10 00:00:00
IL,TAZEWELL COUNTY SHERIFF OFFICE,1005-00-589-1271,"RIFLE,7.62 MILLIMETER",1,Each,138,D,1,1999-12-27 00:00:00
IL,TAZEWELL COUNTY SHERIFF OFFICE,1005-00-073-9421,"RIFLE,5.56 MILLIMETER",1,Each,499,D,1,2005-12-29 00:00:00
IL,TAZEWELL COUNTY SHERIFF OFFICE,1005-00-073-9421,"RIFLE,5.56 MILLIMETER",1,Each,499,D,1,2005-12-29 00:00:00
IL,TAZEWELL COUNTY SHERIFF OFFICE,1005-00-589-1271,"RIFLE,7.62 MILLIMETER",1,Each,138,D,1,1999-12-27 00:00:00
IL,TAZEWELL COUNTY SHERIFF OFFICE,1005-00-073-9421,"RIFLE,5.56 MILLIMETER",1,Each,499,D,1,2005-12-29 00:00:00
IL,TAZEWELL COUNTY SHERIFF OFFICE,1005-00-073-9421,"RIFLE,5.56 MILLIMETER",1,Each,499,D,1,2005-12-29 00:00:00
IL,TAZEWELL COUNTY SHERIFF OFFICE,1005-00-589-1271,"RIFLE,7.62 MILLIMETER",1,Each,138,D,1,1999-12-27 00:00:00
IL,TAZEWELL COUNTY SHERIFF OFFICE,1005-00-589-1271,"RIFLE,7.62 MILLIMETER",1,Each,138,D,1,1999-12-27 00:00:00
IL,TAZEWELL COUNTY SHERIFF OFFICE,5855-01-501-9520,"VIEWER,NIGHT VISION",1,Each,16798.8,C,1,2005-12-13 00:00:00
IL,TAZEWELL COUNTY SHERIFF OFFICE,5855-01-007-9541,"COLLIMATOR,INFRARED",3,Each,2884,D,1,2005-12-08 00:00:00
IL,TAZEWELL COUNTY SHERIFF OFFICE,5855-01-525-3638,"VIEWER,NIGHT VISION",1,Each,1736.49,C,1,2006-11-28 00:00:00
IL,THORNTON POLICE DEPT,1005-01-128-9936,"RIFLE,5.56 MILLIMETER",1,Each,749,D,1,2014-10-21 00:00:00
IL,THORNTON POLICE DEPT,1005-00-073-9421,"RIFLE,5.56 MILLIMETER",1,Each,499,D,1,2002-11-06 00:00:00
IL,THORNTON POLICE DEPT,1005-00-073-9421,"RIFLE,5.56 MILLIMETER",1,Each,499,D,1,2002-11-06 00:00:00
IL,THORNTON POLICE DEPT,1005-01-128-9936,"RIFLE,5.56 MILLIMETER",1,Each,749,D,1,2014-10-21 00:00:00
IL,TINLEY PARK POLICE DEPT,1005-00-589-1271,"RIFLE,7.62 MILLIMETER",1,Each,138,D,1,2008-11-12 00:00:00
IL,TINLEY PARK POLICE DEPT,1005-00-589-1271,"RIFLE,7.62 MILLIMETER",1,Each,138,D,1,2008-11-12 00:00:00
IL,TOLONO POLICE DEPT,2320-01-455-9593,"TRUCK,UTILITY",1,Each,60409,C,1,2013-11-04 00:00:00
IL,TOLONO POLICE DEPT,1005-00-856-6885,"RIFLE,5.56 MILLIMETER",1,Each,120,D,1,2012-02-06 00:00:00
IL,TOLONO POLICE DEPT,1005-00-856-6885,"RIFLE,5.56 MILLIMETER",1,Each,120,D,1,2012-02-06 00:00:00
IL,TOWER LAKES POLICE DEPT,1005-00-726-5655,"PISTOL,CALIBER .45,AUTOMATIC",1,Each,58.71,D,1,2005-12-05 00:00:00
IL,TOWER LAKES POLICE DEPT,5820-01-576-0021,RADIO SET,15,Each,5114,D,1,2015-11-30 00:00:00
IL,TOWER LAKES POLICE DEPT,1005-00-073-9421,"RIFLE,5.56 MILLIMETER",1,Each,499,D,1,2005-12-02 00:00:00
IL,TOWER LAKES POLICE DEPT,1005-00-726-5655,"PISTOL,CALIBER .45,AUTOMATIC",1,Each,58.71,D,1,2005-12-05 00:00:00
IL,TOWER LAKES POLICE DEPT,5820-01-521-0963,RADIO SET,1,Each,5544.59,A,1,2016-09-19 00:00:00
IL,TOWER LAKES POLICE DEPT,1005-00-589-1271,"RIFLE,7.62 MILLIMETER",1,Each,138,D,1,2005-12-01 00:00:00
IL,TREMONT POLICE DEPT,1005-00-073-9421,"RIFLE,5.56 MILLIMETER",1,Each,499,D,1,2012-05-17 00:00:00
IL,TREMONT POLICE DEPT,1005-00-589-1271,"RIFLE,7.62 MILLIMETER",1,Each,138,D,1,2002-09-30 00:00:00
IL,TREMONT POLICE DEPT,1005-00-073-9421,"RIFLE,5.56 MILLIMETER",1,Each,499,D,1,2012-05-17 00:00:00
IL,TREMONT POLICE DEPT,1005-00-073-9421,"RIFLE,5.56 MILLIMETER",1,Each,499,D,1,2012-05-17 00:00:00
IL,TREMONT POLICE DEPT,1005-00-073-9421,"RIFLE,5.56 MILLIMETER",1,Each,499,D,1,2012-05-17 00:00:00
IL,TREMONT POLICE DEPT,1005-00-726-5655,"PISTOL,CALIBER .45,AUTOMATIC",1,Each,58.71,D,1,2003-08-27 00:00:00
IL,TREMONT POLICE DEPT,1005-01-094-7045,"REVOLVER,CALIBER .38 SPECIAL",1,Each,89.57,D,1,2003-12-04 00:00:00
IL,TREMONT POLICE DEPT,1005-01-094-7045,"REVOLVER,CALIBER .38 SPECIAL",1,Each,89.57,D,1,2003-12-04 00:00:00
IL,TREMONT POLICE DEPT,1005-01-094-7045,"REVOLVER,CALIBER .38 SPECIAL",1,Each,89.57,D,1,2003-12-04 00:00:00
IL,TREMONT POLICE DEPT,1005-00-589-1271,"RIFLE,7.62 MILLIMETER",1,Each,138,D,1,2000-11-27 00:00:00
IL,TREMONT POLICE DEPT,1005-00-589-1271,"RIFLE,7.62 MILLIMETER",1,Each,138,D,1,2000-11-27 00:00:00
IL,TREMONT POLICE DEPT,1005-00-726-5655,"PISTOL,CALIBER .45,AUTOMATIC",1,Each,58.71,D,1,2003-08-27 00:00:00
IL,TREMONT POLICE DEPT,1005-00-589-1271,"RIFLE,7.62 MILLIMETER",1,Each,138,D,1,2000-11-27 00:00:00
IL,TREMONT POLICE DEPT,1005-00-726-5655,"PISTOL,CALIBER .45,AUTOMATIC",1,Each,58.71,D,1,2003-08-27 00:00:00
IL,TREMONT POLICE DEPT,1005-00-726-5655,"PISTOL,CALIBER .45,AUTOMATIC",1,Each,58.71,D,1,2003-08-27 00:00:00
IL,TREMONT POLICE DEPT,1005-00-589-1271,"RIFLE,7.62 MILLIMETER",1,Each,138,D,1,2000-11-27 00:00:00
IL,TREMONT POLICE DEPT,1005-00-073-9421,"RIFLE,5.56 MILLIMETER",1,Each,499,D,1,2012-05-17 00:00:00
IL,TREMONT POLICE DEPT,1005-00-726-5655,"PISTOL,CALIBER .45,AUTOMATIC",1,Each,58.71,D,1,2003-08-27 00:00:00
IL,TREMONT POLICE DEPT,1005-00-073-9421,"RIFLE,5.56 MILLIMETER",1,Each,499,D,1,2012-05-17 00:00:00
IL,TRITON COLLEGE POLICE DEPT HI_ED,1005-00-589-1271,"RIFLE,7.62 MILLIMETER",1,Each,138,D,1,2010-03-16 00:00:00
IL,TRITON COLLEGE POLICE DEPT HI_ED,1005-00-073-9421,"RIFLE,5.56 MILLIMETER",1,Each,499,D,1,2006-05-02 00:00:00
IL,TRITON COLLEGE POLICE DEPT HI_ED,1005-00-589-1271,"RIFLE,7.62 MILLIMETER",1,Each,138,D,1,2006-05-02 00:00:00
IL,TRITON COLLEGE POLICE DEPT HI_ED,1005-00-589-1271,"RIFLE,7.62 MILLIMETER",1,Each,138,D,1,2006-05-02 00:00:00
IL,TRITON COLLEGE POLICE DEPT HI_ED,1005-00-589-1271,"RIFLE,7.62 MILLIMETER",1,Each,138,D,1,2006-05-02 00:00:00
IL,TRITON COLLEGE POLICE DEPT HI_ED,1005-00-589-1271,"RIFLE,7.62 MILLIMETER",1,Each,138,D,1,2010-03-16 00:00:00
IL,TRITON COLLEGE POLICE DEPT HI_ED,2320-01-107-7153,"TRUCK,UTILITY",1,Each,63894,C,1,2012-07-11 00:00:00
IL,TRITON COLLEGE POLICE DEPT HI_ED,1005-00-073-9421,"RIFLE,5.56 MILLIMETER",1,Each,499,D,1,2006-05-02 00:00:00
IL,TRITON COLLEGE POLICE DEPT HI_ED,1005-00-073-9421,"RIFLE,5.56 MILLIMETER",1,Each,499,D,1,2006-05-02 00:00:00
IL,TRITON COLLEGE POLICE DEPT HI_ED,1005-00-073-9421,"RIFLE,5.56 MILLIMETER",1,Each,499,D,1,2006-05-02 00:00:00
IL,TRITON COLLEGE POLICE DEPT HI_ED,1005-00-073-9421,"RIFLE,5.56 MILLIMETER",1,Each,499,D,1,2006-05-02 00:00:00
IL,TRITON COLLEGE POLICE DEPT HI_ED,1005-00-073-9421,"RIFLE,5.56 MILLIMETER",1,Each,499,D,1,2006-05-02 00:00:00
IL,TRITON COLLEGE POLICE DEPT HI_ED,1005-00-589-1271,"RIFLE,7.62 MILLIMETER",1,Each,138,D,1,2006-05-02 00:00:00
IL,TRITON COLLEGE POLICE DEPT HI_ED,1005-00-589-1271,"RIFLE,7.62 MILLIMETER",1,Each,138,D,1,2006-05-02 00:00:00
IL,TRITON COLLEGE POLICE DEPT HI_ED,1005-00-589-1271,"RIFLE,7.62 MILLIMETER",1,Each,138,D,1,2006-05-02 00:00:00
IL,TROY POLICE DEPT,1005-00-073-9421,"RIFLE,5.56 MILLIMETER",1,Each,499,D,1,1998-07-01 00:00:00
IL,TROY POLICE DEPT,1005-00-073-9421,"RIFLE,5.56 MILLIMETER",1,Each,499,D,1,1998-07-01 00:00:00
IL,TROY POLICE DEPT,1005-00-073-9421,"RIFLE,5.56 MILLIMETER",1,Each,499,D,1,1998-07-01 00:00:00
IL,TROY POLICE DEPT,1005-00-073-9421,"RIFLE,5.56 MILLIMETER",1,Each,499,D,1,1998-07-01 00:00:00
IL,TROY POLICE DEPT,1005-00-073-9421,"RIFLE,5.56 MILLIMETER",1,Each,499,D,1,1998-07-01 00:00:00
IL,UNION COUNTY SHERIFFS OFFICE,1005-01-128-9936,"RIFLE,5.56 MILLIMETER",1,Each,749,D,1,2014-10-20 00:00:00
IL,UNION COUNTY SHERIFFS OFFICE,1005-01-128-9936,"RIFLE,5.56 MILLIMETER",1,Each,749,D,1,2014-10-20 00:00:00
IL,UNION COUNTY SHERIFFS OFFICE,1005-01-128-9936,"RIFLE,5.56 MILLIMETER",1,Each,749,D,1,2014-10-20 00:00:00
IL,UNION COUNTY SHERIFFS OFFICE,1005-01-128-9936,"RIFLE,5.56 MILLIMETER",1,Each,749,D,1,2014-10-20 00:00:00
IL,UNION COUNTY SHERIFFS OFFICE,1005-01-128-9936,"RIFLE,5.56 MILLIMETER",1,Each,749,D,1,2014-10-20 00:00:00
IL,UNION COUNTY SHERIFFS OFFICE,1005-01-128-9936,"RIFLE,5.56 MILLIMETER",1,Each,749,D,1,2014-10-20 00:00:00
IL,UNION COUNTY SHERIFFS OFFICE,1005-01-128-9936,"RIFLE,5.56 MILLIMETER",1,Each,749,D,1,2014-10-20 00:00:00
IL,UNION COUNTY SHERIFFS OFFICE,1005-00-856-6885,"RIFLE,5.56 MILLIMETER",1,Each,120,D,1,2010-06-16 00:00:00
IL,UNION COUNTY SHERIFFS OFFICE,1005-01-128-9936,"RIFLE,5.56 MILLIMETER",1,Each,749,D,1,2014-10-20 00:00:00
IL,UNION COUNTY SHERIFFS OFFICE,1005-01-128-9936,"RIFLE,5.56 MILLIMETER",1,Each,749,D,1,2014-10-20 00:00:00
IL,UNION COUNTY SHERIFFS OFFICE,1005-01-128-9936,"RIFLE,5.56 MILLIMETER",1,Each,749,D,1,2014-10-20 00:00:00
IL,UNIVERSITY PARK POLICE DEPT,1005-00-073-9421,"RIFLE,5.56 MILLIMETER",1,Each,499,D,1,2002-10-08 00:00:00
IL,UNIVERSITY PARK POLICE DEPT,1005-00-073-9421,"RIFLE,5.56 MILLIMETER",1,Each,499,D,1,2002-10-08 00:00:00
IL,UNIVERSITY PARK POLICE DEPT,2320-01-128-9551,"TRUCK,UTILITY",1,Each,50458,C,1,2011-08-30 00:00:00
IL,UNIVERSITY PARK POLICE DEPT,2320-01-107-7156,"TRUCK,UTILITY",1,Each,43376,Q,6,2011-10-07 00:00:00
IL,UNIVERSITY PARK POLICE DEPT,2320-01-128-9551,"TRUCK,UTILITY",1,Each,50458,C,1,2014-10-30 00:00:00
IL,UNIVERSITY PARK POLICE DEPT,1005-00-073-9421,"RIFLE,5.56 MILLIMETER",1,Each,499,D,1,2002-10-08 00:00:00
IL,UNIVERSITY PARK POLICE DEPT,1005-00-073-9421,"RIFLE,5.56 MILLIMETER",1,Each,499,D,1,2002-10-08 00:00:00
IL,URBANA POLICE DEPT,1005-00-073-9421,"RIFLE,5.56 MILLIMETER",1,Each,499,D,1,2004-04-22 00:00:00
IL,URBANA POLICE DEPT,1005-00-073-9421,"RIFLE,5.56 MILLIMETER",1,Each,499,D,1,2004-04-22 00:00:00
IL,URBANA POLICE DEPT,1005-00-073-9421,"RIFLE,5.56 MILLIMETER",1,Each,499,D,1,2004-04-22 00:00:00
IL,URBANA POLICE DEPT,1005-00-073-9421,"RIFLE,5.56 MILLIMETER",1,Each,499,D,1,2004-04-22 00:00:00
IL,URBANA POLICE DEPT,1005-00-073-9421,"RIFLE,5.56 MILLIMETER",1,Each,499,D,1,2004-04-22 00:00:00
IL,URBANA POLICE DEPT,1005-00-073-9421,"RIFLE,5.56 MILLIMETER",1,Each,499,D,1,2004-04-22 00:00:00
IL,URBANA POLICE DEPT,1005-00-073-9421,"RIFLE,5.56 MILLIMETER",1,Each,499,D,1,2004-04-22 00:00:00
IL,URBANA POLICE DEPT,1005-00-073-9421,"RIFLE,5.56 MILLIMETER",1,Each,499,D,1,2004-04-22 00:00:00
IL,URBANA POLICE DEPT,1005-00-073-9421,"RIFLE,5.56 MILLIMETER",1,Each,499,D,1,2004-04-22 00:00:00
IL,URBANA POLICE DEPT,1005-00-073-9421,"RIFLE,5.56 MILLIMETER",1,Each,499,D,1,2004-04-22 00:00:00
IL,URBANA POLICE DEPT,1005-01-128-9936,"RIFLE,5.56 MILLIMETER",1,Each,749,D,1,2014-09-22 00:00:00
IL,URBANA POLICE DEPT,1005-01-128-9936,"RIFLE,5.56 MILLIMETER",1,Each,749,D,1,2014-09-22 00:00:00
IL,URBANA POLICE DEPT,1005-01-128-9936,"RIFLE,5.56 MILLIMETER",1,Each,749,D,1,2014-09-22 00:00:00
IL,URBANA POLICE DEPT,1005-01-128-9936,"RIFLE,5.56 MILLIMETER",1,Each,749,D,1,2014-09-22 00:00:00
IL,URBANA POLICE DEPT,1005-01-128-9936,"RIFLE,5.56 MILLIMETER",1,Each,749,D,1,2014-09-22 00:00:00
IL,URBANA POLICE DEPT,1005-01-128-9936,"RIFLE,5.56 MILLIMETER",1,Each,749,D,1,2014-09-22 00:00:00
IL,URBANA POLICE DEPT,1005-01-128-9936,"RIFLE,5.56 MILLIMETER",1,Each,749,D,1,2014-09-22 00:00:00
IL,URBANA POLICE DEPT,1005-01-128-9936,"RIFLE,5.56 MILLIMETER",1,Each,749,D,1,2014-09-22 00:00:00
IL,URBANA POLICE DEPT,1005-01-128-9936,"RIFLE,5.56 MILLIMETER",1,Each,749,D,1,2014-09-22 00:00:00
IL,URBANA POLICE DEPT,1005-01-128-9936,"RIFLE,5.56 MILLIMETER",1,Each,749,D,1,2014-09-22 00:00:00
IL,VERMILION COUNTY SHERIFF DEPT,1005-00-073-9421,"RIFLE,5.56 MILLIMETER",1,Each,499,D,1,2005-05-03 00:00:00
IL,VERMILION COUNTY SHERIFF DEPT,1005-00-589-1271,"RIFLE,7.62 MILLIMETER",1,Each,138,D,1,2005-05-03 00:00:00
IL,VERMILION COUNTY SHERIFF DEPT,1005-00-073-9421,"RIFLE,5.56 MILLIMETER",1,Each,499,D,1,2005-05-03 00:00:00
IL,VERMILION COUNTY SHERIFF DEPT,1005-00-073-9421,"RIFLE,5.56 MILLIMETER",1,Each,499,D,1,2005-05-03 00:00:00
IL,VERMILION COUNTY SHERIFF DEPT,1005-00-073-9421,"RIFLE,5.56 MILLIMETER",1,Each,499,D,1,2005-05-03 00:00:00
IL,VERMILION COUNTY SHERIFF DEPT,1005-00-589-1271,"RIFLE,7.62 MILLIMETER",1,Each,138,D,1,2005-05-03 00:00:00
IL,VERMILION COUNTY SHERIFF DEPT,1005-00-589-1271,"RIFLE,7.62 MILLIMETER",1,Each,138,D,1,2005-05-03 00:00:00
IL,VERMILION COUNTY SHERIFF DEPT,1005-00-073-9421,"RIFLE,5.56 MILLIMETER",1,Each,499,D,1,2005-05-03 00:00:00
IL,VERMILION COUNTY SHERIFF DEPT,1005-00-073-9421,"RIFLE,5.56 MILLIMETER",1,Each,499,D,1,2005-05-03 00:00:00
IL,VERMILION COUNTY SHERIFF DEPT,1005-00-073-9421,"RIFLE,5.56 MILLIMETER",1,Each,499,D,1,2005-05-03 00:00:00
IL,VERMILION COUNTY SHERIFF DEPT,1005-00-589-1271,"RIFLE,7.62 MILLIMETER",1,Each,138,D,1,2005-05-03 00:00:00
IL,VERMILION COUNTY SHERIFF DEPT,1005-00-589-1271,"RIFLE,7.62 MILLIMETER",1,Each,138,D,1,2005-05-03 00:00:00
IL,VERMILION COUNTY SHERIFF DEPT,1005-00-073-9421,"RIFLE,5.56 MILLIMETER",1,Each,499,D,1,2005-05-03 00:00:00
IL,VERMILION COUNTY SHERIFF DEPT,1005-00-073-9421,"RIFLE,5.56 MILLIMETER",1,Each,499,D,1,2005-05-03 00:00:00
IL,VERMILION COUNTY SHERIFF DEPT,1005-00-073-9421,"RIFLE,5.56 MILLIMETER",1,Each,499,D,1,2005-05-03 00:00:00
IL,VERMILION COUNTY SHERIFF DEPT,1005-00-073-9421,"RIFLE,5.56 MILLIMETER",1,Each,499,D,1,2005-05-03 00:00:00
IL,VERMILION COUNTY SHERIFF DEPT,1005-00-073-9421,"RIFLE,5.56 MILLIMETER",1,Each,499,D,1,2005-05-03 00:00:00
IL,VERMILION COUNTY SHERIFF DEPT,1005-00-073-9421,"RIFLE,5.56 MILLIMETER",1,Each,499,D,1,2005-05-03 00:00:00
IL,VERMILION COUNTY SHERIFF DEPT,1005-00-589-1271,"RIFLE,7.62 MILLIMETER",1,Each,138,D,1,2005-05-03 00:00:00
IL,VERMILION COUNTY SHERIFF DEPT,1005-00-589-1271,"RIFLE,7.62 MILLIMETER",1,Each,138,D,1,2005-05-03 00:00:00
IL,VERMILION COUNTY SHERIFF DEPT,1005-00-589-1271,"RIFLE,7.62 MILLIMETER",1,Each,138,D,1,2005-05-03 00:00:00
IL,VERMILION COUNTY SHERIFF DEPT,1005-00-589-1271,"RIFLE,7.62 MILLIMETER",1,Each,138,D,1,2005-05-03 00:00:00
IL,VERMILION COUNTY SHERIFF DEPT,1005-00-589-1271,"RIFLE,7.62 MILLIMETER",1,Each,138,D,1,2005-05-03 00:00:00
IL,VERMILION COUNTY SHERIFF DEPT,1005-00-589-1271,"RIFLE,7.62 MILLIMETER",1,Each,138,D,1,2005-05-03 00:00:00
IL,VERMILION COUNTY SHERIFF DEPT,1005-00-589-1271,"RIFLE,7.62 MILLIMETER",1,Each,138,D,1,2005-05-03 00:00:00
IL,VERMILION COUNTY SHERIFF DEPT,1005-00-589-1271,"RIFLE,7.62 MILLIMETER",1,Each,138,D,1,2005-05-03 00:00:00
IL,VERMILION COUNTY SHERIFF DEPT,1005-00-073-9421,"RIFLE,5.56 MILLIMETER",1,Each,499,D,1,2005-05-03 00:00:00
IL,VERNON HILLS POLICE DEPT,1005-00-589-1271,"RIFLE,7.62 MILLIMETER",1,Each,138,D,1,2001-07-06 00:00:00
IL,VERNON HILLS POLICE DEPT,1005-00-073-9421,"RIFLE,5.56 MILLIMETER",1,Each,499,D,1,2004-03-23 00:00:00
IL,VERNON HILLS POLICE DEPT,1005-00-073-9421,"RIFLE,5.56 MILLIMETER",1,Each,499,D,1,2004-03-23 00:00:00
IL,VERNON HILLS POLICE DEPT,1005-00-073-9421,"RIFLE,5.56 MILLIMETER",1,Each,499,D,1,2004-03-23 00:00:00
IL,VERNON HILLS POLICE DEPT,1005-00-073-9421,"RIFLE,5.56 MILLIMETER",1,Each,499,D,1,2004-03-23 00:00:00
IL,VERNON HILLS POLICE DEPT,1005-00-589-1271,"RIFLE,7.62 MILLIMETER",1,Each,138,D,1,2001-07-06 00:00:00
IL,VERNON HILLS POLICE DEPT,1005-00-073-9421,"RIFLE,5.56 MILLIMETER",1,Each,499,D,1,2004-03-23 00:00:00
IL,VERNON HILLS POLICE DEPT,1005-00-073-9421,"RIFLE,5.56 MILLIMETER",1,Each,499,D,1,2004-03-23 00:00:00
IL,VERNON HILLS POLICE DEPT,1005-00-073-9421,"RIFLE,5.56 MILLIMETER",1,Each,499,D,1,2004-03-23 00:00:00
IL,VERNON HILLS POLICE DEPT,1005-00-589-1271,"RIFLE,7.62 MILLIMETER",1,Each,138,D,1,2001-07-06 00:00:00
IL,VERNON HILLS POLICE DEPT,1005-00-073-9421,"RIFLE,5.56 MILLIMETER",1,Each,499,D,1,2004-03-23 00:00:00
IL,VERNON HILLS POLICE DEPT,1005-00-073-9421,"RIFLE,5.56 MILLIMETER",1,Each,499,D,1,2004-03-23 00:00:00
IL,VERNON HILLS POLICE DEPT,1005-00-589-1271,"RIFLE,7.62 MILLIMETER",1,Each,138,D,1,2001-07-06 00:00:00
IL,VIENNA POLICE DEPT,3685-DS-CON-TAI0,SPECIALIZED METAL CONTAINER MANUF MACH,4,Each,0,A,,2017-03-01 00:00:00
IL,VIENNA POLICE DEPT,1005-DS-SWE-PASC,WEAPON ACCESSORIES,6,Each,392,B,,2010-11-13 00:00:00
IL,VIENNA POLICE DEPT,1005-00-856-6885,"RIFLE,5.56 MILLIMETER",1,Each,120,D,1,2011-08-29 00:00:00
IL,VIENNA POLICE DEPT,1005-00-856-6885,"RIFLE,5.56 MILLIMETER",1,Each,120,D,1,2011-08-29 00:00:00
IL,VIENNA POLICE DEPT,2320-01-128-9551,"TRUCK,UTILITY",1,Each,50458,C,1,2014-09-15 00:00:00
IL,VIENNA POLICE DEPT,1005-00-726-5655,"PISTOL,CALIBER .45,AUTOMATIC",1,Each,58.71,D,1,2008-10-15 00:00:00
IL,VIENNA POLICE DEPT,2320-01-128-9551,"TRUCK,UTILITY",1,Each,50458,C,1,2014-09-15 00:00:00
IL,VIENNA POLICE DEPT,3920-DS-MHE-NSPP,"MATERIAL HANDLING EQUIP, NONSELF-PROPEL",1,Each,200,A,,2017-03-09 00:00:00
IL,VIENNA POLICE DEPT,1005-00-856-6885,"RIFLE,5.56 MILLIMETER",1,Each,120,D,1,2011-08-29 00:00:00
IL,VILLA PARK POLICE DEPT,1005-00-073-9421,"RIFLE,5.56 MILLIMETER",1,Each,499,D,1,2006-05-02 00:00:00
IL,VILLA PARK POLICE DEPT,1005-00-073-9421,"RIFLE,5.56 MILLIMETER",1,Each,499,D,1,2006-05-02 00:00:00
IL,VILLA PARK POLICE DEPT,1005-00-073-9421,"RIFLE,5.56 MILLIMETER",1,Each,499,D,1,2006-05-02 00:00:00
IL,VILLA PARK POLICE DEPT,1005-00-073-9421,"RIFLE,5.56 MILLIMETER",1,Each,499,D,1,2006-05-02 00:00:00
IL,VILLA PARK POLICE DEPT,1005-00-073-9421,"RIFLE,5.56 MILLIMETER",1,Each,499,D,1,2006-05-02 00:00:00
IL,VILLA PARK POLICE DEPT,1005-00-073-9421,"RIFLE,5.56 MILLIMETER",1,Each,499,D,1,2006-05-02 00:00:00
IL,VILLA PARK POLICE DEPT,1240-01-411-1265,"SIGHT,REFLEX",11,Each,315,D,1,2017-08-24 00:00:00
IL,VILLA PARK POLICE DEPT,1005-00-073-9421,"RIFLE,5.56 MILLIMETER",1,Each,499,D,1,2006-05-02 00:00:00
IL,VIRDEN POLICE DEPT,1005-00-073-9421,"RIFLE,5.56 MILLIMETER",1,Each,499,D,1,2004-07-27 00:00:00
IL,WAMAC POLICE DEPT,1005-00-856-6885,"RIFLE,5.56 MILLIMETER",1,Each,120,D,1,2010-03-17 00:00:00
IL,WAMAC POLICE DEPT,1005-00-589-1271,"RIFLE,7.62 MILLIMETER",1,Each,138,D,1,2012-04-03 00:00:00
IL,WAMAC POLICE DEPT,1005-00-589-1271,"RIFLE,7.62 MILLIMETER",1,Each,138,D,1,2012-04-03 00:00:00
IL,WAMAC POLICE DEPT,2320-01-107-7155,"TRUCK,UTILITY",1,Each,41061,Q,6,2012-03-29 00:00:00
IL,WAMAC POLICE DEPT,1005-00-589-1271,"RIFLE,7.62 MILLIMETER",1,Each,138,D,1,2012-04-03 00:00:00
IL,WAMAC POLICE DEPT,1005-00-589-1271,"RIFLE,7.62 MILLIMETER",1,Each,138,D,1,2012-04-03 00:00:00
IL,WAMAC POLICE DEPT,1005-00-589-1271,"RIFLE,7.62 MILLIMETER",1,Each,138,D,1,2012-04-03 00:00:00
IL,WARREN POLICE DEPT,1005-01-128-9936,"RIFLE,5.56 MILLIMETER",1,Each,749,D,1,2014-10-20 00:00:00
IL,WARREN POLICE DEPT,1005-01-128-9936,"RIFLE,5.56 MILLIMETER",1,Each,749,D,1,2014-10-20 00:00:00
IL,WARREN POLICE DEPT,1005-01-128-9936,"RIFLE,5.56 MILLIMETER",1,Each,749,D,1,2014-10-20 00:00:00
IL,WARREN POLICE DEPT,1005-00-589-1271,"RIFLE,7.62 MILLIMETER",1,Each,138,D,1,2006-06-08 00:00:00
IL,WARREN POLICE DEPT,1005-00-726-5655,"PISTOL,CALIBER .45,AUTOMATIC",1,Each,58.71,D,1,2006-06-08 00:00:00
IL,WARREN POLICE DEPT,1005-00-073-9421,"RIFLE,5.56 MILLIMETER",1,Each,499,D,1,2006-06-08 00:00:00
IL,WARRENSBURG POLICE DEPT,2320-01-107-7155,"TRUCK,UTILITY",1,Each,41061,Q,6,2012-07-06 00:00:00
IL,WASHBURN POLICE DEPT,1005-00-073-9421,"RIFLE,5.56 MILLIMETER",1,Each,499,D,1,2005-08-19 00:00:00
IL,WASHBURN POLICE DEPT,1005-00-921-5483,"SHOTGUN,12 GAGE,RIOT TYPE",1,Each,108,D,1,2005-08-18 00:00:00
IL,WASHBURN POLICE DEPT,1005-00-726-5655,"PISTOL,CALIBER .45,AUTOMATIC",1,Each,58.71,D,1,2005-08-18 00:00:00
IL,WASHBURN POLICE DEPT,1005-00-726-5655,"PISTOL,CALIBER .45,AUTOMATIC",1,Each,58.71,D,1,2005-08-18 00:00:00
IL,WASHBURN POLICE DEPT,1005-00-589-1271,"RIFLE,7.62 MILLIMETER",1,Each,138,D,1,2005-08-18 00:00:00
IL,WASHBURN POLICE DEPT,1005-01-128-9936,"RIFLE,5.56 MILLIMETER",1,Each,749,D,1,2014-09-29 00:00:00
IL,WASHBURN POLICE DEPT,1005-01-128-9936,"RIFLE,5.56 MILLIMETER",1,Each,749,D,1,2014-09-29 00:00:00
IL,WASHINGTON COUNTY SHERIFF OFFICE,5855-01-228-0936,NIGHT VISION GOGGLE,1,Each,4300,F,1,2006-08-28 00:00:00
IL,WASHINGTON COUNTY SHERIFF OFFICE,5855-00-150-1820,"VIEWER,NIGHT VISION",1,Each,4105,F,1,2006-07-07 00:00:00
IL,WASHINGTON COUNTY SHERIFF OFFICE,5855-01-447-8992,"ILLUMINATOR,INFRARED",1,Each,1035,D,1,2006-09-19 00:00:00
IL,WASHINGTON COUNTY SHERIFF OFFICE,5855-01-447-8992,"ILLUMINATOR,INFRARED",1,Each,1035,D,1,2006-09-19 00:00:00
IL,WASHINGTON COUNTY SHERIFF OFFICE,5855-01-447-8992,"ILLUMINATOR,INFRARED",1,Each,1035,D,1,2006-09-19 00:00:00
IL,WASHINGTON COUNTY SHERIFF OFFICE,5855-01-447-8992,"ILLUMINATOR,INFRARED",1,Each,1035,D,1,2006-09-19 00:00:00
IL,WASHINGTON COUNTY SHERIFF OFFICE,5855-01-447-8992,"ILLUMINATOR,INFRARED",1,Each,1035,D,1,2006-09-19 00:00:00
IL,WASHINGTON COUNTY SHERIFF OFFICE,5855-01-447-8992,"ILLUMINATOR,INFRARED",1,Each,1035,D,1,2006-09-19 00:00:00
IL,WASHINGTON COUNTY SHERIFF OFFICE,5855-00-087-3144,NIGHT VISION SIGHT ,1,Each,3489,F,1,2006-10-05 00:00:00
IL,WASHINGTON COUNTY SHERIFF OFFICE,5855-00-087-3144,NIGHT VISION SIGHT ,1,Each,3489,F,1,2006-10-05 00:00:00
IL,WASHINGTON COUNTY SHERIFF OFFICE,5855-00-087-3144,NIGHT VISION SIGHT ,1,Each,3489,F,1,2006-10-05 00:00:00
IL,WASHINGTON COUNTY SHERIFF OFFICE,5855-01-228-0936,NIGHT VISION GOGGLE,1,Each,4300,F,1,2006-08-28 00:00:00
IL,WASHINGTON COUNTY SHERIFF OFFICE,5855-01-433-3197,"ELECTRONIC UNIT,NIGHT VISION VIEWER",1,Each,25448.4,C,1,2006-09-20 00:00:00
IL,WASHINGTON COUNTY SHERIFF OFFICE,5855-01-333-9606,"LIGHT AIMING KIT,INFRARED",10,Each,545.69,C,1,2006-08-20 00:00:00
IL,WASHINGTON COUNTY SHERIFF OFFICE,5855-01-295-2313,"VIEWER,NIGHT VISION",1,Each,1966.95,C,1,2006-02-09 00:00:00
IL,WASHINGTON COUNTY SHERIFF OFFICE,1005-00-589-1271,"RIFLE,7.62 MILLIMETER",1,Each,138,D,1,2006-06-08 00:00:00
IL,WASHINGTON COUNTY SHERIFF OFFICE,1005-00-589-1271,"RIFLE,7.62 MILLIMETER",1,Each,138,D,1,2006-06-08 00:00:00
IL,WASHINGTON POLICE DEPT,1005-00-073-9421,"RIFLE,5.56 MILLIMETER",1,Each,499,D,1,2005-05-03 00:00:00
IL,WASHINGTON POLICE DEPT,1005-00-073-9421,"RIFLE,5.56 MILLIMETER",1,Each,499,D,1,2005-05-03 00:00:00
IL,WASHINGTON POLICE DEPT,1005-00-073-9421,"RIFLE,5.56 MILLIMETER",1,Each,499,D,1,2005-05-03 00:00:00
IL,WASHINGTON POLICE DEPT,1005-00-073-9421,"RIFLE,5.56 MILLIMETER",1,Each,499,D,1,2005-05-03 00:00:00
IL,WASHINGTON POLICE DEPT,1005-00-073-9421,"RIFLE,5.56 MILLIMETER",1,Each,499,D,1,2005-05-03 00:00:00
IL,WASHINGTON POLICE DEPT,1005-00-073-9421,"RIFLE,5.56 MILLIMETER",1,Each,499,D,1,2005-05-03 00:00:00
IL,WASHINGTON POLICE DEPT,1005-00-073-9421,"RIFLE,5.56 MILLIMETER",1,Each,499,D,1,2005-05-03 00:00:00
IL,WATERLOO POLICE DEPT,1005-00-589-1271,"RIFLE,7.62 MILLIMETER",1,Each,138,D,1,2005-10-26 00:00:00
IL,WATERLOO POLICE DEPT,1005-00-589-1271,"RIFLE,7.62 MILLIMETER",1,Each,138,D,1,2004-11-09 00:00:00
IL,WATERLOO POLICE DEPT,1005-00-589-1271,"RIFLE,7.62 MILLIMETER",1,Each,138,D,1,2004-11-09 00:00:00
IL,WATERLOO POLICE DEPT,1005-00-073-9421,"RIFLE,5.56 MILLIMETER",1,Each,499,D,1,2004-11-09 00:00:00
IL,WATERLOO POLICE DEPT,1005-00-073-9421,"RIFLE,5.56 MILLIMETER",1,Each,499,D,1,2005-10-26 00:00:00
IL,WATERLOO POLICE DEPT,1005-00-073-9421,"RIFLE,5.56 MILLIMETER",1,Each,499,D,1,2005-10-26 00:00:00
IL,WATERLOO POLICE DEPT,1005-00-589-1271,"RIFLE,7.62 MILLIMETER",1,Each,138,D,1,2004-11-09 00:00:00
IL,WATERLOO POLICE DEPT,1005-00-073-9421,"RIFLE,5.56 MILLIMETER",1,Each,499,D,1,2005-10-26 00:00:00
IL,WATERLOO POLICE DEPT,1005-00-073-9421,"RIFLE,5.56 MILLIMETER",1,Each,499,D,1,2004-11-09 00:00:00
IL,WATERLOO POLICE DEPT,1005-00-073-9421,"RIFLE,5.56 MILLIMETER",1,Each,499,D,1,2004-11-09 00:00:00
IL,WATERLOO POLICE DEPT,1005-00-589-1271,"RIFLE,7.62 MILLIMETER",1,Each,138,D,1,2005-10-26 00:00:00
IL,WATERLOO POLICE DEPT,1005-00-589-1271,"RIFLE,7.62 MILLIMETER",1,Each,138,D,1,2005-10-26 00:00:00
IL,WAUCONDA POLICE DEPT,1005-00-073-9421,"RIFLE,5.56 MILLIMETER",1,Each,499,D,1,2005-05-11 00:00:00
IL,WAUCONDA POLICE DEPT,1005-00-073-9421,"RIFLE,5.56 MILLIMETER",1,Each,499,D,1,2012-02-22 00:00:00
IL,WAUCONDA POLICE DEPT,1005-01-128-9936,"RIFLE,5.56 MILLIMETER",1,Each,749,D,1,2014-10-20 00:00:00
IL,WAUCONDA POLICE DEPT,1005-01-128-9936,"RIFLE,5.56 MILLIMETER",1,Each,749,D,1,2014-10-20 00:00:00
IL,WAUCONDA POLICE DEPT,1005-01-128-9936,"RIFLE,5.56 MILLIMETER",1,Each,749,D,1,2014-10-20 00:00:00
IL,WAUCONDA POLICE DEPT,1005-01-128-9936,"RIFLE,5.56 MILLIMETER",1,Each,749,D,1,2014-10-20 00:00:00
IL,WAUCONDA POLICE DEPT,1005-01-128-9936,"RIFLE,5.56 MILLIMETER",1,Each,749,D,1,2014-10-20 00:00:00
IL,WAUCONDA POLICE DEPT,1005-01-128-9936,"RIFLE,5.56 MILLIMETER",1,Each,749,D,1,2014-10-20 00:00:00
IL,WAUCONDA POLICE DEPT,1005-01-128-9936,"RIFLE,5.56 MILLIMETER",1,Each,749,D,1,2014-10-20 00:00:00
IL,WAUCONDA POLICE DEPT,1005-01-128-9936,"RIFLE,5.56 MILLIMETER",1,Each,749,D,1,2014-10-20 00:00:00
IL,WAUCONDA POLICE DEPT,1005-01-128-9936,"RIFLE,5.56 MILLIMETER",1,Each,749,D,1,2014-10-20 00:00:00
IL,WAUCONDA POLICE DEPT,1005-01-128-9936,"RIFLE,5.56 MILLIMETER",1,Each,749,D,1,2014-10-20 00:00:00
IL,WAUCONDA POLICE DEPT,1005-01-128-9936,"RIFLE,5.56 MILLIMETER",1,Each,749,D,1,2014-10-20 00:00:00
IL,WAUCONDA POLICE DEPT,1005-01-128-9936,"RIFLE,5.56 MILLIMETER",1,Each,749,D,1,2014-10-20 00:00:00
IL,WAUCONDA POLICE DEPT,1005-00-073-9421,"RIFLE,5.56 MILLIMETER",1,Each,499,D,1,2005-05-11 00:00:00
IL,WAUCONDA POLICE DEPT,1005-00-073-9421,"RIFLE,5.56 MILLIMETER",1,Each,499,D,1,2005-05-11 00:00:00
IL,WAUCONDA POLICE DEPT,1005-00-073-9421,"RIFLE,5.56 MILLIMETER",1,Each,499,D,1,2012-02-22 00:00:00
IL,WAUCONDA POLICE DEPT,1005-00-073-9421,"RIFLE,5.56 MILLIMETER",1,Each,499,D,1,2005-05-11 00:00:00
IL,WAUCONDA POLICE DEPT,1005-00-073-9421,"RIFLE,5.56 MILLIMETER",1,Each,499,D,1,2012-02-22 00:00:00
IL,WAUCONDA POLICE DEPT,1005-00-073-9421,"RIFLE,5.56 MILLIMETER",1,Each,499,D,1,2005-05-11 00:00:00
IL,WAUCONDA POLICE DEPT,1005-00-073-9421,"RIFLE,5.56 MILLIMETER",1,Each,499,D,1,2012-02-22 00:00:00
IL,WAUCONDA POLICE DEPT,1005-00-073-9421,"RIFLE,5.56 MILLIMETER",1,Each,499,D,1,2005-05-11 00:00:00
IL,WAUCONDA POLICE DEPT,1005-00-073-9421,"RIFLE,5.56 MILLIMETER",1,Each,499,D,1,2005-05-11 00:00:00
IL,WAUCONDA POLICE DEPT,1005-00-073-9421,"RIFLE,5.56 MILLIMETER",1,Each,499,D,1,2005-05-11 00:00:00
IL,WAUCONDA POLICE DEPT,1005-00-073-9421,"RIFLE,5.56 MILLIMETER",1,Each,499,D,1,2012-02-22 00:00:00
IL,WAUKEGAN POLICE DEPT,1005-00-073-9421,"RIFLE,5.56 MILLIMETER",1,Each,499,D,1,1999-03-16 00:00:00
IL,WAUKEGAN POLICE DEPT,1005-00-589-1271,"RIFLE,7.62 MILLIMETER",1,Each,138,D,1,1999-03-18 00:00:00
IL,WAUKEGAN POLICE DEPT,1005-00-073-9421,"RIFLE,5.56 MILLIMETER",1,Each,499,D,1,1999-03-16 00:00:00
IL,WAUKEGAN POLICE DEPT,1005-00-589-1271,"RIFLE,7.62 MILLIMETER",1,Each,138,D,1,1999-03-18 00:00:00
IL,WAUKEGAN POLICE DEPT,1005-00-073-9421,"RIFLE,5.56 MILLIMETER",1,Each,499,D,1,1999-03-16 00:00:00
IL,WAUKEGAN POLICE DEPT,1005-00-589-1271,"RIFLE,7.62 MILLIMETER",1,Each,138,D,1,1999-03-18 00:00:00
IL,WAUKEGAN POLICE DEPT,1005-00-589-1271,"RIFLE,7.62 MILLIMETER",1,Each,138,D,1,1999-03-18 00:00:00
IL,WAUKEGAN POLICE DEPT,2355-DS-COM-BTV2,ONLY COMPLETE COMBAT/ASSAULT/TACTICAL WHEELED VEHICLES,1,Each,150000,D,,2012-04-05 00:00:00
IL,WAUKEGAN POLICE DEPT,5855-01-017-7366,NIGHT VISION SIGHT ASSEMBLY,1,Each,3207,F,1,2006-03-23 00:00:00
IL,WAUKEGAN POLICE DEPT,5855-01-017-7366,NIGHT VISION SIGHT ASSEMBLY,1,Each,3207,F,1,2006-03-23 00:00:00
IL,WAUKEGAN POLICE DEPT,5855-01-017-7366,NIGHT VISION SIGHT ASSEMBLY,1,Each,3207,F,1,2006-03-23 00:00:00
IL,WAUKEGAN POLICE DEPT,5855-01-017-7366,NIGHT VISION SIGHT ASSEMBLY,1,Each,3207,F,1,2006-03-23 00:00:00
IL,WAUKEGAN POLICE DEPT,5855-01-444-3916,"IMAGE INTENSIFIER TUBE,NIGHT VISION",10,Each,1650,F,1,2006-06-13 00:00:00
IL,WAUKEGAN POLICE DEPT,1005-00-589-1271,"RIFLE,7.62 MILLIMETER",1,Each,138,D,1,1999-03-18 00:00:00
IL,WAUKEGAN POLICE DEPT,1005-00-589-1271,"RIFLE,7.62 MILLIMETER",1,Each,138,D,1,1999-03-18 00:00:00
IL,WAUKEGAN POLICE DEPT,5855-01-017-7366,NIGHT VISION SIGHT ASSEMBLY,1,Each,3207,F,1,2006-03-23 00:00:00
IL,WAUKEGAN POLICE DEPT,1005-00-073-9421,"RIFLE,5.56 MILLIMETER",1,Each,499,D,1,1999-03-16 00:00:00
IL,WAUKEGAN POLICE DEPT,1005-00-589-1271,"RIFLE,7.62 MILLIMETER",1,Each,138,D,1,1999-03-18 00:00:00
IL,WAUKEGAN POLICE DEPT,1005-00-073-9421,"RIFLE,5.56 MILLIMETER",1,Each,499,D,1,1999-03-16 00:00:00
IL,WAUKEGAN POLICE DEPT,1005-00-073-9421,"RIFLE,5.56 MILLIMETER",1,Each,499,D,1,1999-03-16 00:00:00
IL,WAUKEGAN POLICE DEPT,1005-00-073-9421,"RIFLE,5.56 MILLIMETER",1,Each,499,D,1,1999-03-16 00:00:00
IL,WAUKEGAN POLICE DEPT,1005-00-073-9421,"RIFLE,5.56 MILLIMETER",1,Each,499,D,1,1999-03-16 00:00:00
IL,WAUKEGAN POLICE DEPT,1005-00-589-1271,"RIFLE,7.62 MILLIMETER",1,Each,138,D,1,1999-03-18 00:00:00
IL,WAUKEGAN POLICE DEPT,1005-00-073-9421,"RIFLE,5.56 MILLIMETER",1,Each,499,D,1,1999-03-16 00:00:00
IL,WAUKEGAN POLICE DEPT,1005-00-073-9421,"RIFLE,5.56 MILLIMETER",1,Each,499,D,1,1999-03-16 00:00:00
IL,WAUKEGAN POLICE DEPT,1005-00-073-9421,"RIFLE,5.56 MILLIMETER",1,Each,499,D,1,1999-03-16 00:00:00
IL,WAUKEGAN POLICE DEPT,1005-00-073-9421,"RIFLE,5.56 MILLIMETER",1,Each,499,D,1,1999-03-16 00:00:00
IL,WAVERLY POLICE DEPT,5180-00-408-1350,"TOOL KIT,LINEMANS",2,Kit,1186,A,1,2017-04-11 00:00:00
IL,WAVERLY POLICE DEPT,1240-01-499-3547,BINOCULAR,2,Each,341,F,1,2012-01-23 00:00:00
IL,WAVERLY POLICE DEPT,1005-00-677-9150,"SHOTGUN,12 GAGE,RIOT TYPE",1,Each,72.1,D,1,2009-04-23 00:00:00
IL,WAVERLY POLICE DEPT,2540-20-005-8968,"LADDER,VEHICLE BOARDING",1,Each,782.62,A,1,2017-01-20 00:00:00
IL,WAVERLY POLICE DEPT,2540-20-005-8968,"LADDER,VEHICLE BOARDING",1,Each,782.62,A,1,2017-01-20 00:00:00
IL,WAVERLY POLICE DEPT,5180-01-390-2931,"TOOL KIT,AIRCRAFT MAINTENANCE",1,Each,7830,B,3,2015-06-12 00:00:00
IL,WAVERLY POLICE DEPT,4910-01-390-8209,"MAINTENANCE KIT,VEHICULAR",1,Each,8554,B,3,2014-07-15 00:00:00
IL,WAVERLY POLICE DEPT,4910-01-390-8209,"MAINTENANCE KIT,VEHICULAR",1,Each,8554,B,3,2014-07-15 00:00:00
IL,WAVERLY POLICE DEPT,1005-00-726-5655,"PISTOL,CALIBER .45,AUTOMATIC",1,Each,58.71,D,1,2009-04-23 00:00:00
IL,WAVERLY POLICE DEPT,1005-00-589-1271,"RIFLE,7.62 MILLIMETER",1,Each,138,D,1,2009-04-23 00:00:00
IL,WAVERLY POLICE DEPT,1005-00-856-6885,"RIFLE,5.56 MILLIMETER",1,Each,120,D,1,2011-04-20 00:00:00
IL,WAVERLY POLICE DEPT,1005-00-726-5655,"PISTOL,CALIBER .45,AUTOMATIC",1,Each,58.71,D,1,2009-04-23 00:00:00
IL,WAVERLY POLICE DEPT,1005-00-999-1871,"STOCK,GUN,SHOULDER",1,Each,669.74,B,3,2013-05-14 00:00:00
IL,WAVERLY POLICE DEPT,1005-00-992-6676,"BIPOD,RIFLE",2,Each,39.07,D,7,2012-06-02 00:00:00
IL,WAVERLY POLICE DEPT,8465-01-416-4632,"SPECTACLES,BALLISTIC AND LASER PROTECTIVE",10,Each,21.58,D,1,2012-01-23 00:00:00
IL,WAVERLY POLICE DEPT,1240-01-410-7427,"MOUNT,SIGHT",2,Each,32.73,D,1,2012-01-23 00:00:00
IL,WAVERLY POLICE DEPT,1080-01-457-2956,"CAMOUFLAGE NET SYSTEM,RADAR SCATTERING",1,Each,1472,D,1,2012-01-23 00:00:00
IL,WAVERLY POLICE DEPT,1005-00-921-5004,"MAGAZINE,CARTRIDGE",5,Each,12.3,D,1,2012-05-26 00:00:00
IL,WAVERLY POLICE DEPT,5180-01-483-0249,"TOOL KIT,GENERAL MECHANICS",7,Set,1780,A,1,2017-12-11 00:00:00
IL,WAVERLY POLICE DEPT,6230-DS-LIG-HT01,"ELECTRIC PORTABLE, HAND LIGHTING EQUIP",4,Each,114.35,A,,2017-04-10 00:00:00
IL,WAVERLY POLICE DEPT,1005-00-726-5655,"PISTOL,CALIBER .45,AUTOMATIC",1,Each,58.71,D,1,2009-04-23 00:00:00
IL,WAVERLY POLICE DEPT,1670-01-336-9614,"DEPLOYMENT BAG,PARACHUTE",5,Each,368.36,B,3,2011-09-05 00:00:00
IL,WAVERLY POLICE DEPT,1240-01-411-1265,"SIGHT,REFLEX",1,Each,315,D,1,2010-04-07 00:00:00
IL,WAVERLY POLICE DEPT,1240-01-411-1265,"SIGHT,REFLEX",1,Each,315,D,1,2010-04-07 00:00:00
IL,WAVERLY POLICE DEPT,1240-01-411-1265,"SIGHT,REFLEX",1,Each,315,D,1,2010-04-07 00:00:00
IL,WAVERLY POLICE DEPT,1005-01-481-6133,"PARTS KIT,GUN",2,Kit,176.81,B,3,2012-11-10 00:00:00
IL,WAVERLY POLICE DEPT,8465-01-416-4634,"SPECTACLES,BALLISTIC AND LASER PROTECTIVE",5,Each,20.2,D,1,2013-02-14 00:00:00
IL,WAVERLY POLICE DEPT,1005-00-726-5655,"PISTOL,CALIBER .45,AUTOMATIC",1,Each,58.71,D,1,2009-04-23 00:00:00
IL,WAVERLY POLICE DEPT,6720-01-565-1111,"CAMERA,RECONNAISSANCE SYSTEM",1,Each,5345.85,B,3,2012-11-09 00:00:00
IL,WAVERLY POLICE DEPT,1005-00-726-5655,"PISTOL,CALIBER .45,AUTOMATIC",1,Each,58.71,D,1,2009-04-23 00:00:00
IL,WAYNE POLICE DEPARTMENT,1005-00-073-9421,"RIFLE,5.56 MILLIMETER",1,Each,499,D,1,2005-07-26 00:00:00
IL,WAYNE POLICE DEPARTMENT,1005-00-589-1271,"RIFLE,7.62 MILLIMETER",1,Each,138,D,1,2005-07-27 00:00:00
IL,WEST DUNDEE POLICE DEPT,1005-00-856-6885,"RIFLE,5.56 MILLIMETER",1,Each,120,D,1,2011-10-24 00:00:00
IL,WEST DUNDEE POLICE DEPT,1005-00-856-6885,"RIFLE,5.56 MILLIMETER",1,Each,120,D,1,2011-10-24 00:00:00
IL,WEST DUNDEE POLICE DEPT,1005-01-128-9936,"RIFLE,5.56 MILLIMETER",1,Each,749,D,1,2014-10-20 00:00:00
IL,WEST DUNDEE POLICE DEPT,1005-01-128-9936,"RIFLE,5.56 MILLIMETER",1,Each,749,D,1,2014-10-20 00:00:00
IL,WEST DUNDEE POLICE DEPT,1005-00-856-6885,"RIFLE,5.56 MILLIMETER",1,Each,120,D,1,2011-10-24 00:00:00
IL,WEST DUNDEE POLICE DEPT,1005-00-856-6885,"RIFLE,5.56 MILLIMETER",1,Each,120,D,1,2011-10-24 00:00:00
IL,WEST DUNDEE POLICE DEPT,1005-01-128-9936,"RIFLE,5.56 MILLIMETER",1,Each,749,D,1,2014-10-20 00:00:00
IL,WEST DUNDEE POLICE DEPT,1005-01-128-9936,"RIFLE,5.56 MILLIMETER",1,Each,749,D,1,2014-10-20 00:00:00
IL,WEST DUNDEE POLICE DEPT,1005-01-128-9936,"RIFLE,5.56 MILLIMETER",1,Each,749,D,1,2014-10-20 00:00:00
IL,WEST DUNDEE POLICE DEPT,1005-01-128-9936,"RIFLE,5.56 MILLIMETER",1,Each,749,D,1,2014-10-20 00:00:00
IL,WEST DUNDEE POLICE DEPT,1005-01-128-9936,"RIFLE,5.56 MILLIMETER",1,Each,749,D,1,2014-10-20 00:00:00
IL,WEST DUNDEE POLICE DEPT,1005-01-128-9936,"RIFLE,5.56 MILLIMETER",1,Each,749,D,1,2014-10-20 00:00:00
IL,WEST DUNDEE POLICE DEPT,1005-00-856-6885,"RIFLE,5.56 MILLIMETER",1,Each,120,D,1,2011-10-24 00:00:00
IL,WEST DUNDEE POLICE DEPT,1005-00-856-6885,"RIFLE,5.56 MILLIMETER",1,Each,120,D,1,2011-10-24 00:00:00
IL,WEST DUNDEE POLICE DEPT,1005-00-856-6885,"RIFLE,5.56 MILLIMETER",1,Each,120,D,1,2011-10-24 00:00:00
IL,WEST DUNDEE POLICE DEPT,1005-00-856-6885,"RIFLE,5.56 MILLIMETER",1,Each,120,D,1,2011-10-24 00:00:00
IL,WEST FRANKFORT POLICE DEPT,1005-00-589-1271,"RIFLE,7.62 MILLIMETER",1,Each,138,D,1,1999-12-28 00:00:00
IL,WEST FRANKFORT POLICE DEPT,1005-00-073-9421,"RIFLE,5.56 MILLIMETER",1,Each,499,D,1,2012-05-21 00:00:00
IL,WEST FRANKFORT POLICE DEPT,1005-00-073-9421,"RIFLE,5.56 MILLIMETER",1,Each,499,D,1,2012-05-21 00:00:00
IL,WEST FRANKFORT POLICE DEPT,1005-00-073-9421,"RIFLE,5.56 MILLIMETER",1,Each,499,D,1,2012-05-21 00:00:00
IL,WEST FRANKFORT POLICE DEPT,2320-01-128-9552,"TRUCK,UTILITY",1,Each,49897,C,1,2014-02-24 00:00:00
IL,WEST FRANKFORT POLICE DEPT,1005-00-589-1271,"RIFLE,7.62 MILLIMETER",1,Each,138,D,1,1999-12-28 00:00:00
IL,WEST FRANKFORT POLICE DEPT,1005-00-073-9421,"RIFLE,5.56 MILLIMETER",1,Each,499,D,1,2012-05-21 00:00:00
IL,WEST FRANKFORT POLICE DEPT,1005-00-589-1271,"RIFLE,7.62 MILLIMETER",1,Each,138,D,1,1999-12-28 00:00:00
IL,WEST FRANKFORT POLICE DEPT,1005-00-589-1271,"RIFLE,7.62 MILLIMETER",1,Each,138,D,1,1999-12-28 00:00:00
IL,WEST FRANKFORT POLICE DEPT,1005-00-589-1271,"RIFLE,7.62 MILLIMETER",1,Each,138,D,1,1999-12-28 00:00:00
IL,WEST FRANKFORT POLICE DEPT,1005-00-589-1271,"RIFLE,7.62 MILLIMETER",1,Each,138,D,1,1999-12-28 00:00:00
IL,WEST FRANKFORT POLICE DEPT,2355-01-590-1660,MINE RESISTANT VEHICLE,1,Each,733000,C,1,2014-05-01 00:00:00
IL,WESTCHESTER POLICE DEPARTMENT,5855-00-629-5343,"VIEWING SET,NIGHT VISION",1,Each,923,C,1,2011-12-04 00:00:00
IL,WESTCHESTER POLICE DEPARTMENT,1240-01-411-6350,"TELESCOPE,STRAIGHT",2,Each,794,F,7,2012-04-10 00:00:00
IL,WESTCHESTER POLICE DEPARTMENT,5855-01-152-0506,"BATTERY COMPARTMENT,NIGHT VISION VIEWER",20,Each,16.76,B,3,2012-01-18 00:00:00
IL,WESTCHESTER POLICE DEPARTMENT,5855-01-457-2953,"MOUNT,VIEWER",4,Each,102,B,3,2012-04-25 00:00:00
IL,WESTCHESTER POLICE DEPARTMENT,5855-01-333-9606,"LIGHT AIMING KIT,INFRARED",21,Each,545.69,C,1,2011-10-14 00:00:00
IL,WESTCHESTER POLICE DEPARTMENT,1005-00-856-6885,"RIFLE,5.56 MILLIMETER",1,Each,120,D,1,2010-05-06 00:00:00
IL,WESTCHESTER POLICE DEPARTMENT,1005-00-856-6885,"RIFLE,5.56 MILLIMETER",1,Each,120,D,1,2010-05-06 00:00:00
IL,WESTCHESTER POLICE DEPARTMENT,1005-00-856-6885,"RIFLE,5.56 MILLIMETER",1,Each,120,D,1,2010-05-06 00:00:00
IL,WESTCHESTER POLICE DEPARTMENT,1005-00-856-6885,"RIFLE,5.56 MILLIMETER",1,Each,120,D,1,2010-05-06 00:00:00
IL,WESTCHESTER POLICE DEPARTMENT,1240-01-411-1265,"SIGHT,REFLEX",20,Each,315,D,1,2011-09-27 00:00:00
IL,WESTCHESTER POLICE DEPARTMENT,2320-01-107-7155,"TRUCK,UTILITY",1,Each,41061,Q,6,2011-03-25 00:00:00
IL,WESTCHESTER POLICE DEPARTMENT,1005-00-856-6885,"RIFLE,5.56 MILLIMETER",1,Each,120,D,1,2010-05-06 00:00:00
IL,WESTCHESTER POLICE DEPARTMENT,1005-00-856-6885,"RIFLE,5.56 MILLIMETER",1,Each,120,D,1,2010-05-06 00:00:00
IL,WESTCHESTER POLICE DEPARTMENT,5860-DS-LAS-ER00,STIMULATED COHERENT RADIATION DEVICES,20,Each,28,D,,2011-08-18 00:00:00
IL,WESTCHESTER POLICE DEPARTMENT,1005-00-856-6885,"RIFLE,5.56 MILLIMETER",1,Each,120,D,1,2010-05-06 00:00:00
IL,WESTCHESTER POLICE DEPARTMENT,5855-00-629-5343,"VIEWING SET,NIGHT VISION",1,Each,923,C,1,2011-12-04 00:00:00
IL,WESTCHESTER POLICE DEPARTMENT,5855-00-629-5343,"VIEWING SET,NIGHT VISION",1,Each,923,C,1,2011-12-04 00:00:00
IL,WESTCHESTER POLICE DEPARTMENT,5855-00-629-5343,"VIEWING SET,NIGHT VISION",1,Each,923,C,1,2011-12-04 00:00:00
IL,WESTCHESTER POLICE DEPARTMENT,5855-00-629-5343,"VIEWING SET,NIGHT VISION",1,Each,923,C,1,2011-12-04 00:00:00
IL,WESTCHESTER POLICE DEPARTMENT,5855-00-629-5343,"VIEWING SET,NIGHT VISION",1,Each,923,C,1,2011-12-04 00:00:00
IL,WESTCHESTER POLICE DEPARTMENT,5855-00-629-5343,"VIEWING SET,NIGHT VISION",1,Each,923,C,1,2011-12-04 00:00:00
IL,WESTCHESTER POLICE DEPARTMENT,5855-00-629-5343,"VIEWING SET,NIGHT VISION",1,Each,923,C,1,2011-12-04 00:00:00
IL,WESTCHESTER POLICE DEPARTMENT,5855-00-629-5343,"VIEWING SET,NIGHT VISION",1,Each,923,C,1,2011-12-04 00:00:00
IL,WESTCHESTER POLICE DEPARTMENT,5855-00-629-5343,"VIEWING SET,NIGHT VISION",1,Each,923,C,1,2011-12-04 00:00:00
IL,WESTERN SPRINGS POLICE DEPT,1005-00-073-9421,"RIFLE,5.56 MILLIMETER",1,Each,499,D,1,2006-01-06 00:00:00
IL,WESTERN SPRINGS POLICE DEPT,1005-00-073-9421,"RIFLE,5.56 MILLIMETER",1,Each,499,D,1,1997-07-07 00:00:00
IL,WESTERN SPRINGS POLICE DEPT,1005-00-073-9421,"RIFLE,5.56 MILLIMETER",1,Each,499,D,1,1997-07-07 00:00:00
IL,WESTERN SPRINGS POLICE DEPT,1005-00-073-9421,"RIFLE,5.56 MILLIMETER",1,Each,499,D,1,2006-01-06 00:00:00
IL,WHEATON POLICE DEPT,1005-00-073-9421,"RIFLE,5.56 MILLIMETER",1,Each,499,D,1,2012-05-07 00:00:00
IL,WHEATON POLICE DEPT,1005-01-128-9936,"RIFLE,5.56 MILLIMETER",1,Each,749,D,1,2014-11-12 00:00:00
IL,WHEATON POLICE DEPT,1005-01-128-9936,"RIFLE,5.56 MILLIMETER",1,Each,749,D,1,2014-11-12 00:00:00
IL,WHEATON POLICE DEPT,1005-01-128-9936,"RIFLE,5.56 MILLIMETER",1,Each,749,D,1,2014-11-12 00:00:00
IL,WHEATON POLICE DEPT,1005-01-128-9936,"RIFLE,5.56 MILLIMETER",1,Each,749,D,1,2014-11-12 00:00:00
IL,WHEATON POLICE DEPT,1005-01-128-9936,"RIFLE,5.56 MILLIMETER",1,Each,749,D,1,2014-11-12 00:00:00
IL,WHEATON POLICE DEPT,1005-01-128-9936,"RIFLE,5.56 MILLIMETER",1,Each,749,D,1,2014-11-12 00:00:00
IL,WHEATON POLICE DEPT,1005-01-128-9936,"RIFLE,5.56 MILLIMETER",1,Each,749,D,1,2014-11-12 00:00:00
IL,WHEATON POLICE DEPT,1005-01-128-9936,"RIFLE,5.56 MILLIMETER",1,Each,749,D,1,2014-11-12 00:00:00
IL,WHEATON POLICE DEPT,1005-01-128-9936,"RIFLE,5.56 MILLIMETER",1,Each,749,D,1,2014-11-12 00:00:00
IL,WHEATON POLICE DEPT,1005-01-128-9936,"RIFLE,5.56 MILLIMETER",1,Each,749,D,1,2014-11-12 00:00:00
IL,WHEATON POLICE DEPT,1005-01-128-9936,"RIFLE,5.56 MILLIMETER",1,Each,749,D,1,2014-11-12 00:00:00
IL,WHEATON POLICE DEPT,1005-01-128-9936,"RIFLE,5.56 MILLIMETER",1,Each,749,D,1,2014-11-12 00:00:00
IL,WHEATON POLICE DEPT,1005-01-128-9936,"RIFLE,5.56 MILLIMETER",1,Each,749,D,1,2014-11-12 00:00:00
IL,WHEATON POLICE DEPT,1005-01-128-9936,"RIFLE,5.56 MILLIMETER",1,Each,749,D,1,2014-11-12 00:00:00
IL,WHEATON POLICE DEPT,1005-01-128-9936,"RIFLE,5.56 MILLIMETER",1,Each,749,D,1,2014-11-12 00:00:00
IL,WHEATON POLICE DEPT,1005-01-128-9936,"RIFLE,5.56 MILLIMETER",1,Each,749,D,1,2014-11-12 00:00:00
IL,WHEATON POLICE DEPT,1005-01-128-9936,"RIFLE,5.56 MILLIMETER",1,Each,749,D,1,2014-11-12 00:00:00
IL,WHEATON POLICE DEPT,1005-01-128-9936,"RIFLE,5.56 MILLIMETER",1,Each,749,D,1,2014-11-12 00:00:00
IL,WHEATON POLICE DEPT,1005-00-073-9421,"RIFLE,5.56 MILLIMETER",1,Each,499,D,1,2012-05-07 00:00:00
IL,WHEATON POLICE DEPT,1005-00-073-9421,"RIFLE,5.56 MILLIMETER",1,Each,499,D,1,2012-05-07 00:00:00
IL,WHEATON POLICE DEPT,1005-00-073-9421,"RIFLE,5.56 MILLIMETER",1,Each,499,D,1,2012-05-07 00:00:00
IL,WHEATON POLICE DEPT,1005-00-073-9421,"RIFLE,5.56 MILLIMETER",1,Each,499,D,1,2012-05-07 00:00:00
IL,WHEATON POLICE DEPT,1005-00-073-9421,"RIFLE,5.56 MILLIMETER",1,Each,499,D,1,2012-05-07 00:00:00
IL,WHEATON POLICE DEPT,1005-00-073-9421,"RIFLE,5.56 MILLIMETER",1,Each,499,D,1,2012-05-07 00:00:00
IL,WHEATON POLICE DEPT,1005-00-073-9421,"RIFLE,5.56 MILLIMETER",1,Each,499,D,1,2012-05-07 00:00:00
IL,WHEATON POLICE DEPT,1005-00-073-9421,"RIFLE,5.56 MILLIMETER",1,Each,499,D,1,2012-05-07 00:00:00
IL,WHEATON POLICE DEPT,1005-00-073-9421,"RIFLE,5.56 MILLIMETER",1,Each,499,D,1,2012-05-07 00:00:00
IL,WHEATON POLICE DEPT,1005-00-073-9421,"RIFLE,5.56 MILLIMETER",1,Each,499,D,1,2012-05-07 00:00:00
IL,WHEATON POLICE DEPT,1005-00-073-9421,"RIFLE,5.56 MILLIMETER",1,Each,499,D,1,2012-05-07 00:00:00
IL,WHEATON POLICE DEPT,1005-00-073-9421,"RIFLE,5.56 MILLIMETER",1,Each,499,D,1,2012-05-07 00:00:00
IL,WHEATON POLICE DEPT,1005-00-073-9421,"RIFLE,5.56 MILLIMETER",1,Each,499,D,1,2002-09-19 00:00:00
IL,WHEATON POLICE DEPT,1005-00-073-9421,"RIFLE,5.56 MILLIMETER",1,Each,499,D,1,2002-09-19 00:00:00
IL,WHEATON POLICE DEPT,1005-00-073-9421,"RIFLE,5.56 MILLIMETER",1,Each,499,D,1,2012-05-07 00:00:00
IL,WHEATON POLICE DEPT,1005-01-128-9936,"RIFLE,5.56 MILLIMETER",1,Each,749,D,1,2014-11-12 00:00:00
IL,WHEATON POLICE DEPT,1005-01-128-9936,"RIFLE,5.56 MILLIMETER",1,Each,749,D,1,2014-11-12 00:00:00
IL,WHEATON POLICE DEPT,1005-01-128-9936,"RIFLE,5.56 MILLIMETER",1,Each,749,D,1,2014-11-12 00:00:00
IL,WHEATON POLICE DEPT,1005-00-073-9421,"RIFLE,5.56 MILLIMETER",1,Each,499,D,1,2002-09-19 00:00:00
IL,WHEATON POLICE DEPT,1005-00-073-9421,"RIFLE,5.56 MILLIMETER",1,Each,499,D,1,2012-05-07 00:00:00
IL,WHEATON POLICE DEPT,1005-00-073-9421,"RIFLE,5.56 MILLIMETER",1,Each,499,D,1,2012-05-07 00:00:00
IL,WHEATON POLICE DEPT,1005-00-073-9421,"RIFLE,5.56 MILLIMETER",1,Each,499,D,1,2002-09-19 00:00:00
IL,WHEATON POLICE DEPT,1005-00-073-9421,"RIFLE,5.56 MILLIMETER",1,Each,499,D,1,2002-09-19 00:00:00
IL,WHEATON POLICE DEPT,1005-00-073-9421,"RIFLE,5.56 MILLIMETER",1,Each,499,D,1,2012-05-07 00:00:00
IL,WHEATON POLICE DEPT,1005-00-073-9421,"RIFLE,5.56 MILLIMETER",1,Each,499,D,1,2012-05-07 00:00:00
IL,WHEATON POLICE DEPT,1005-00-073-9421,"RIFLE,5.56 MILLIMETER",1,Each,499,D,1,2012-05-07 00:00:00
IL,WHEATON POLICE DEPT,1005-00-073-9421,"RIFLE,5.56 MILLIMETER",1,Each,499,D,1,2002-09-19 00:00:00
IL,WHEATON POLICE DEPT,1005-00-073-9421,"RIFLE,5.56 MILLIMETER",1,Each,499,D,1,2002-09-19 00:00:00
IL,WHEATON POLICE DEPT,1005-00-073-9421,"RIFLE,5.56 MILLIMETER",1,Each,499,D,1,2012-05-07 00:00:00
IL,WHEATON POLICE DEPT,1005-00-073-9421,"RIFLE,5.56 MILLIMETER",1,Each,499,D,1,2012-05-07 00:00:00
IL,WHEATON POLICE DEPT,1005-00-073-9421,"RIFLE,5.56 MILLIMETER",1,Each,499,D,1,2012-05-07 00:00:00
IL,WHEATON POLICE DEPT,1005-00-073-9421,"RIFLE,5.56 MILLIMETER",1,Each,499,D,1,2002-09-19 00:00:00
IL,WHEATON POLICE DEPT,1005-00-073-9421,"RIFLE,5.56 MILLIMETER",1,Each,499,D,1,2002-09-19 00:00:00
IL,WHEATON POLICE DEPT,1005-00-073-9421,"RIFLE,5.56 MILLIMETER",1,Each,499,D,1,2012-05-07 00:00:00
IL,WHEATON POLICE DEPT,1005-00-073-9421,"RIFLE,5.56 MILLIMETER",1,Each,499,D,1,2012-05-07 00:00:00
IL,WHEATON POLICE DEPT,1005-00-073-9421,"RIFLE,5.56 MILLIMETER",1,Each,499,D,1,2012-05-07 00:00:00
IL,WHEATON POLICE DEPT,1005-00-073-9421,"RIFLE,5.56 MILLIMETER",1,Each,499,D,1,2012-05-07 00:00:00
IL,WHEATON POLICE DEPT,1005-00-073-9421,"RIFLE,5.56 MILLIMETER",1,Each,499,D,1,2012-05-07 00:00:00
IL,WHEATON POLICE DEPT,1005-00-073-9421,"RIFLE,5.56 MILLIMETER",1,Each,499,D,1,2012-05-07 00:00:00
IL,WHEATON POLICE DEPT,1005-00-073-9421,"RIFLE,5.56 MILLIMETER",1,Each,499,D,1,2002-09-19 00:00:00
IL,WHEATON POLICE DEPT,1005-00-073-9421,"RIFLE,5.56 MILLIMETER",1,Each,499,D,1,2002-09-19 00:00:00
IL,WHEATON POLICE DEPT,1005-00-073-9421,"RIFLE,5.56 MILLIMETER",1,Each,499,D,1,2002-09-19 00:00:00
IL,WHEATON POLICE DEPT,1005-00-073-9421,"RIFLE,5.56 MILLIMETER",1,Each,499,D,1,2002-09-19 00:00:00
IL,WHEATON POLICE DEPT,1005-00-073-9421,"RIFLE,5.56 MILLIMETER",1,Each,499,D,1,2012-05-07 00:00:00
IL,WHEATON POLICE DEPT,1005-00-073-9421,"RIFLE,5.56 MILLIMETER",1,Each,499,D,1,2002-09-19 00:00:00
IL,WHEATON POLICE DEPT,1005-00-073-9421,"RIFLE,5.56 MILLIMETER",1,Each,499,D,1,2012-05-07 00:00:00
IL,WHEELING POLICE DEPT,2320-01-107-7155,"TRUCK,UTILITY",1,Each,41061,Q,6,2014-02-07 00:00:00
IL,WHEELING POLICE DEPT,5895-01-578-1600,"EXTRACTOR,TARGET,INTERROGATOR SET",1,Each,7500,D,1,2015-02-27 00:00:00
IL,WHEELING POLICE DEPT,2540-01-434-8598,"COVER,FITTED,VEHICULAR CAB",1,Kit,1431.95,B,3,2014-08-21 00:00:00
IL,WHEELING POLICE DEPT,2920-01-199-2393,"PARTS KIT,ENGINE GENERATOR",1,Each,1661.75,B,3,2014-07-09 00:00:00
IL,WHEELING POLICE DEPT,6720-01-568-1287,"CAMERA SYSTEM,RECONNAISSANCE",1,Kit,5147.45,C,1,2014-06-30 00:00:00
IL,WHEELING POLICE DEPT,2540-01-408-7049,"PARTS KIT,SEAT,VEHICULAR",1,Each,750,Q,6,2014-05-29 00:00:00
IL,WHITE COUNTY SHERIFFS DEPT,2320-01-107-7155,"TRUCK,UTILITY",1,Each,41061,Q,6,2012-07-12 00:00:00
IL,WHITE COUNTY SHERIFFS DEPT,2320-01-107-7156,"TRUCK,UTILITY",1,Each,43376,Q,6,2012-07-12 00:00:00
IL,WHITE COUNTY SHERIFFS DEPT,2320-01-107-7155,"TRUCK,UTILITY",1,Each,41061,Q,6,2012-06-08 00:00:00
IL,WHITE COUNTY SHERIFFS DEPT,2320-01-107-7155,"TRUCK,UTILITY",1,Each,41061,Q,6,2012-07-12 00:00:00
IL,WHITE COUNTY SHERIFFS DEPT,2320-01-107-7155,"TRUCK,UTILITY",1,Each,41061,Q,6,2012-06-08 00:00:00
IL,WHITE COUNTY SHERIFFS DEPT,2320-01-107-7155,"TRUCK,UTILITY",1,Each,41061,Q,6,2012-06-08 00:00:00
IL,WHITESIDE COUNTY SHERIFFS OFFICE,1005-00-073-9421,"RIFLE,5.56 MILLIMETER",1,Each,499,D,1,2004-12-20 00:00:00
IL,WHITESIDE COUNTY SHERIFFS OFFICE,1005-00-073-9421,"RIFLE,5.56 MILLIMETER",1,Each,499,D,1,2004-12-20 00:00:00
IL,WHITESIDE COUNTY SHERIFFS OFFICE,1005-00-073-9421,"RIFLE,5.56 MILLIMETER",1,Each,499,D,1,2004-12-20 00:00:00
IL,WHITESIDE COUNTY SHERIFFS OFFICE,1005-00-589-1271,"RIFLE,7.62 MILLIMETER",1,Each,138,D,1,2004-12-21 00:00:00
IL,WHITESIDE COUNTY SHERIFFS OFFICE,1005-00-073-9421,"RIFLE,5.56 MILLIMETER",1,Each,499,D,1,2004-12-20 00:00:00
IL,WHITESIDE COUNTY SHERIFFS OFFICE,1005-00-073-9421,"RIFLE,5.56 MILLIMETER",1,Each,499,D,1,2004-12-20 00:00:00
IL,WHITESIDE COUNTY SHERIFFS OFFICE,2320-01-107-7155,"TRUCK,UTILITY",1,Each,41061,Q,6,2011-12-21 00:00:00
IL,WHITESIDE COUNTY SHERIFFS OFFICE,1005-00-589-1271,"RIFLE,7.62 MILLIMETER",1,Each,138,D,1,2004-12-21 00:00:00
IL,WHITESIDE COUNTY SHERIFFS OFFICE,1005-00-073-9421,"RIFLE,5.56 MILLIMETER",1,Each,499,D,1,2004-12-20 00:00:00
IL,WHITESIDE COUNTY SHERIFFS OFFICE,1005-00-073-9421,"RIFLE,5.56 MILLIMETER",1,Each,499,D,1,2002-09-19 00:00:00
IL,WHITESIDE COUNTY SHERIFFS OFFICE,1005-00-073-9421,"RIFLE,5.56 MILLIMETER",1,Each,499,D,1,2002-09-19 00:00:00
IL,WHITESIDE COUNTY SHERIFFS OFFICE,1005-00-073-9421,"RIFLE,5.56 MILLIMETER",1,Each,499,D,1,2002-09-19 00:00:00
IL,WHITESIDE COUNTY SHERIFFS OFFICE,1005-00-073-9421,"RIFLE,5.56 MILLIMETER",1,Each,499,D,1,2004-12-20 00:00:00
IL,WHITESIDE COUNTY SHERIFFS OFFICE,1005-00-589-1271,"RIFLE,7.62 MILLIMETER",1,Each,138,D,1,2004-12-21 00:00:00
IL,WILL COUNTY SHERIFF OFFICE,1005-00-856-6885,"RIFLE,5.56 MILLIMETER",1,Each,120,D,1,2010-06-16 00:00:00
IL,WILL COUNTY SHERIFF OFFICE,1005-00-856-6885,"RIFLE,5.56 MILLIMETER",1,Each,120,D,1,2010-06-16 00:00:00
IL,WILL COUNTY SHERIFF OFFICE,1005-00-073-9421,"RIFLE,5.56 MILLIMETER",1,Each,499,D,1,2005-11-30 00:00:00
IL,WILL COUNTY SHERIFF OFFICE,1005-00-073-9421,"RIFLE,5.56 MILLIMETER",1,Each,499,D,1,2005-11-30 00:00:00
IL,WILL COUNTY SHERIFF OFFICE,1005-00-856-6885,"RIFLE,5.56 MILLIMETER",1,Each,120,D,1,2010-06-16 00:00:00
IL,WILL COUNTY SHERIFF OFFICE,1005-00-856-6885,"RIFLE,5.56 MILLIMETER",1,Each,120,D,1,2010-06-16 00:00:00
IL,WILL COUNTY SHERIFF OFFICE,1005-00-073-9421,"RIFLE,5.56 MILLIMETER",1,Each,499,D,1,2005-11-30 00:00:00
IL,WILL COUNTY SHERIFF OFFICE,1005-00-856-6885,"RIFLE,5.56 MILLIMETER",1,Each,120,D,1,2010-06-16 00:00:00
IL,WILL COUNTY SHERIFF OFFICE,1005-00-856-6885,"RIFLE,5.56 MILLIMETER",1,Each,120,D,1,2010-06-16 00:00:00
IL,WILL COUNTY SHERIFF OFFICE,1005-00-856-6885,"RIFLE,5.56 MILLIMETER",1,Each,120,D,1,2010-06-16 00:00:00
IL,WILL COUNTY SHERIFF OFFICE,1005-00-073-9421,"RIFLE,5.56 MILLIMETER",1,Each,499,D,1,2005-11-30 00:00:00
IL,WILL COUNTY SHERIFF OFFICE,1005-00-073-9421,"RIFLE,5.56 MILLIMETER",1,Each,499,D,1,2005-11-30 00:00:00
IL,WILL COUNTY SHERIFF OFFICE,1005-00-073-9421,"RIFLE,5.56 MILLIMETER",1,Each,499,D,1,2005-11-30 00:00:00
IL,WILL COUNTY SHERIFF OFFICE,1005-00-856-6885,"RIFLE,5.56 MILLIMETER",1,Each,120,D,1,2010-06-16 00:00:00
IL,WILL COUNTY SHERIFF OFFICE,1005-00-073-9421,"RIFLE,5.56 MILLIMETER",1,Each,499,D,1,2005-11-30 00:00:00
IL,WILL COUNTY SHERIFF OFFICE,1005-00-073-9421,"RIFLE,5.56 MILLIMETER",1,Each,499,D,1,2005-11-30 00:00:00
IL,WILL COUNTY SHERIFF OFFICE,1005-00-856-6885,"RIFLE,5.56 MILLIMETER",1,Each,120,D,1,2010-06-16 00:00:00
IL,WILL COUNTY SHERIFF OFFICE,1005-00-856-6885,"RIFLE,5.56 MILLIMETER",1,Each,120,D,1,2010-06-16 00:00:00
IL,WILL COUNTY SHERIFF OFFICE,1005-00-856-6885,"RIFLE,5.56 MILLIMETER",1,Each,120,D,1,2010-06-16 00:00:00
IL,WILL COUNTY SHERIFF OFFICE,1005-00-073-9421,"RIFLE,5.56 MILLIMETER",1,Each,499,D,1,2005-11-30 00:00:00
IL,WILL COUNTY SHERIFF OFFICE,1005-00-073-9421,"RIFLE,5.56 MILLIMETER",1,Each,499,D,1,2005-11-30 00:00:00
IL,WILL COUNTY SHERIFF OFFICE,1005-00-073-9421,"RIFLE,5.56 MILLIMETER",1,Each,499,D,1,2005-11-30 00:00:00
IL,WILL COUNTY SHERIFF OFFICE,1005-00-073-9421,"RIFLE,5.56 MILLIMETER",1,Each,499,D,1,2005-11-30 00:00:00
IL,WILL COUNTY SHERIFF OFFICE,1005-00-856-6885,"RIFLE,5.56 MILLIMETER",1,Each,120,D,1,2010-06-16 00:00:00
IL,WILL COUNTY SHERIFF OFFICE,1005-00-856-6885,"RIFLE,5.56 MILLIMETER",1,Each,120,D,1,2010-06-16 00:00:00
IL,WILL COUNTY SHERIFF OFFICE,1005-00-856-6885,"RIFLE,5.56 MILLIMETER",1,Each,120,D,1,2010-06-16 00:00:00
IL,WILL COUNTY SHERIFF OFFICE,1005-00-073-9421,"RIFLE,5.56 MILLIMETER",1,Each,499,D,1,2005-11-30 00:00:00
IL,WILL COUNTY SHERIFF OFFICE,1005-00-073-9421,"RIFLE,5.56 MILLIMETER",1,Each,499,D,1,2005-11-29 00:00:00
IL,WILL COUNTY SHERIFF OFFICE,1005-00-856-6885,"RIFLE,5.56 MILLIMETER",1,Each,120,D,1,2010-06-16 00:00:00
IL,WILL COUNTY SHERIFF OFFICE,1005-00-856-6885,"RIFLE,5.56 MILLIMETER",1,Each,120,D,1,2010-06-16 00:00:00
IL,WILL COUNTY SHERIFF OFFICE,1005-00-856-6885,"RIFLE,5.56 MILLIMETER",1,Each,120,D,1,2010-06-16 00:00:00
IL,WILL COUNTY SHERIFF OFFICE,1005-00-073-9421,"RIFLE,5.56 MILLIMETER",1,Each,499,D,1,2005-11-30 00:00:00
IL,WILL COUNTY SHERIFF OFFICE,1005-00-856-6885,"RIFLE,5.56 MILLIMETER",1,Each,120,D,1,2010-06-16 00:00:00
IL,WILL COUNTY SHERIFF OFFICE,1005-00-856-6885,"RIFLE,5.56 MILLIMETER",1,Each,120,D,1,2010-06-16 00:00:00
IL,WILL COUNTY SHERIFF OFFICE,1005-00-856-6885,"RIFLE,5.56 MILLIMETER",1,Each,120,D,1,2010-06-16 00:00:00
IL,WILL COUNTY SHERIFF OFFICE,1005-00-856-6885,"RIFLE,5.56 MILLIMETER",1,Each,120,D,1,2010-06-16 00:00:00
IL,WILL COUNTY SHERIFF OFFICE,1005-00-856-6885,"RIFLE,5.56 MILLIMETER",1,Each,120,D,1,2010-06-16 00:00:00
IL,WILL COUNTY SHERIFF OFFICE,1005-00-073-9421,"RIFLE,5.56 MILLIMETER",1,Each,499,D,1,2005-11-29 00:00:00
IL,WILL COUNTY SHERIFF OFFICE,1005-00-073-9421,"RIFLE,5.56 MILLIMETER",1,Each,499,D,1,2005-11-29 00:00:00
IL,WILL COUNTY SHERIFF OFFICE,1005-00-856-6885,"RIFLE,5.56 MILLIMETER",1,Each,120,D,1,2010-06-16 00:00:00
IL,WILL COUNTY SHERIFF OFFICE,1005-00-073-9421,"RIFLE,5.56 MILLIMETER",1,Each,499,D,1,2005-11-30 00:00:00
IL,WILL COUNTY SHERIFF OFFICE,1005-00-073-9421,"RIFLE,5.56 MILLIMETER",1,Each,499,D,1,2005-11-30 00:00:00
IL,WILL COUNTY SHERIFF OFFICE,1005-00-073-9421,"RIFLE,5.56 MILLIMETER",1,Each,499,D,1,2005-11-29 00:00:00
IL,WILL COUNTY SHERIFF OFFICE,1005-00-856-6885,"RIFLE,5.56 MILLIMETER",1,Each,120,D,1,2010-06-16 00:00:00
IL,WILL COUNTY SHERIFF OFFICE,1005-00-856-6885,"RIFLE,5.56 MILLIMETER",1,Each,120,D,1,2010-06-16 00:00:00
IL,WILL COUNTY SHERIFF OFFICE,1005-00-856-6885,"RIFLE,5.56 MILLIMETER",1,Each,120,D,1,2010-06-16 00:00:00
IL,WILL COUNTY SHERIFF OFFICE,1005-00-856-6885,"RIFLE,5.56 MILLIMETER",1,Each,120,D,1,2010-06-16 00:00:00
IL,WILL COUNTY SHERIFF OFFICE,1005-00-856-6885,"RIFLE,5.56 MILLIMETER",1,Each,120,D,1,2010-06-16 00:00:00
IL,WILL COUNTY SHERIFF OFFICE,1005-00-856-6885,"RIFLE,5.56 MILLIMETER",1,Each,120,D,1,2010-06-16 00:00:00
IL,WILL COUNTY SHERIFF OFFICE,2320-01-107-7155,"TRUCK,UTILITY",1,Each,41061,Q,6,2012-05-18 00:00:00
IL,WILL COUNTY SHERIFF OFFICE,1005-00-856-6885,"RIFLE,5.56 MILLIMETER",1,Each,120,D,1,2010-06-16 00:00:00
IL,WILL COUNTY SHERIFF OFFICE,1005-00-856-6885,"RIFLE,5.56 MILLIMETER",1,Each,120,D,1,2010-06-16 00:00:00
IL,WILL COUNTY SHERIFF OFFICE,1005-00-073-9421,"RIFLE,5.56 MILLIMETER",1,Each,499,D,1,2005-11-29 00:00:00
IL,WILL COUNTY SHERIFF OFFICE,1005-00-073-9421,"RIFLE,5.56 MILLIMETER",1,Each,499,D,1,2005-11-30 00:00:00
IL,WILL COUNTY SHERIFF OFFICE,1005-00-073-9421,"RIFLE,5.56 MILLIMETER",1,Each,499,D,1,2005-11-30 00:00:00
IL,WILL COUNTY SHERIFF OFFICE,1005-00-856-6885,"RIFLE,5.56 MILLIMETER",1,Each,120,D,1,2010-06-16 00:00:00
IL,WILL COUNTY SHERIFF OFFICE,5820-00-RAD-IO,DESC=EF JOHNSON RADIO 242 5112 61 ,25,Each,2575,D,,2010-06-02 00:00:00
IL,WILL COUNTY SHERIFF OFFICE,2320-01-128-9551,"TRUCK,UTILITY",1,Each,50458,C,1,2014-06-26 00:00:00
IL,WILL COUNTY SHERIFF OFFICE,1005-00-073-9421,"RIFLE,5.56 MILLIMETER",1,Each,499,D,1,2005-11-30 00:00:00
IL,WILL COUNTY SHERIFF OFFICE,1005-00-073-9421,"RIFLE,5.56 MILLIMETER",1,Each,499,D,1,2005-11-30 00:00:00
IL,WILL COUNTY SHERIFF OFFICE,1005-00-073-9421,"RIFLE,5.56 MILLIMETER",1,Each,499,D,1,2005-11-29 00:00:00
IL,WILL COUNTY SHERIFF OFFICE,1005-00-073-9421,"RIFLE,5.56 MILLIMETER",1,Each,499,D,1,2005-11-30 00:00:00
IL,WILL COUNTY SHERIFF OFFICE,1005-00-073-9421,"RIFLE,5.56 MILLIMETER",1,Each,499,D,1,2005-11-29 00:00:00
IL,WILL COUNTY SHERIFF OFFICE,1005-00-073-9421,"RIFLE,5.56 MILLIMETER",1,Each,499,D,1,2005-11-29 00:00:00
IL,WILL COUNTY SHERIFF OFFICE,1005-00-073-9421,"RIFLE,5.56 MILLIMETER",1,Each,499,D,1,2005-11-30 00:00:00
IL,WILL COUNTY SHERIFF OFFICE,1005-00-073-9421,"RIFLE,5.56 MILLIMETER",1,Each,499,D,1,2005-11-29 00:00:00
IL,WILL COUNTY SHERIFF OFFICE,1005-00-073-9421,"RIFLE,5.56 MILLIMETER",1,Each,499,D,1,2005-11-30 00:00:00
IL,WILL COUNTY SHERIFF OFFICE,1005-00-073-9421,"RIFLE,5.56 MILLIMETER",1,Each,499,D,1,2005-11-29 00:00:00
IL,WILL COUNTY SHERIFF OFFICE,1005-00-073-9421,"RIFLE,5.56 MILLIMETER",1,Each,499,D,1,2005-11-30 00:00:00
IL,WILL COUNTY SHERIFF OFFICE,1005-00-073-9421,"RIFLE,5.56 MILLIMETER",1,Each,499,D,1,2005-11-29 00:00:00
IL,WILL COUNTY SHERIFF OFFICE,1005-00-073-9421,"RIFLE,5.56 MILLIMETER",1,Each,499,D,1,2005-11-29 00:00:00
IL,WILL COUNTY SHERIFF OFFICE,1005-00-073-9421,"RIFLE,5.56 MILLIMETER",1,Each,499,D,1,2005-11-29 00:00:00
IL,WILL COUNTY SHERIFF OFFICE,1005-00-073-9421,"RIFLE,5.56 MILLIMETER",1,Each,499,D,1,2005-11-29 00:00:00
IL,WILL COUNTY SHERIFF OFFICE,1005-00-073-9421,"RIFLE,5.56 MILLIMETER",1,Each,499,D,1,2005-11-30 00:00:00
IL,WILL COUNTY SHERIFF OFFICE,1005-00-073-9421,"RIFLE,5.56 MILLIMETER",1,Each,499,D,1,2005-11-29 00:00:00
IL,WILL COUNTY SHERIFF OFFICE,1005-00-073-9421,"RIFLE,5.56 MILLIMETER",1,Each,499,D,1,2005-11-30 00:00:00
IL,WILL COUNTY SHERIFF OFFICE,1005-00-856-6885,"RIFLE,5.56 MILLIMETER",1,Each,120,D,1,2010-06-16 00:00:00
IL,WILL COUNTY SHERIFF OFFICE,1005-00-856-6885,"RIFLE,5.56 MILLIMETER",1,Each,120,D,1,2010-06-16 00:00:00
IL,WILL COUNTY SHERIFF OFFICE,1005-00-073-9421,"RIFLE,5.56 MILLIMETER",1,Each,499,D,1,2005-11-30 00:00:00
IL,WILL COUNTY SHERIFF OFFICE,1005-00-073-9421,"RIFLE,5.56 MILLIMETER",1,Each,499,D,1,2005-11-30 00:00:00
IL,WILL COUNTY SHERIFF OFFICE,1005-00-856-6885,"RIFLE,5.56 MILLIMETER",1,Each,120,D,1,2010-06-16 00:00:00
IL,WILL COUNTY SHERIFF OFFICE,1005-00-856-6885,"RIFLE,5.56 MILLIMETER",1,Each,120,D,1,2010-06-16 00:00:00
IL,WILL COUNTY SHERIFF OFFICE,1005-00-856-6885,"RIFLE,5.56 MILLIMETER",1,Each,120,D,1,2010-06-16 00:00:00
IL,WILL COUNTY SHERIFF OFFICE,1005-00-073-9421,"RIFLE,5.56 MILLIMETER",1,Each,499,D,1,2005-11-30 00:00:00
IL,WILL COUNTY SHERIFF OFFICE,1005-00-073-9421,"RIFLE,5.56 MILLIMETER",1,Each,499,D,1,2005-11-30 00:00:00
IL,WILL COUNTY SHERIFF OFFICE,1005-00-073-9421,"RIFLE,5.56 MILLIMETER",1,Each,499,D,1,2005-11-29 00:00:00
IL,WILL COUNTY SHERIFF OFFICE,1005-00-073-9421,"RIFLE,5.56 MILLIMETER",1,Each,499,D,1,2005-11-30 00:00:00
IL,WILL COUNTY SHERIFF OFFICE,1005-00-073-9421,"RIFLE,5.56 MILLIMETER",1,Each,499,D,1,2005-11-30 00:00:00
IL,WILL COUNTY SHERIFF OFFICE,1005-00-856-6885,"RIFLE,5.56 MILLIMETER",1,Each,120,D,1,2010-06-16 00:00:00
IL,WILL COUNTY SHERIFF OFFICE,1005-00-856-6885,"RIFLE,5.56 MILLIMETER",1,Each,120,D,1,2010-06-16 00:00:00
IL,WILL COUNTY SHERIFF OFFICE,1005-00-856-6885,"RIFLE,5.56 MILLIMETER",1,Each,120,D,1,2010-06-16 00:00:00
IL,WILL COUNTY SHERIFF OFFICE,1005-00-073-9421,"RIFLE,5.56 MILLIMETER",1,Each,499,D,1,2005-11-30 00:00:00
IL,WILL COUNTY SHERIFF OFFICE,1005-00-073-9421,"RIFLE,5.56 MILLIMETER",1,Each,499,D,1,2005-11-30 00:00:00
IL,WILLIAMSFIELD POLICE DEPT,1005-00-073-9421,"RIFLE,5.56 MILLIMETER",1,Each,499,D,1,2006-08-09 00:00:00
IL,WILLIAMSFIELD POLICE DEPT,2320-01-107-7153,"TRUCK,UTILITY",1,Each,63894,C,1,2013-05-02 00:00:00
IL,WILLIAMSON COUNTY SHERIFF OFFICE,1005-01-128-9936,"RIFLE,5.56 MILLIMETER",1,Each,749,D,1,2014-09-25 00:00:00
IL,WILLIAMSON COUNTY SHERIFF OFFICE,1005-00-589-1271,"RIFLE,7.62 MILLIMETER",1,Each,138,D,1,1994-10-27 00:00:00
IL,WILLIAMSON COUNTY SHERIFF OFFICE,1005-00-856-6885,"RIFLE,5.56 MILLIMETER",1,Each,120,D,1,2010-04-26 00:00:00
IL,WILLIAMSON COUNTY SHERIFF OFFICE,2355-01-590-1660,MINE RESISTANT VEHICLE,1,Each,733000,C,1,2014-02-13 00:00:00
IL,WILLIAMSON COUNTY SHERIFF OFFICE,1005-00-589-1271,"RIFLE,7.62 MILLIMETER",1,Each,138,D,1,2000-01-20 00:00:00
IL,WILLIAMSON COUNTY SHERIFF OFFICE,1005-00-589-1271,"RIFLE,7.62 MILLIMETER",1,Each,138,D,1,2000-01-20 00:00:00
IL,WILLIAMSON COUNTY SHERIFF OFFICE,1005-00-589-1271,"RIFLE,7.62 MILLIMETER",1,Each,138,D,1,2000-01-20 00:00:00
IL,WILLIAMSON COUNTY SHERIFF OFFICE,1240-01-411-1265,"SIGHT,REFLEX",7,Each,315,D,1,2011-09-13 00:00:00
IL,WILLIAMSON COUNTY SHERIFF OFFICE,1005-01-128-9936,"RIFLE,5.56 MILLIMETER",1,Each,749,D,1,2014-09-25 00:00:00
IL,WILLIAMSON COUNTY SHERIFF OFFICE,1005-01-128-9936,"RIFLE,5.56 MILLIMETER",1,Each,749,D,1,2014-09-25 00:00:00
IL,WILLIAMSON COUNTY SHERIFF OFFICE,1005-01-128-9936,"RIFLE,5.56 MILLIMETER",1,Each,749,D,1,2014-09-25 00:00:00
IL,WILLIAMSON COUNTY SHERIFF OFFICE,1005-01-128-9936,"RIFLE,5.56 MILLIMETER",1,Each,749,D,1,2014-09-25 00:00:00
IL,WILLIAMSON COUNTY SHERIFF OFFICE,1005-01-128-9936,"RIFLE,5.56 MILLIMETER",1,Each,749,D,1,2014-09-25 00:00:00
IL,WILLIAMSON COUNTY SHERIFF OFFICE,1005-00-589-1271,"RIFLE,7.62 MILLIMETER",1,Each,138,D,1,1994-10-27 00:00:00
IL,WILLIAMSON COUNTY SHERIFF OFFICE,1005-00-589-1271,"RIFLE,7.62 MILLIMETER",1,Each,138,D,1,1998-12-04 00:00:00
IL,WILLIAMSON COUNTY SHERIFF OFFICE,1005-00-726-5655,"PISTOL,CALIBER .45,AUTOMATIC",1,Each,58.71,D,1,2006-04-27 00:00:00
IL,WILLIAMSON COUNTY SHERIFF OFFICE,1005-00-073-9421,"RIFLE,5.56 MILLIMETER",1,Each,499,D,1,1998-12-04 00:00:00
IL,WILLIAMSON COUNTY SHERIFF OFFICE,1005-00-073-9421,"RIFLE,5.56 MILLIMETER",1,Each,499,D,1,2006-05-01 00:00:00
IL,WILLIAMSON COUNTY SHERIFF OFFICE,1005-00-726-5655,"PISTOL,CALIBER .45,AUTOMATIC",1,Each,58.71,D,1,2006-04-27 00:00:00
IL,WILLIAMSON COUNTY SHERIFF OFFICE,1005-00-589-1271,"RIFLE,7.62 MILLIMETER",1,Each,138,D,1,1998-12-04 00:00:00
IL,WILLIAMSON COUNTY SHERIFF OFFICE,1005-00-726-5655,"PISTOL,CALIBER .45,AUTOMATIC",1,Each,58.71,D,1,2006-04-27 00:00:00
IL,WILLIAMSON COUNTY SHERIFF OFFICE,1005-00-073-9421,"RIFLE,5.56 MILLIMETER",1,Each,499,D,1,1998-12-04 00:00:00
IL,WILLIAMSON COUNTY SHERIFF OFFICE,1005-00-589-1271,"RIFLE,7.62 MILLIMETER",1,Each,138,D,1,2006-05-02 00:00:00
IL,WILLIAMSON COUNTY SHERIFF OFFICE,1005-00-589-1271,"RIFLE,7.62 MILLIMETER",1,Each,138,D,1,2006-05-02 00:00:00
IL,WILLIAMSON COUNTY SHERIFF OFFICE,1240-01-411-1265,"SIGHT,REFLEX",3,Each,315,D,1,2011-09-13 00:00:00
IL,WILLIAMSON COUNTY SHERIFF OFFICE,1005-00-589-1271,"RIFLE,7.62 MILLIMETER",1,Each,138,D,1,1998-12-04 00:00:00
IL,WILLIAMSON COUNTY SHERIFF OFFICE,1005-00-073-9421,"RIFLE,5.56 MILLIMETER",1,Each,499,D,1,2006-05-01 00:00:00
IL,WILLIAMSON COUNTY SHERIFF OFFICE,1005-00-073-9421,"RIFLE,5.56 MILLIMETER",1,Each,499,D,1,1998-12-04 00:00:00
IL,WILLIAMSON COUNTY SHERIFF OFFICE,1005-00-726-5655,"PISTOL,CALIBER .45,AUTOMATIC",1,Each,58.71,D,1,2006-04-27 00:00:00
IL,WILLIAMSVILLE POLICE DEPT,1240-01-565-3974,SIGHT UNIT,5,Each,1,D,7,2014-10-23 00:00:00
IL,WILLIAMSVILLE POLICE DEPT,1005-00-073-9421,"RIFLE,5.56 MILLIMETER",1,Each,499,D,1,2007-06-26 00:00:00
IL,WILLIAMSVILLE POLICE DEPT,1005-01-128-9936,"RIFLE,5.56 MILLIMETER",1,Each,749,D,1,2014-09-29 00:00:00
IL,WILLIAMSVILLE POLICE DEPT,1005-01-128-9936,"RIFLE,5.56 MILLIMETER",1,Each,749,D,1,2014-09-29 00:00:00
IL,WILLIAMSVILLE POLICE DEPT,1005-01-128-9936,"RIFLE,5.56 MILLIMETER",1,Each,749,D,1,2014-09-29 00:00:00
IL,WILLIAMSVILLE POLICE DEPT,1005-00-589-1271,"RIFLE,7.62 MILLIMETER",1,Each,138,D,1,2001-01-23 00:00:00
IL,WILLISVILLE POLICE DEPT,5895-01-540-4543,"COMPUTER,LAPTOP    ",1,Each,2262,D,1,2010-09-16 00:00:00
IL,WILLISVILLE POLICE DEPT,5895-01-540-4543,"COMPUTER,LAPTOP    ",1,Each,2262,D,1,2010-09-16 00:00:00
IL,WILLISVILLE POLICE DEPT,1005-00-589-1271,"RIFLE,7.62 MILLIMETER",1,Each,138,D,1,1999-04-06 00:00:00
IL,WILLISVILLE POLICE DEPT,1240-01-411-1265,"SIGHT,REFLEX",2,Each,315,D,1,2010-10-01 00:00:00
IL,WILLOW SPRINGS POLICE DEPT,1005-00-073-9421,"RIFLE,5.56 MILLIMETER",1,Each,499,D,1,2008-02-25 00:00:00
IL,WILLOW SPRINGS POLICE DEPT,1005-00-073-9421,"RIFLE,5.56 MILLIMETER",1,Each,499,D,1,2008-02-25 00:00:00
IL,WILLOW SPRINGS POLICE DEPT,1005-00-073-9421,"RIFLE,5.56 MILLIMETER",1,Each,499,D,1,2008-02-25 00:00:00
IL,WILMETTE POLICE DEPT,1240-01-490-7308,"SIGHT,REFLEX",10,Each,1170.55,D,1,2011-12-03 00:00:00
IL,WILMINGTON POLICE DEPT,1005-00-073-9421,"RIFLE,5.56 MILLIMETER",1,Each,499,D,1,2006-04-28 00:00:00
IL,WILMINGTON POLICE DEPT,1005-00-073-9421,"RIFLE,5.56 MILLIMETER",1,Each,499,D,1,2006-04-28 00:00:00
IL,WILMINGTON POLICE DEPT,1005-00-073-9421,"RIFLE,5.56 MILLIMETER",1,Each,499,D,1,2003-08-26 00:00:00
IL,WILMINGTON POLICE DEPT,1005-00-073-9421,"RIFLE,5.56 MILLIMETER",1,Each,499,D,1,2003-08-26 00:00:00
IL,WILMINGTON POLICE DEPT,1005-00-073-9421,"RIFLE,5.56 MILLIMETER",1,Each,499,D,1,2003-08-26 00:00:00
IL,WILMINGTON POLICE DEPT,1005-00-073-9421,"RIFLE,5.56 MILLIMETER",1,Each,499,D,1,2003-08-26 00:00:00
IL,WILMINGTON POLICE DEPT,1005-00-073-9421,"RIFLE,5.56 MILLIMETER",1,Each,499,D,1,2002-08-16 00:00:00
IL,WILMINGTON POLICE DEPT,1005-00-073-9421,"RIFLE,5.56 MILLIMETER",1,Each,499,D,1,2002-08-16 00:00:00
IL,WILMINGTON POLICE DEPT,1005-00-073-9421,"RIFLE,5.56 MILLIMETER",1,Each,499,D,1,2002-08-16 00:00:00
IL,WILMINGTON POLICE DEPT,1005-00-073-9421,"RIFLE,5.56 MILLIMETER",1,Each,499,D,1,2006-04-28 00:00:00
IL,WILMINGTON POLICE DEPT,1005-00-589-1271,"RIFLE,7.62 MILLIMETER",1,Each,138,D,1,1995-08-28 00:00:00
IL,WILMINGTON POLICE DEPT,1005-00-589-1271,"RIFLE,7.62 MILLIMETER",1,Each,138,D,1,1995-08-28 00:00:00
IL,WILMINGTON POLICE DEPT,1005-00-589-1271,"RIFLE,7.62 MILLIMETER",1,Each,138,D,1,1995-08-28 00:00:00
IL,WILMINGTON POLICE DEPT,1005-00-073-9421,"RIFLE,5.56 MILLIMETER",1,Each,499,D,1,2002-08-16 00:00:00
IL,WILMINGTON POLICE DEPT,1005-00-073-9421,"RIFLE,5.56 MILLIMETER",1,Each,499,D,1,2002-08-16 00:00:00
IL,WILMINGTON POLICE DEPT,1005-00-073-9421,"RIFLE,5.56 MILLIMETER",1,Each,499,D,1,2002-08-16 00:00:00
IL,WILMINGTON POLICE DEPT,1005-00-073-9421,"RIFLE,5.56 MILLIMETER",1,Each,499,D,1,2002-08-16 00:00:00
IL,WILMINGTON POLICE DEPT,1005-00-073-9421,"RIFLE,5.56 MILLIMETER",1,Each,499,D,1,2003-08-26 00:00:00
IL,WILMINGTON POLICE DEPT,1005-00-073-9421,"RIFLE,5.56 MILLIMETER",1,Each,499,D,1,2003-08-26 00:00:00
IL,WILMINGTON POLICE DEPT,1005-00-589-1271,"RIFLE,7.62 MILLIMETER",1,Each,138,D,1,1995-08-28 00:00:00
IL,WILMINGTON POLICE DEPT,1005-00-589-1271,"RIFLE,7.62 MILLIMETER",1,Each,138,D,1,1995-08-28 00:00:00
IL,WILMINGTON POLICE DEPT,1005-00-073-9421,"RIFLE,5.56 MILLIMETER",1,Each,499,D,1,2002-08-16 00:00:00
IL,WILMINGTON POLICE DEPT,1005-00-073-9421,"RIFLE,5.56 MILLIMETER",1,Each,499,D,1,2003-08-26 00:00:00
IL,WINCHESTER POLICE DEPT,1005-01-128-9936,"RIFLE,5.56 MILLIMETER",1,Each,749,D,1,2014-09-23 00:00:00
IL,WINCHESTER POLICE DEPT,1005-01-128-9936,"RIFLE,5.56 MILLIMETER",1,Each,749,D,1,2014-09-23 00:00:00
IL,WINCHESTER POLICE DEPT,1005-01-128-9936,"RIFLE,5.56 MILLIMETER",1,Each,749,D,1,2014-09-23 00:00:00
IL,WINCHESTER POLICE DEPT,1005-01-128-9936,"RIFLE,5.56 MILLIMETER",1,Each,749,D,1,2014-09-23 00:00:00
IL,WINCHESTER POLICE DEPT,1005-00-589-1271,"RIFLE,7.62 MILLIMETER",1,Each,138,D,1,2002-11-05 00:00:00
IL,WINCHESTER POLICE DEPT,1005-01-128-9936,"RIFLE,5.56 MILLIMETER",1,Each,749,D,1,2014-09-23 00:00:00
IL,WINFIELD POLICE DEPT,1005-00-073-9421,"RIFLE,5.56 MILLIMETER",1,Each,499,D,1,2006-06-08 00:00:00
IL,WINFIELD POLICE DEPT,1005-00-073-9421,"RIFLE,5.56 MILLIMETER",1,Each,499,D,1,2004-09-07 00:00:00
IL,WINFIELD POLICE DEPT,1005-00-073-9421,"RIFLE,5.56 MILLIMETER",1,Each,499,D,1,2006-06-08 00:00:00
IL,WINFIELD POLICE DEPT,1005-00-589-1271,"RIFLE,7.62 MILLIMETER",1,Each,138,D,1,2006-06-12 00:00:00
IL,WINFIELD POLICE DEPT,1005-00-073-9421,"RIFLE,5.56 MILLIMETER",1,Each,499,D,1,2004-09-07 00:00:00
IL,WINFIELD POLICE DEPT,1005-00-589-1271,"RIFLE,7.62 MILLIMETER",1,Each,138,D,1,2006-06-12 00:00:00
IL,WINFIELD POLICE DEPT,1005-00-589-1271,"RIFLE,7.62 MILLIMETER",1,Each,138,D,1,2006-06-12 00:00:00
IL,WINNETKA POLICE DEPT,1005-00-589-1271,"RIFLE,7.62 MILLIMETER",1,Each,138,D,1,2009-05-27 00:00:00
IL,WINNETKA POLICE DEPT,2540-01-545-2765,BALLISTIC BLANKET  ,1,Each,4661.6,D,1,2013-07-19 00:00:00
IL,WINNETKA POLICE DEPT,1005-00-589-1271,"RIFLE,7.62 MILLIMETER",1,Each,138,D,1,2009-05-27 00:00:00
IL,WINNETKA POLICE DEPT,1005-00-589-1271,"RIFLE,7.62 MILLIMETER",1,Each,138,D,1,2009-05-27 00:00:00
IL,WINNETKA POLICE DEPT,1005-00-589-1271,"RIFLE,7.62 MILLIMETER",1,Each,138,D,1,2009-05-27 00:00:00
IL,WINSLOW POLICE DEPT,2320-01-107-7156,"TRUCK,UTILITY",1,Each,43376,Q,6,2014-03-05 00:00:00
IL,WINSLOW POLICE DEPT,2320-01-128-9551,"TRUCK,UTILITY",1,Each,50458,C,1,2014-03-05 00:00:00
IL,WINTHROP HARBOR POLICE DEPT,1615-01-185-3069,"PLATE ASSY,UPPER   ",1,Each,2246,B,3,2015-05-08 00:00:00
IL,WINTHROP HARBOR POLICE DEPT,1615-01-185-8865,"SPRING,PITCH RESTRA",4,Each,1618.73,B,3,2015-05-08 00:00:00
IL,WINTHROP HARBOR POLICE DEPT,1615-01-185-8926,"NUT,MAST,TAIL ROTOR",1,Each,340.2,Q,6,2015-06-03 00:00:00
IL,WINTHROP HARBOR POLICE DEPT,1615-00-125-4086,"CLEVIS,IDLER CONTRO",6,Each,1238.74,B,3,2015-06-16 00:00:00
IL,WINTHROP HARBOR POLICE DEPT,1615-01-185-8862,"BRACKET,MAGNETIC PI",2,Each,101.26,Q,6,2015-05-06 00:00:00
IL,WINTHROP HARBOR POLICE DEPT,1615-01-214-9163,"DRIVESHAFT ASSY,TAI",6,Each,1750.99,B,3,2015-04-23 00:00:00
IL,WINTHROP HARBOR POLICE DEPT,1615-00-085-3887,PITCH HORN ASSEMBLY,1,Each,1393.12,B,3,2015-09-22 00:00:00
IL,WINTHROP HARBOR POLICE DEPT,1615-00-624-5151,"RESERVOIR,TRUNNION,MAIN ROTOR",1,Each,53.59,B,3,2015-09-12 00:00:00
IL,WINTHROP HARBOR POLICE DEPT,1615-00-975-7131,"DISK,INDICATOR,OIL ",10,Each,28.95,B,3,2015-07-28 00:00:00
IL,WINTHROP HARBOR POLICE DEPT,1615-01-138-2588,"BELLMOUTH ASSY,SEAL",1,Each,3851.27,B,3,2015-07-21 00:00:00
IL,WINTHROP HARBOR POLICE DEPT,1615-01-332-7667,"GEARBOX,TAILROTOR  ",1,Each,76936,C,1,2015-08-26 00:00:00
IL,WINTHROP HARBOR POLICE DEPT,1615-00-497-1967,"WEIGHT,ROTARY WING BLADE",20,Each,201.99,B,3,2015-09-13 00:00:00
IL,WINTHROP HARBOR POLICE DEPT,1615-00-837-1790,"PISTON,VALVE,RETURN",3,Each,322.92,B,3,2015-09-12 00:00:00
IL,WINTHROP HARBOR POLICE DEPT,1615-01-185-3071,DRIVE RING SET     ,2,Each,3268.99,B,3,2015-05-08 00:00:00
IL,WINTHROP HARBOR POLICE DEPT,1615-01-164-8107,"CONE SET,UPPER,MAIN",6,Set,2467.08,B,3,2015-04-23 00:00:00
IL,WINTHROP HARBOR POLICE DEPT,1615-01-270-2980,"FITTING ASSEMBLY,RH",7,Each,3796.17,Q,6,2015-06-02 00:00:00
IL,WINTHROP HARBOR POLICE DEPT,1615-01-257-1428,"RING ASSY,OUTER SWA",3,Each,5296.59,Q,3,2015-05-08 00:00:00
IL,WINTHROP HARBOR POLICE DEPT,1615-01-257-1428,"RING ASSY,OUTER SWA",3,Each,5296.59,Q,3,2015-05-08 00:00:00
IL,WINTHROP HARBOR POLICE DEPT,1615-01-185-3087,"SHAFT ASSY,FWD-TAIL",1,Each,9083,Q,3,2015-06-08 00:00:00
IL,WINTHROP HARBOR POLICE DEPT,1615-00-970-1259,"HUB ASSEMBLY,COLLEC",6,Each,1176.97,B,3,2015-04-15 00:00:00
IL,WINTHROP HARBOR POLICE DEPT,1615-01-187-4610,"HUB,ROTOR,HELICOPTER",6,Set,1788.29,B,3,2015-03-25 00:00:00
IL,WINTHROP HARBOR POLICE DEPT,1615-01-164-3850,"LEVER ASSY,COLLECTI",5,Each,2575,B,3,2015-03-30 00:00:00
IL,WINTHROP HARBOR POLICE DEPT,1615-00-830-9740,"LEVER ASSEMBLY,STAB",6,Each,3926.46,B,3,2015-03-26 00:00:00
IL,WINTHROP HARBOR POLICE DEPT,1615-01-256-8196,PITCH HORN ASSEMBLY,1,Each,3191.34,B,3,2015-03-25 00:00:00
IL,WINTHROP HARBOR POLICE DEPT,1615-01-256-8196,PITCH HORN ASSEMBLY,1,Each,3191.34,B,3,2015-03-25 00:00:00
IL,WINTHROP HARBOR POLICE DEPT,1615-01-256-8196,PITCH HORN ASSEMBLY,1,Each,3191.34,B,3,2015-03-25 00:00:00
IL,WINTHROP HARBOR POLICE DEPT,1615-01-256-8196,PITCH HORN ASSEMBLY,1,Each,3191.34,B,3,2015-03-25 00:00:00
IL,WINTHROP HARBOR POLICE DEPT,1615-00-875-7999,SLEEVE ASSEMBLY    ,2,Each,11736.69,B,3,2015-03-25 00:00:00
IL,WINTHROP HARBOR POLICE DEPT,1615-01-195-6247,"CAP ASSY,RESTRAINT ",2,Each,542.97,B,3,2015-03-27 00:00:00
IL,WINTHROP HARBOR POLICE DEPT,8475-01-387-6711,"HELMET,FLYERS",1,Each,958.64,D,7,2014-11-19 00:00:00
IL,WINTHROP HARBOR POLICE DEPT,1615-01-256-8196,PITCH HORN ASSEMBLY,1,Each,3191.34,B,3,2015-03-25 00:00:00
IL,WINTHROP HARBOR POLICE DEPT,1615-00-451-7234,"ADAPTER,DRIVESHAFT ",6,Each,4474.24,B,3,2015-03-31 00:00:00
IL,WINTHROP HARBOR POLICE DEPT,1615-00-239-3808,"SUPPORT ASSY,WEIGHT",6,Each,275.93,B,3,2015-03-25 00:00:00
IL,WINTHROP HARBOR POLICE DEPT,1615-01-498-8132,"REPAIR KIT,INPUTQUILL",6,Kit,499.39,B,3,2015-03-25 00:00:00
IL,WINTHROP HARBOR POLICE DEPT,1615-00-856-3919,"SUPPORT ASSEMBLY,SW",3,Each,802.61,B,3,2011-09-06 00:00:00
IL,WINTHROP HARBOR POLICE DEPT,1005-00-073-9421,"RIFLE,5.56 MILLIMETER",1,Each,499,D,1,2005-04-05 00:00:00
IL,WINTHROP HARBOR POLICE DEPT,1520-01-020-4216,"HELICOPTER,OBSERVATION",1,Each,190817,C,1,2011-01-10 00:00:00
IL,WINTHROP HARBOR POLICE DEPT,1615-01-167-1675,"LEVER ASSY,COLLECTI",3,Each,8113.56,B,3,2015-06-19 00:00:00
IL,WINTHROP HARBOR POLICE DEPT,1615-01-270-2980,"FITTING ASSEMBLY,RH",6,Each,3796.17,Q,6,2015-06-18 00:00:00
IL,WINTHROP HARBOR POLICE DEPT,1615-01-164-3850,"LEVER ASSY,COLLECTI",1,Each,2575,B,3,2015-06-02 00:00:00
IL,WINTHROP HARBOR POLICE DEPT,1615-01-185-8932,"PITCH LINK,TAIL ROT",1,Each,270.28,Q,6,2015-06-08 00:00:00
IL,WINTHROP HARBOR POLICE DEPT,1615-01-164-8083,"LINK ASSY,COLLECTIV",4,Each,374.44,B,3,2015-05-08 00:00:00
IL,WINTHROP HARBOR POLICE DEPT,1615-01-164-8109,BEARING AND LINER A,4,Each,285.37,Q,6,2015-05-08 00:00:00
IL,WINTHROP HARBOR POLICE DEPT,1615-01-185-8946,"ADAPTER,ANTIBACKLAS",4,Each,1159.78,Q,3,2015-05-08 00:00:00
IL,WINTHROP HARBOR POLICE DEPT,1615-01-171-3861,"LINK ASSY,ANTIDRIVE,MAIN ROTOR",7,Each,1033.85,Q,6,2015-06-19 00:00:00
IL,WINTHROP HARBOR POLICE DEPT,1615-01-226-7514,"PLATE ASSY,LOWER   ",1,Each,3198,Q,3,2015-06-03 00:00:00
IL,WINTHROP HARBOR POLICE DEPT,1615-01-046-2300,"WEIGHT,ROTOR BLADE ",20,Each,83.63,B,3,2015-09-12 00:00:00
IL,WINTHROP HARBOR POLICE DEPT,1615-00-798-3642,"SHAFT,OIL PUMP     ",3,Each,326.82,B,3,2015-09-01 00:00:00
IL,WINTHROP HARBOR POLICE DEPT,1615-01-305-6417,FITTING            ,6,Each,560.39,B,3,2015-04-20 00:00:00
IL,WINTHROP HARBOR POLICE DEPT,1615-01-498-8232,"REPAIR KIT,TOP CASE",4,Kit,407.58,B,3,2015-04-20 00:00:00
IL,WINTHROP HARBOR POLICE DEPT,1615-00-970-1259,"HUB ASSEMBLY,COLLEC",6,Each,1176.97,B,3,2015-04-20 00:00:00
IL,WINTHROP HARBOR POLICE DEPT,1615-01-164-8107,"CONE SET,UPPER,MAIN",1,Set,2467.08,B,3,2015-05-20 00:00:00
IL,WINTHROP HARBOR POLICE DEPT,1615-01-214-9167,"GEARBOX ASSY,T R 90",15,Each,9923,D,7,2015-08-05 00:00:00
IL,WINTHROP HARBOR POLICE DEPT,1615-00-070-1130,"DAMPER ASSEMBLY,TRA",1,Each,6972,B,3,2015-04-20 00:00:00
IL,WINTHROP HARBOR POLICE DEPT,2010-00-540-7689,"PROPELLER,MARINE",2,Each,4276.6,B,3,2011-09-20 00:00:00
IL,WINTHROP HARBOR POLICE DEPT,5855-01-519-0337,FORWARD LOOKING INFRARED IMAGING SYSTEM,1,Each,495088.35,D,1,2011-08-24 00:00:00
IL,WINTHROP HARBOR POLICE DEPT,6220-01-194-2961,"PANEL,INDICATING,LIGHT TRANSMITTING",15,Each,334.75,B,3,2011-09-09 00:00:00
IL,WINTHROP HARBOR POLICE DEPT,1615-01-498-8075,"REPAIR KIT,N-SC SLEEVE",4,Kit,50.75,B,3,2011-08-03 00:00:00
IL,WINTHROP HARBOR POLICE DEPT,1615-01-172-5027,"SLEEVE,RETAINING GE",1,Each,1385.03,B,3,2011-09-07 00:00:00
IL,WINTHROP HARBOR POLICE DEPT,6695-00-962-2524,"LIGHT,INSTRUMENT",10,Each,18.17,B,3,2011-08-05 00:00:00
IL,WINTHROP HARBOR POLICE DEPT,6660-00-223-5073,"BAROMETER,ANEROID",1,Each,2239,B,3,2011-08-03 00:00:00
IL,WINTHROP HARBOR POLICE DEPT,6230-01-291-7497,"CANOPY ASSEMBLY,SEARCHLIGHT",10,Each,678.22,B,3,2011-07-16 00:00:00
IL,WINTHROP HARBOR POLICE DEPT,1615-00-856-3919,"SUPPORT ASSEMBLY,SW",5,Each,802.61,B,3,2011-09-06 00:00:00
IL,WINTHROP HARBOR POLICE DEPT,4240-01-411-0554,REGULATOR ASSEMBLY ,32,Each,312.91,B,3,2011-06-24 00:00:00
IL,WINTHROP HARBOR POLICE DEPT,4930-01-471-0178,"DRAINING KIT,FUEL",2,Each,1351.01,B,3,2011-08-03 00:00:00
IL,WINTHROP HARBOR POLICE DEPT,1615-01-172-5027,"SLEEVE,RETAINING GE",3,Each,1385.03,B,3,2011-09-07 00:00:00
IL,WINTHROP HARBOR POLICE DEPT,2810-01-243-8852,"BAFFLE ASSY,HYD PUM",4,Each,593.67,B,3,2011-09-14 00:00:00
IL,WINTHROP HARBOR POLICE DEPT,1615-01-163-4513,"COVER,MAIN TRANSMIS",4,Each,120.67,B,3,2011-09-07 00:00:00
IL,WINTHROP HARBOR POLICE DEPT,1615-01-498-8243,"PARTS KIT,GEARBOX",4,Kit,720.87,B,3,2011-08-03 00:00:00
IL,WINTHROP HARBOR POLICE DEPT,1615-00-765-2407,"PLATE,COUPLING RETAINER",4,Each,9.35,B,3,2011-09-22 00:00:00
IL,WINTHROP HARBOR POLICE DEPT,1560-00-980-9545,"SUPPORT,CYCLIC CONTROLS",3,Each,352.43,B,3,2011-07-26 00:00:00
IL,WINTHROP HARBOR POLICE DEPT,4920-01-279-4199,"BALANCE KIT,ROTOR  ",1,Each,27411.55,B,3,2011-09-07 00:00:00
IL,WINTHROP HARBOR POLICE DEPT,1615-01-163-4513,"COVER,MAIN TRANSMIS",5,Each,120.67,B,3,2011-09-07 00:00:00
IL,WINTHROP HARBOR POLICE DEPT,2520-01-117-3014,"AXLE ASSEMBLY,AUTOMOTIVE,DRIVING",2,Each,5532,B,3,2011-09-16 00:00:00
IL,WINTHROP HARBOR POLICE DEPT,4020-01-211-8382,"KIT,RECOVERY,MED   ",1,Each,1158,B,3,2011-09-15 00:00:00
IL,WINTHROP HARBOR POLICE DEPT,1560-00-075-3383,"SUPPORT,TAIL BOOM ANTENNA",2,Each,45.5,B,3,2011-08-31 00:00:00
IL,WINTHROP HARBOR POLICE DEPT,5130-01-189-8135,"YOKE,RIVETER       ",1,Each,273.2,B,3,2011-09-07 00:00:00
IL,WINTHROP HARBOR POLICE DEPT,8475-01-190-8165,JAW RECEIVER       ,10,Each,11.51,B,3,2011-09-18 00:00:00
IL,WINTHROP HARBOR POLICE DEPT,6220-01-260-2294,"LIGHT,COCKPIT,AIRCRAFT",2,Each,913.13,Q,3,2011-08-27 00:00:00
IL,WINTHROP HARBOR POLICE DEPT,2540-01-373-2541,"CONVERSION KIT,VAN TRUCK",2,Each,2478,B,3,2011-09-16 00:00:00
IL,WINTHROP HARBOR POLICE DEPT,1615-01-498-8073,"REPAIR KIT,CH47-D-COM",1,Kit,2186.64,B,3,2011-08-03 00:00:00
IL,WINTHROP HARBOR POLICE DEPT,1615-01-498-7991,"REPAIR KIT,ELECWIRI",4,Kit,1692.21,B,3,2011-08-03 00:00:00
IL,WINTHROP HARBOR POLICE DEPT,1615-01-257-1427,"RING ASSY,INNER SWA",2,Each,3747.52,Q,3,2015-05-08 00:00:00
IL,WINTHROP HARBOR POLICE DEPT,1615-01-273-7395,"SHAFT ASSY,HYDRAULI",4,Each,1072.08,Q,6,2015-08-26 00:00:00
IL,WINTHROP HARBOR POLICE DEPT,1615-00-787-4253,"PLATE,QUILL ASSEMBLY",6,Each,1.79,B,3,2015-04-20 00:00:00
IL,WINTHROP HARBOR POLICE DEPT,1615-01-150-0028,"TRUNNION ASSEMBLY,TAIL ROTOR",6,Each,2071.29,B,3,2015-04-23 00:00:00
IL,WINTHROP HARBOR POLICE DEPT,1615-00-898-6888,SPROCKET ASSEMBLY  ,1,Each,674.8,B,3,2015-04-20 00:00:00
IL,WINTHROP HARBOR POLICE DEPT,1615-01-332-7667,"GEARBOX,TAILROTOR  ",6,Each,76936,C,1,2015-04-23 00:00:00
IL,WINTHROP HARBOR POLICE DEPT,1615-00-780-2661,"CAP ASSEMBLY,THRUST",6,Each,260.74,B,3,2015-06-23 00:00:00
IL,WINTHROP HARBOR POLICE DEPT,1615-00-240-6457,SLEEVE ASSY        ,2,Each,6042.13,Q,3,2015-06-23 00:00:00
IL,WINTHROP HARBOR POLICE DEPT,1615-01-498-8827,"REPAIR KIT,FUELSYST",2,Kit,331.2,B,3,2015-04-20 00:00:00
IL,WINTHROP HARBOR POLICE DEPT,1615-01-029-4913,"STABILIZER TUBE,ROTARY WING",6,Each,6146.93,B,3,2015-04-20 00:00:00
IL,WINTHROP HARBOR POLICE DEPT,1615-01-226-7517,"CONE,LOWER,MAIN ROT",1,Each,2349.11,B,3,2015-05-20 00:00:00
IL,WINTHROP HARBOR POLICE DEPT,1615-01-185-8947,"SLEEVE,SPRING-ANTI-",1,Each,2011.3,Q,3,2015-06-03 00:00:00
IL,WINTHROP HARBOR POLICE DEPT,1615-01-185-8932,"PITCH LINK,TAIL ROT",1,Each,270.28,Q,6,2015-06-03 00:00:00
IL,WINTHROP HARBOR POLICE DEPT,1615-01-185-8932,"PITCH LINK,TAIL ROT",1,Each,270.28,Q,6,2015-06-03 00:00:00
IL,WINTHROP HARBOR POLICE DEPT,1615-00-944-7287,"ADAPTER,CAP ASSEMBL",8,Each,405.55,B,3,2015-09-13 00:00:00
IL,WINTHROP HARBOR POLICE DEPT,1615-01-236-9778,"CAP ASSY,OUTER     ",3,Each,1323,B,3,2015-07-27 00:00:00
IL,WINTHROP HARBOR POLICE DEPT,1615-00-172-4519,"TRUNNION SET ASSEMBLY,TAIL ROTOR",2,Set,2937.5,B,3,2015-04-20 00:00:00
IL,WINTHROP HARBOR POLICE DEPT,1615-01-236-9761,GIMBLE ASSEMBLY    ,7,Each,725.4,B,3,2015-06-30 00:00:00
IL,WINTHROP HARBOR POLICE DEPT,1615-01-167-1675,"LEVER ASSY,COLLECTI",3,Each,8113.56,B,3,2015-06-19 00:00:00
IL,WINTHROP HARBOR POLICE DEPT,1615-01-185-8947,"SLEEVE,SPRING-ANTI-",4,Each,2011.3,Q,3,2015-05-08 00:00:00
IL,WINTHROP HARBOR POLICE DEPT,1615-00-624-5245,"SCREEN ASSY,PUMP INLET",5,Each,101.48,B,3,2015-06-09 00:00:00
IL,WINTHROP HARBOR POLICE DEPT,1615-00-624-5245,"SCREEN ASSY,PUMP INLET",2,Each,101.48,B,3,2015-06-10 00:00:00
IL,WINTHROP HARBOR POLICE DEPT,1615-01-184-1756,"SHAFT ASSY,SEGMENTE",1,Each,8442,Q,3,2015-05-08 00:00:00
IL,WINTHROP HARBOR POLICE DEPT,1615-01-185-3072,"DAMPER,HUB,MAIN RO ",4,Each,3745.37,Q,3,2015-05-08 00:00:00
IL,WINTHROP HARBOR POLICE DEPT,1615-01-167-1675,"LEVER ASSY,COLLECTI",1,Each,8113.56,B,3,2015-06-02 00:00:00
IL,WINTHROP HARBOR POLICE DEPT,1615-00-128-1663,"HOUSING ASSY,NOZZLE",1,Each,2513.64,B,3,2015-06-10 00:00:00
IL,WINTHROP HARBOR POLICE DEPT,1615-01-185-8926,"NUT,MAST,TAIL ROTOR",1,Each,340.2,Q,6,2015-05-20 00:00:00
IL,WINTHROP HARBOR POLICE DEPT,1615-01-184-6135,"SHAFT,FAN,TAILROTO ",2,Each,7049.19,Q,6,2015-05-27 00:00:00
IL,WINTHROP HARBOR POLICE DEPT,1615-01-185-8926,"NUT,MAST,TAIL ROTOR",5,Each,340.2,Q,6,2015-05-27 00:00:00
IL,WINTHROP HARBOR POLICE DEPT,1615-01-275-2164,"RING ASSEMBLY,GIMBA",2,Each,771,B,3,2015-08-26 00:00:00
IL,WINTHROP HARBOR POLICE DEPT,1615-00-760-3313,"QUILL ASSEMBLY,GEAR",1,Each,28550.02,B,3,2015-08-22 00:00:00
IL,WINTHROP HARBOR POLICE DEPT,1615-01-236-9653,"BRACKET-FWD,TAIL RO",1,Each,1246.47,Q,6,2015-06-03 00:00:00
IL,WINTHROP HARBOR POLICE DEPT,1615-01-185-8924,"SUPPORT,COUNTERWEIG",1,Each,4286.73,B,3,2015-06-03 00:00:00
IL,WINTHROP HARBOR POLICE DEPT,1615-01-173-5715,"YOKE ASSY,TAIL ROTO",3,Each,11321,B,3,2015-05-28 00:00:00
IL,WINTHROP HARBOR POLICE DEPT,1615-01-498-8913,"REPAIR KIT,ELEVATR ",1,Kit,137.4,B,3,2015-04-20 00:00:00
IL,WINTHROP HARBOR POLICE DEPT,1615-01-214-9163,"DRIVESHAFT ASSY,TAI",4,Each,1750.99,B,3,2015-04-23 00:00:00
IL,WINTHROP HARBOR POLICE DEPT,3920-01-327-6831,"TRUCK,HAND",1,Each,11435,B,3,2011-09-07 00:00:00
IL,WINTHROP HARBOR POLICE DEPT,1615-01-160-3498,"SPACER,CLUTCH,ACCES",4,Each,33.8,B,3,2011-09-07 00:00:00
IL,WINTHROP HARBOR POLICE DEPT,1615-01-160-3498,"SPACER,CLUTCH,ACCES",2,Each,33.8,B,3,2011-09-07 00:00:00
IL,WINTHROP HARBOR POLICE DEPT,1615-01-498-8895,"REPAIR KIT,SHEET ME",1,Kit,2838.48,B,3,2011-09-07 00:00:00
IL,WINTHROP HARBOR POLICE DEPT,1615-01-498-8057,"REPAIR KIT,FWD-PYLON",1,Kit,185.53,B,3,2011-09-07 00:00:00
IL,WINTHROP HARBOR POLICE DEPT,8415-01-442-1991,"VEST,SURVIVAL",3,Each,300.28,Q,3,2011-08-20 00:00:00
IL,WINTHROP HARBOR POLICE DEPT,1560-00-075-3383,"SUPPORT,TAIL BOOM ANTENNA",1,Each,45.5,B,3,2011-08-31 00:00:00
IL,WINTHROP HARBOR POLICE DEPT,1615-01-498-8086,"REPAIR KIT,N-SWASHPLT",4,Kit,343.4,B,3,2011-08-03 00:00:00
IL,WINTHROP HARBOR POLICE DEPT,1615-01-498-8095,"REPAIR KIT,H-INPQLN4T",4,Kit,39,B,3,2011-08-03 00:00:00
IL,WINTHROP HARBOR POLICE DEPT,1615-01-498-8119,"PARTS KIT,GEARBOX",4,Kit,1611,B,3,2011-08-03 00:00:00
IL,WINTHROP HARBOR POLICE DEPT,1615-01-498-8132,"REPAIR KIT,INPUTQUILL",1,Kit,499.39,B,3,2011-08-03 00:00:00
IL,WINTHROP HARBOR POLICE DEPT,1615-01-498-8246,"PARTS KIT,GEARBOX",2,Kit,4313.07,B,3,2011-08-03 00:00:00
IL,WINTHROP HARBOR POLICE DEPT,6610-00-435-8932,"INDICATOR,VERTICAL VELOCITY",5,Each,1403,B,3,2011-08-03 00:00:00
IL,WINTHROP HARBOR POLICE DEPT,6610-00-620-3802,"INDICATOR,TURN AND SLIP",1,Each,2367,B,3,2011-08-03 00:00:00
IL,WINTHROP HARBOR POLICE DEPT,6610-00-620-3802,"INDICATOR,TURN AND SLIP",1,Each,2367,B,3,2011-08-03 00:00:00
IL,WINTHROP HARBOR POLICE DEPT,6610-00-620-3802,"INDICATOR,TURN AND SLIP",1,Each,2367,B,3,2011-08-03 00:00:00
IL,WINTHROP HARBOR POLICE DEPT,1680-01-226-5180,COLLECTIVE LEVER   ,1,Each,2778,B,3,2011-07-28 00:00:00
IL,WINTHROP HARBOR POLICE DEPT,2840-00-452-1376,TURBINE COMBUSTOR A,1,Each,16386,C,1,2011-06-24 00:00:00
IL,WINTHROP HARBOR POLICE DEPT,6230-01-291-7497,"CANOPY ASSEMBLY,SEARCHLIGHT",2,Each,678.22,B,3,2011-07-16 00:00:00
IL,WINTHROP HARBOR POLICE DEPT,1670-00-391-8589,"SHELL,CONTAINER,TOP",3,Each,14076.5,B,3,2011-07-14 00:00:00
IL,WINTHROP HARBOR POLICE DEPT,5821-01-076-2247,"CONTROL,RADIO SET",3,Each,1494.58,D,,2011-07-13 00:00:00
IL,WINTHROP HARBOR POLICE DEPT,5895-01-333-2097,"TRACKBALL,DATA ENTRY",1,Each,497.22,Q,3,2011-07-26 00:00:00
IL,WINTHROP HARBOR POLICE DEPT,2840-00-943-2375,"CHAMBER,COMBUSTION,AIRCRAFT GAS TURBINE ENGINE",1,Each,2608,B,3,2011-06-24 00:00:00
IL,WINTHROP HARBOR POLICE DEPT,6610-01-520-6614,"INCLINOMETER,AIRCRAFT",5,Each,100,B,3,2011-07-20 00:00:00
IL,WINTHROP HARBOR POLICE DEPT,6610-00-435-8932,"INDICATOR,VERTICAL VELOCITY",2,Each,1403,B,3,2011-07-20 00:00:00
IL,WINTHROP HARBOR POLICE DEPT,6605-01-303-3787,"COMPASS,MAGNETIC,MOUNTED",1,Each,1350.97,B,3,2011-07-20 00:00:00
IL,WINTHROP HARBOR POLICE DEPT,1615-01-034-0973,"BLOWER UNIT,ROTARY ",1,Each,37842.77,B,3,2011-07-19 00:00:00
IL,WINTHROP HARBOR POLICE DEPT,8415-01-394-6474,"HELMET,FLYERS",2,Each,889.78,B,3,2011-07-17 00:00:00
IL,WINTHROP HARBOR POLICE DEPT,1615-00-133-6153,"FLANGE,DUCT OIL COO",6,Each,159.81,B,3,2015-03-28 00:00:00
IL,WINTHROP HARBOR POLICE DEPT,1615-00-482-2539,"BALANCE WHEEL,ROTOR",6,Each,163.59,B,3,2015-03-26 00:00:00
IL,WINTHROP HARBOR POLICE DEPT,1615-01-187-4610,"HUB,ROTOR,HELICOPTER",6,Set,1788.29,B,3,2015-03-28 00:00:00
IL,WINTHROP HARBOR POLICE DEPT,1615-01-256-8196,PITCH HORN ASSEMBLY,1,Each,3191.34,B,3,2015-03-25 00:00:00
IL,WINTHROP HARBOR POLICE DEPT,1615-01-185-8932,"PITCH LINK,TAIL ROT",12,Each,270.28,Q,6,2015-03-26 00:00:00
IL,WINTHROP HARBOR POLICE DEPT,1615-01-236-9778,"CAP ASSY,OUTER     ",6,Each,1323,B,3,2015-03-26 00:00:00
IL,WINTHROP HARBOR POLICE DEPT,1520-00-169-7137,"HELICOPTER,OBSERVATION",1,Each,92290,C,1,2014-05-20 00:00:00
IL,WINTHROP HARBOR POLICE DEPT,1520-00-169-7137,"HELICOPTER,OBSERVATION",1,Each,92290,C,1,2014-05-20 00:00:00
IL,WINTHROP HARBOR POLICE DEPT,1615-01-029-4913,"STABILIZER TUBE,ROTARY WING",2,Each,6146.93,B,3,2011-08-27 00:00:00
IL,WINTHROP HARBOR POLICE DEPT,1615-01-498-8131,"REPAIR KIT,MAININPUTQ",3,Kit,60.38,B,3,2011-08-03 00:00:00
IL,WINTHROP HARBOR POLICE DEPT,6220-01-316-1841,STROBE LIGHT ASSEMBLY,1,Each,33604.98,B,3,2011-08-27 00:00:00
IL,WINTHROP HARBOR POLICE DEPT,1615-01-163-4513,"COVER,MAIN TRANSMIS",1,Each,120.67,B,3,2011-09-07 00:00:00
IL,WINTHROP HARBOR POLICE DEPT,4920-01-279-4199,"BALANCE KIT,ROTOR  ",1,Each,27411.55,B,3,2011-09-07 00:00:00
IL,WINTHROP HARBOR POLICE DEPT,1615-01-164-3850,"LEVER ASSY,COLLECTI",1,Each,2575,B,3,2015-03-30 00:00:00
IL,WINTHROP HARBOR POLICE DEPT,6230-01-291-7497,"CANOPY ASSEMBLY,SEARCHLIGHT",4,Each,678.22,B,3,2011-07-16 00:00:00
IL,WINTHROP HARBOR POLICE DEPT,1615-01-185-8862,"BRACKET,MAGNETIC PI",1,Each,101.26,Q,6,2015-05-06 00:00:00
IL,WINTHROP HARBOR POLICE DEPT,8470-01-389-3818,"HELMET,COMBAT VEHICLE CREWMANS",1,Each,675.64,D,1,2011-07-18 00:00:00
IL,WINTHROP HARBOR POLICE DEPT,4030-01-412-9302,"HOOK,CARGO",1,Each,10000,Q,3,2011-07-16 00:00:00
IL,WINTHROP HARBOR POLICE DEPT,8415-01-395-2195,DUAL VISOR ASSEMBLY,2,Each,525.99,B,3,2011-08-03 00:00:00
IL,WINTHROP HARBOR POLICE DEPT,2010-00-540-7689,"PROPELLER,MARINE",3,Each,4276.6,B,3,2011-09-20 00:00:00
IL,WINTHROP HARBOR POLICE DEPT,1680-00-782-5861,"SEAT,AIRCRAFT",6,Each,553.38,B,3,2013-04-22 00:00:00
IL,WINTHROP HARBOR POLICE DEPT,1680-01-378-0719,"SEAT,AIRCRAFT",6,Each,2822.56,B,3,2013-04-22 00:00:00
IL,WINTHROP HARBOR POLICE DEPT,1520-01-020-4216,"HELICOPTER,OBSERVATION",1,Each,190817,C,1,2008-05-02 00:00:00
IL,WINTHROP HARBOR POLICE DEPT,1520-01-020-4216,"HELICOPTER,OBSERVATION",1,Each,190817,C,1,2011-01-10 00:00:00
IL,WINTHROP HARBOR POLICE DEPT,1005-00-073-9421,"RIFLE,5.56 MILLIMETER",1,Each,499,D,1,2005-04-05 00:00:00
IL,WINTHROP HARBOR POLICE DEPT,1520-01-020-4216,"HELICOPTER,OBSERVATION",1,Each,190817,C,1,2006-11-15 00:00:00
IL,WINTHROP HARBOR POLICE DEPT,2320-01-107-7155,"TRUCK,UTILITY",1,Each,41061,Q,6,2011-12-02 00:00:00
IL,WINTHROP HARBOR POLICE DEPT,2320-01-107-7156,"TRUCK,UTILITY",1,Each,43376,Q,6,2011-12-02 00:00:00
IL,WINTHROP HARBOR POLICE DEPT,1005-00-073-9421,"RIFLE,5.56 MILLIMETER",1,Each,499,D,1,2005-04-05 00:00:00
IL,WINTHROP HARBOR POLICE DEPT,1005-00-921-5483,"SHOTGUN,12 GAGE,RIOT TYPE",1,Each,108,D,1,2005-04-04 00:00:00
IL,WINTHROP HARBOR POLICE DEPT,8475-01-360-9314,"HELMET,FLYERS",10,Each,433.1,D,1,2013-06-11 00:00:00
IL,WINTHROP HARBOR POLICE DEPT,6220-01-316-1841,STROBE LIGHT ASSEMBLY,4,Each,33604.98,B,3,2011-08-27 00:00:00
IL,WINTHROP HARBOR POLICE DEPT,6695-00-962-2524,"LIGHT,INSTRUMENT",10,Each,18.17,B,3,2011-08-05 00:00:00
IL,WINTHROP HARBOR POLICE DEPT,1005-00-726-5655,"PISTOL,CALIBER .45,AUTOMATIC",1,Each,58.71,D,1,2006-09-28 00:00:00
IL,WINTHROP HARBOR POLICE DEPT,1005-00-726-5655,"PISTOL,CALIBER .45,AUTOMATIC",1,Each,58.71,D,1,2006-09-28 00:00:00
IL,WINTHROP HARBOR POLICE DEPT,1005-00-726-5655,"PISTOL,CALIBER .45,AUTOMATIC",1,Each,58.71,D,1,2006-09-28 00:00:00
IL,WINTHROP HARBOR POLICE DEPT,1005-00-726-5655,"PISTOL,CALIBER .45,AUTOMATIC",1,Each,58.71,D,1,2008-02-26 00:00:00
IL,WINTHROP HARBOR POLICE DEPT,1005-00-726-5655,"PISTOL,CALIBER .45,AUTOMATIC",1,Each,58.71,D,1,2006-09-28 00:00:00
IL,WINTHROP HARBOR POLICE DEPT,1520-00-087-7637,"HELICOPTER,UTILITY",1,Each,922704,C,1,2008-07-16 00:00:00
IL,WINTHROP HARBOR POLICE DEPT,1005-00-073-9421,"RIFLE,5.56 MILLIMETER",1,Each,499,D,1,2005-04-05 00:00:00
IL,WINTHROP HARBOR POLICE DEPT,1005-00-589-1271,"RIFLE,7.62 MILLIMETER",1,Each,138,D,1,2005-04-05 00:00:00
IL,WINTHROP HARBOR POLICE DEPT,1005-00-589-1271,"RIFLE,7.62 MILLIMETER",1,Each,138,D,1,2005-04-05 00:00:00
IL,WINTHROP HARBOR POLICE DEPT,1005-00-921-5483,"SHOTGUN,12 GAGE,RIOT TYPE",1,Each,108,D,1,2005-04-04 00:00:00
IL,WINTHROP HARBOR POLICE DEPT,1005-00-589-1271,"RIFLE,7.62 MILLIMETER",1,Each,138,D,1,2005-04-05 00:00:00
IL,WINTHROP HARBOR POLICE DEPT,1005-00-589-1271,"RIFLE,7.62 MILLIMETER",1,Each,138,D,1,2005-04-05 00:00:00
IL,WINTHROP HARBOR POLICE DEPT,1005-00-921-5483,"SHOTGUN,12 GAGE,RIOT TYPE",1,Each,108,D,1,2005-04-04 00:00:00
IL,WINTHROP HARBOR POLICE DEPT,1005-00-921-5483,"SHOTGUN,12 GAGE,RIOT TYPE",1,Each,108,D,1,2005-04-04 00:00:00
IL,WINTHROP HARBOR POLICE DEPT,1520-00-169-7137,"HELICOPTER,OBSERVATION",1,Each,92290,C,1,2009-09-17 00:00:00
IL,WINTHROP HARBOR POLICE DEPT,4920-00-432-3316,"ADAPTER,HOLDING,MAI",1,Each,5017.32,B,3,2012-04-26 00:00:00
IL,WINTHROP HARBOR POLICE DEPT,6220-01-320-2571,"LIGHT,COCKPIT,AIRCRAFT",8,Each,127.19,B,3,2011-08-27 00:00:00
IL,WINTHROP HARBOR POLICE DEPT,1615-01-221-2672,"DETECTOR,METALLIC PARTICLE",8,Each,756.02,B,3,2011-09-07 00:00:00
IL,WINTHROP HARBOR POLICE DEPT,5895-00-868-3618,WHEEL STOP         ,12,Each,8.25,B,3,2011-07-26 00:00:00
IL,WINTHROP HARBOR POLICE DEPT,1615-01-034-0973,"BLOWER UNIT,ROTARY ",1,Each,37842.77,B,3,2011-07-19 00:00:00
IL,WINTHROP HARBOR POLICE DEPT,2840-00-452-1376,TURBINE COMBUSTOR A,1,Each,16386,C,1,2011-06-24 00:00:00
IL,WINTHROP HARBOR POLICE DEPT,5965-01-385-7813,HEADSET-MICROPHONE,15,Each,1704,B,3,2011-08-31 00:00:00
IL,WINTHROP HARBOR POLICE DEPT,1680-01-486-4082,"GEARBOX,ASSEMBLY   ",4,Each,88315.71,B,3,2011-06-30 00:00:00
IL,WINTHROP HARBOR POLICE DEPT,2840-00-943-2375,"CHAMBER,COMBUSTION,AIRCRAFT GAS TURBINE ENGINE",1,Each,2608,B,3,2011-06-24 00:00:00
IL,WINTHROP HARBOR POLICE DEPT,4220-01-364-4480,"SURVIVAL KIT,LIFE RAFT",5,Each,284.56,B,3,2011-07-13 00:00:00
IL,WINTHROP HARBOR POLICE DEPT,5831-01-157-5102,"CONTROL,INTERCOMMUNICATION SET",8,Each,6505,B,3,2011-09-05 00:00:00
IL,WINTHROP HARBOR POLICE DEPT,8470-01-389-3818,"HELMET,COMBAT VEHICLE CREWMANS",4,Each,675.64,D,1,2011-07-18 00:00:00
IL,WINTHROP HARBOR POLICE DEPT,5826-01-393-2382,"INDICATOR,COURSE",1,Each,2707.93,B,3,2011-09-05 00:00:00
IL,WINTHROP HARBOR POLICE DEPT,6610-01-120-5880,"INDICATOR,SLIP     ",2,Each,1502.6,Q,3,2011-07-20 00:00:00
IL,WINTHROP HARBOR POLICE DEPT,1615-01-297-4569,"PARTS KIT,HELICOPTER ROTOR",1,Kit,29230.21,B,3,2011-07-18 00:00:00
IL,WINTHROP HARBOR POLICE DEPT,1670-01-125-0864,"ADAPTER,TIE DOWN,AIRCRAFT",1,Each,307.35,B,3,2011-07-14 00:00:00
IL,WINTHROP HARBOR POLICE DEPT,5826-01-420-1666,"CONTROL,RADIO SET",1,Each,7620,D,1,2011-07-13 00:00:00
IL,WINTHROP HARBOR POLICE DEPT,1615-01-498-8131,"REPAIR KIT,MAININPUTQ",1,Kit,60.38,B,3,2011-08-03 00:00:00
IL,WINTHROP HARBOR POLICE DEPT,2590-01-549-8592,"KIT,REAR DOOR,LEFT ",4,Kit,140.71,B,3,2011-08-04 00:00:00
IL,WINTHROP HARBOR POLICE DEPT,5826-01-393-2382,"INDICATOR,COURSE",2,Each,2707.93,B,3,2011-09-05 00:00:00
IL,WINTHROP HARBOR POLICE DEPT,8475-01-359-0892,"HELMET,FLYERS",12,Each,433.1,D,1,2011-08-03 00:00:00
IL,WINTHROP HARBOR POLICE DEPT,1615-01-186-4045,"JET ASSY,NO.1      ",6,Each,1753.57,B,3,2015-06-18 00:00:00
IL,WINTHROP HARBOR POLICE DEPT,1615-01-174-4971,"TUBE ASSY,PITCH LIN",1,Each,1753.93,B,3,2015-08-26 00:00:00
IL,WINTHROP HARBOR POLICE DEPT,1615-01-164-8113,"HOUSING,INPUT,TRANS",10,Each,2460.66,Q,6,2015-06-02 00:00:00
IL,WINTHROP HARBOR POLICE DEPT,1615-01-064-7501,"WEIGHT,STABILIZER  ",2,Each,423.57,B,3,2015-07-09 00:00:00
IL,WINTHROP HARBOR POLICE DEPT,1615-00-125-4130,"SIGHT GLASS,GRIP,MA",3,Each,155.01,B,3,2015-04-20 00:00:00
IL,WINTHROP HARBOR POLICE DEPT,1615-01-185-3095,"SUPPORT ASSY,FREEW ",1,Each,2167.69,B,3,2015-05-20 00:00:00
IL,WINTHROP HARBOR POLICE DEPT,1615-01-185-8949,PLUG-INSPECTION    ,1,Each,626.95,B,3,2015-05-20 00:00:00
IL,WINTHROP HARBOR POLICE DEPT,1615-01-192-4915,"ADAPTER,SPLINED,TAI",2,Each,2207.65,Q,6,2015-07-15 00:00:00
IL,WINTHROP HARBOR POLICE DEPT,1615-00-797-1032,"JET,OIL            ",1,Each,447.84,B,3,2015-09-02 00:00:00
IL,WINTHROP HARBOR POLICE DEPT,1615-01-164-8107,"CONE SET,UPPER,MAIN",1,Set,2467.08,B,3,2015-06-10 00:00:00
IL,WINTHROP HARBOR POLICE DEPT,1615-01-275-2164,"RING ASSEMBLY,GIMBA",5,Each,771,B,3,2015-05-27 00:00:00
IL,WINTHROP HARBOR POLICE DEPT,1615-01-185-8941,"HANGER,BEARING,TAIL",3,Each,882.88,Q,6,2015-05-27 00:00:00
IL,WINTHROP HARBOR POLICE DEPT,1615-00-701-9940,"SUPPORT,TRANSMISSION",4,Each,196.59,B,3,2015-04-20 00:00:00
IL,WINTHROP HARBOR POLICE DEPT,1615-01-498-8923,"REPAIR KIT,ELEVATR ",2,Kit,595.09,B,3,2015-04-20 00:00:00
IL,WINTHROP HARBOR POLICE DEPT,1615-01-185-8947,"SLEEVE,SPRING-ANTI-",1,Each,2011.3,Q,3,2015-06-03 00:00:00
IL,WINTHROP HARBOR POLICE DEPT,1615-01-498-8017,"REPAIR KIT,AIRFRAM3",2,Kit,1254.08,B,3,2011-08-03 00:00:00
IL,WINTHROP HARBOR POLICE DEPT,4220-01-278-5177,"CARTRIDGE,INFLATOR,FLOTATION GEAR",11,Each,25.38,B,3,2011-08-02 00:00:00
IL,WINTHROP HARBOR POLICE DEPT,8475-01-190-8165,JAW RECEIVER       ,20,Each,11.51,B,3,2011-09-18 00:00:00
IL,WINTHROP HARBOR POLICE DEPT,6220-01-491-1898,"LIGHT,UTILITY,NIGHT VISION",10,Each,967.73,B,3,2011-08-27 00:00:00
IL,WINTHROP HARBOR POLICE DEPT,1560-21-920-3453,"BOOM,AIRCRAFT",5,Each,18168,B,3,2011-08-27 00:00:00
IL,WINTHROP HARBOR POLICE DEPT,1560-00-908-6445,"WINDOW PANEL,AIRCRAFT",2,Each,9400.06,B,3,2011-08-27 00:00:00
IL,WINTHROP HARBOR POLICE DEPT,1095-00-610-3781,"LANYARD,FIRING",1,Each,96.1,B,3,2011-08-31 00:00:00
IL,WINTHROP HARBOR POLICE DEPT,1095-01-197-9835,LANYARD ASSEMBLY   ,20,Each,44.97,B,3,2011-08-31 00:00:00
IL,WINTHROP HARBOR POLICE DEPT,1615-01-029-4913,"STABILIZER TUBE,ROTARY WING",6,Each,6146.93,B,3,2011-08-27 00:00:00
IL,WINTHROP HARBOR POLICE DEPT,8475-01-099-4279,"NECK SEAL,ANTIEXPOSURE COVERALLS",15,Each,13.11,B,3,2011-09-09 00:00:00
IL,WINTHROP HARBOR POLICE DEPT,5130-01-189-8135,"YOKE,RIVETER       ",4,Each,273.2,B,3,2011-09-07 00:00:00
IL,WINTHROP HARBOR POLICE DEPT,8470-01-389-3818,"HELMET,COMBAT VEHICLE CREWMANS",7,Each,675.64,D,1,2011-10-08 00:00:00
IL,WINTHROP HARBOR POLICE DEPT,4920-01-084-8410,"CABINET,TEST PACKAGE STORAGE",1,Each,10535,B,3,2011-09-07 00:00:00
IL,WITT POLICE DEPT,2320-01-107-7155,"TRUCK,UTILITY",1,Each,41061,Q,6,2012-07-06 00:00:00
IL,WOOD DALE POLICE DEPT,1005-00-726-5655,"PISTOL,CALIBER .45,AUTOMATIC",1,Each,58.71,D,1,2010-07-26 00:00:00
IL,WOOD DALE POLICE DEPT,5820-01-449-9539,BASE STATION REPEATER,1,Each,5000,B,3,2010-10-27 00:00:00
IL,WOOD DALE POLICE DEPT,1005-00-726-5655,"PISTOL,CALIBER .45,AUTOMATIC",1,Each,58.71,D,1,2010-07-26 00:00:00
IL,WOOD DALE POLICE DEPT,1005-00-589-1271,"RIFLE,7.62 MILLIMETER",1,Each,138,D,1,2000-08-14 00:00:00
IL,WOOD DALE POLICE DEPT,1005-00-589-1271,"RIFLE,7.62 MILLIMETER",1,Each,138,D,1,2005-01-05 00:00:00
IL,WOOD DALE POLICE DEPT,1005-00-589-1271,"RIFLE,7.62 MILLIMETER",1,Each,138,D,1,2000-08-14 00:00:00
IL,WOOD DALE POLICE DEPT,1005-00-726-5655,"PISTOL,CALIBER .45,AUTOMATIC",1,Each,58.71,D,1,2010-07-26 00:00:00
IL,WOOD DALE POLICE DEPT,1005-00-726-5655,"PISTOL,CALIBER .45,AUTOMATIC",1,Each,58.71,D,1,2010-07-26 00:00:00
IL,WOOD DALE POLICE DEPT,1005-00-726-5655,"PISTOL,CALIBER .45,AUTOMATIC",1,Each,58.71,D,1,2010-07-26 00:00:00
IL,WOOD DALE POLICE DEPT,1005-00-726-5655,"PISTOL,CALIBER .45,AUTOMATIC",1,Each,58.71,D,1,2010-07-26 00:00:00
IL,WOOD DALE POLICE DEPT,1005-00-726-5655,"PISTOL,CALIBER .45,AUTOMATIC",1,Each,58.71,D,1,2010-07-26 00:00:00
IL,WOOD DALE POLICE DEPT,1005-00-726-5655,"PISTOL,CALIBER .45,AUTOMATIC",1,Each,58.71,D,1,2010-07-26 00:00:00
IL,WOOD DALE POLICE DEPT,1005-00-589-1271,"RIFLE,7.62 MILLIMETER",1,Each,138,D,1,2005-01-05 00:00:00
IL,WOOD DALE POLICE DEPT,1005-00-726-5655,"PISTOL,CALIBER .45,AUTOMATIC",1,Each,58.71,D,1,2010-07-26 00:00:00
IL,WOOD DALE POLICE DEPT,1005-00-726-5655,"PISTOL,CALIBER .45,AUTOMATIC",1,Each,58.71,D,1,2010-07-26 00:00:00
IL,WOOD DALE POLICE DEPT,1005-00-726-5655,"PISTOL,CALIBER .45,AUTOMATIC",1,Each,58.71,D,1,2010-07-26 00:00:00
IL,WOOD DALE POLICE DEPT,1005-00-589-1271,"RIFLE,7.62 MILLIMETER",1,Each,138,D,1,2000-08-14 00:00:00
IL,WOOD DALE POLICE DEPT,1005-00-726-5655,"PISTOL,CALIBER .45,AUTOMATIC",1,Each,58.71,D,1,2010-07-26 00:00:00
IL,WOOD DALE POLICE DEPT,1005-00-726-5655,"PISTOL,CALIBER .45,AUTOMATIC",1,Each,58.71,D,1,2010-07-26 00:00:00
IL,WOOD DALE POLICE DEPT,1005-00-726-5655,"PISTOL,CALIBER .45,AUTOMATIC",1,Each,58.71,D,1,2010-07-26 00:00:00
IL,WOOD DALE POLICE DEPT,1005-00-726-5655,"PISTOL,CALIBER .45,AUTOMATIC",1,Each,58.71,D,1,2010-07-26 00:00:00
IL,WOOD DALE POLICE DEPT,1005-00-726-5655,"PISTOL,CALIBER .45,AUTOMATIC",1,Each,58.71,D,1,2010-07-26 00:00:00
IL,WOOD DALE POLICE DEPT,1005-00-726-5655,"PISTOL,CALIBER .45,AUTOMATIC",1,Each,58.71,D,1,2010-07-26 00:00:00
IL,WOOD DALE POLICE DEPT,1005-00-726-5655,"PISTOL,CALIBER .45,AUTOMATIC",1,Each,58.71,D,1,2010-07-26 00:00:00
IL,WOOD DALE POLICE DEPT,1005-00-726-5655,"PISTOL,CALIBER .45,AUTOMATIC",1,Each,58.71,D,1,2010-07-26 00:00:00
IL,WOOD DALE POLICE DEPT,1005-00-726-5655,"PISTOL,CALIBER .45,AUTOMATIC",1,Each,58.71,D,1,2010-07-26 00:00:00
IL,WOOD DALE POLICE DEPT,1005-00-726-5655,"PISTOL,CALIBER .45,AUTOMATIC",1,Each,58.71,D,1,2010-07-26 00:00:00
IL,WOOD DALE POLICE DEPT,1005-00-726-5655,"PISTOL,CALIBER .45,AUTOMATIC",1,Each,58.71,D,1,2010-07-26 00:00:00
IL,WOOD DALE POLICE DEPT,1005-00-726-5655,"PISTOL,CALIBER .45,AUTOMATIC",1,Each,58.71,D,1,2010-07-26 00:00:00
IL,WOOD DALE POLICE DEPT,1005-00-726-5655,"PISTOL,CALIBER .45,AUTOMATIC",1,Each,58.71,D,1,2010-07-26 00:00:00
IL,WOOD DALE POLICE DEPT,1005-00-726-5655,"PISTOL,CALIBER .45,AUTOMATIC",1,Each,58.71,D,1,2010-07-26 00:00:00
IL,WOOD DALE POLICE DEPT,1005-00-726-5655,"PISTOL,CALIBER .45,AUTOMATIC",1,Each,58.71,D,1,2010-07-26 00:00:00
IL,WOOD DALE POLICE DEPT,1005-00-589-1271,"RIFLE,7.62 MILLIMETER",1,Each,138,D,1,2000-08-14 00:00:00
IL,WOOD DALE POLICE DEPT,1005-00-726-5655,"PISTOL,CALIBER .45,AUTOMATIC",1,Each,58.71,D,1,2010-07-26 00:00:00
IL,WOOD DALE POLICE DEPT,1005-00-726-5655,"PISTOL,CALIBER .45,AUTOMATIC",1,Each,58.71,D,1,2010-07-26 00:00:00
IL,WOOD DALE POLICE DEPT,1005-00-726-5655,"PISTOL,CALIBER .45,AUTOMATIC",1,Each,58.71,D,1,2010-07-26 00:00:00
IL,WOOD DALE POLICE DEPT,1005-00-726-5655,"PISTOL,CALIBER .45,AUTOMATIC",1,Each,58.71,D,1,2010-07-26 00:00:00
IL,WOOD DALE POLICE DEPT,1005-00-726-5655,"PISTOL,CALIBER .45,AUTOMATIC",1,Each,58.71,D,1,2010-07-26 00:00:00
IL,WOOD DALE POLICE DEPT,1005-00-726-5655,"PISTOL,CALIBER .45,AUTOMATIC",1,Each,58.71,D,1,2010-07-26 00:00:00
IL,WOOD DALE POLICE DEPT,1005-00-726-5655,"PISTOL,CALIBER .45,AUTOMATIC",1,Each,58.71,D,1,2010-07-26 00:00:00
IL,WOOD DALE POLICE DEPT,1005-00-589-1271,"RIFLE,7.62 MILLIMETER",1,Each,138,D,1,2005-01-05 00:00:00
IL,WOOD DALE POLICE DEPT,1005-00-726-5655,"PISTOL,CALIBER .45,AUTOMATIC",1,Each,58.71,D,1,2010-07-26 00:00:00
IL,WOOD RIVER POLICE DEPT,1005-00-589-1271,"RIFLE,7.62 MILLIMETER",1,Each,138,D,1,2006-07-06 00:00:00
IL,WOOD RIVER POLICE DEPT,1005-00-589-1271,"RIFLE,7.62 MILLIMETER",1,Each,138,D,1,2006-07-06 00:00:00
IL,WOOD RIVER POLICE DEPT,1240-01-411-1265,"SIGHT,REFLEX",10,Each,315,D,1,2012-02-09 00:00:00
IL,WOOD RIVER POLICE DEPT,1005-00-073-9421,"RIFLE,5.56 MILLIMETER",1,Each,499,D,1,2006-06-30 00:00:00
IL,WOOD RIVER POLICE DEPT,1005-00-073-9421,"RIFLE,5.56 MILLIMETER",1,Each,499,D,1,2006-06-30 00:00:00
IL,WOOD RIVER POLICE DEPT,1005-00-589-1271,"RIFLE,7.62 MILLIMETER",1,Each,138,D,1,2006-07-06 00:00:00
IL,WOOD RIVER POLICE DEPT,1005-00-073-9421,"RIFLE,5.56 MILLIMETER",1,Each,499,D,1,2006-06-30 00:00:00
IL,WOOD RIVER POLICE DEPT,1005-00-073-9421,"RIFLE,5.56 MILLIMETER",1,Each,499,D,1,2006-06-30 00:00:00
IL,WOODFORD COUNTY SHERIFFS OFFICE,1005-00-589-1271,"RIFLE,7.62 MILLIMETER",1,Each,138,D,1,2000-01-20 00:00:00
IL,WOODFORD COUNTY SHERIFFS OFFICE,1005-00-589-1271,"RIFLE,7.62 MILLIMETER",1,Each,138,D,1,2000-01-20 00:00:00
IL,WOODFORD COUNTY SHERIFFS OFFICE,1005-00-589-1271,"RIFLE,7.62 MILLIMETER",1,Each,138,D,1,2000-01-20 00:00:00
IL,WOODFORD COUNTY SHERIFFS OFFICE,1005-00-589-1271,"RIFLE,7.62 MILLIMETER",1,Each,138,D,1,2000-01-20 00:00:00
IL,WOODHULL POLICE DEPARTMENT,7025-DS-PRI-NT05,PRINTER,1,Each,299.78,A,,2017-08-16 00:00:00
IL,WOODHULL POLICE DEPARTMENT,6730-DS-PRO-JEC1,PHOTOGRAPHIC PROJECTION EQUIPMENT,1,Each,3932.42,A,,2017-08-24 00:00:00
IL,WOODHULL POLICE DEPARTMENT,2320-01-107-7153,"TRUCK,UTILITY",1,Each,63894,C,1,2012-02-02 00:00:00
IL,WOODHULL POLICE DEPARTMENT,7025-DS-PRI-NT05,PRINTER,1,Each,299.78,A,,2017-08-24 00:00:00
IL,WORDEN POLICE DEPARTMENT,1005-00-856-6885,"RIFLE,5.56 MILLIMETER",1,Each,120,D,1,2010-11-22 00:00:00
IL,WORTH POLICE DEPARTMENT,1005-00-856-6885,"RIFLE,5.56 MILLIMETER",1,Each,120,D,1,2011-10-18 00:00:00
IL,WORTH POLICE DEPARTMENT,1005-00-856-6885,"RIFLE,5.56 MILLIMETER",1,Each,120,D,1,2011-10-18 00:00:00
IL,WORTH POLICE DEPARTMENT,1005-00-856-6885,"RIFLE,5.56 MILLIMETER",1,Each,120,D,1,2011-10-18 00:00:00
IL,WORTH POLICE DEPARTMENT,1005-00-073-9421,"RIFLE,5.56 MILLIMETER",1,Each,499,D,1,2004-03-23 00:00:00
IL,WORTH POLICE DEPARTMENT,1005-00-073-9421,"RIFLE,5.56 MILLIMETER",1,Each,499,D,1,2004-03-23 00:00:00
IL,WORTH POLICE DEPARTMENT,1005-00-726-5655,"PISTOL,CALIBER .45,AUTOMATIC",1,Each,58.71,D,1,2004-04-27 00:00:00
IL,WORTH POLICE DEPARTMENT,1005-00-856-6885,"RIFLE,5.56 MILLIMETER",1,Each,120,D,1,2011-10-18 00:00:00
IL,WORTH POLICE DEPARTMENT,1005-00-856-6885,"RIFLE,5.56 MILLIMETER",1,Each,120,D,1,2011-10-18 00:00:00
IL,WORTH POLICE DEPARTMENT,1005-00-856-6885,"RIFLE,5.56 MILLIMETER",1,Each,120,D,1,2011-10-18 00:00:00
IL,WORTH POLICE DEPARTMENT,1005-00-856-6885,"RIFLE,5.56 MILLIMETER",1,Each,120,D,1,2011-10-18 00:00:00
IL,WORTH POLICE DEPARTMENT,1005-00-856-6885,"RIFLE,5.56 MILLIMETER",1,Each,120,D,1,2011-10-18 00:00:00
IL,WORTH POLICE DEPARTMENT,1005-00-726-5655,"PISTOL,CALIBER .45,AUTOMATIC",1,Each,58.71,D,1,2004-04-27 00:00:00
IL,WORTH POLICE DEPARTMENT,1005-00-726-5655,"PISTOL,CALIBER .45,AUTOMATIC",1,Each,58.71,D,1,2004-04-27 00:00:00
IL,WORTH POLICE DEPARTMENT,1005-00-726-5655,"PISTOL,CALIBER .45,AUTOMATIC",1,Each,58.71,D,1,2004-04-27 00:00:00
IL,WORTH POLICE DEPARTMENT,1005-00-856-6885,"RIFLE,5.56 MILLIMETER",1,Each,120,D,1,2011-10-18 00:00:00
IL,WORTH POLICE DEPARTMENT,1005-00-589-1271,"RIFLE,7.62 MILLIMETER",1,Each,138,D,1,2004-04-28 00:00:00
IL,WORTH POLICE DEPARTMENT,1005-00-856-6885,"RIFLE,5.56 MILLIMETER",1,Each,120,D,1,2011-10-18 00:00:00
IL,WORTH POLICE DEPARTMENT,1005-00-073-9421,"RIFLE,5.56 MILLIMETER",1,Each,499,D,1,2004-03-23 00:00:00
IL,WORTH POLICE DEPARTMENT,1005-00-856-6885,"RIFLE,5.56 MILLIMETER",1,Each,120,D,1,2011-10-18 00:00:00
IL,WORTH POLICE DEPARTMENT,1005-00-856-6885,"RIFLE,5.56 MILLIMETER",1,Each,120,D,1,2011-10-18 00:00:00
IL,WORTH POLICE DEPARTMENT,1005-00-856-6885,"RIFLE,5.56 MILLIMETER",1,Each,120,D,1,2011-10-18 00:00:00
IL,WORTH POLICE DEPARTMENT,1005-00-726-5655,"PISTOL,CALIBER .45,AUTOMATIC",1,Each,58.71,D,1,2004-04-27 00:00:00
IL,WORTH POLICE DEPARTMENT,1005-00-726-5655,"PISTOL,CALIBER .45,AUTOMATIC",1,Each,58.71,D,1,2004-04-27 00:00:00
IL,WORTH POLICE DEPARTMENT,1005-00-726-5655,"PISTOL,CALIBER .45,AUTOMATIC",1,Each,58.71,D,1,2004-04-27 00:00:00
IL,WORTH POLICE DEPARTMENT,1005-00-856-6885,"RIFLE,5.56 MILLIMETER",1,Each,120,D,1,2011-10-18 00:00:00
IL,WORTH POLICE DEPARTMENT,1005-00-856-6885,"RIFLE,5.56 MILLIMETER",1,Each,120,D,1,2011-10-18 00:00:00
IL,WORTH POLICE DEPARTMENT,1005-00-726-5655,"PISTOL,CALIBER .45,AUTOMATIC",1,Each,58.71,D,1,2004-04-27 00:00:00
IL,WORTH POLICE DEPARTMENT,1005-00-073-9421,"RIFLE,5.56 MILLIMETER",1,Each,499,D,1,2004-03-23 00:00:00
IL,WORTH POLICE DEPARTMENT,1005-00-856-6885,"RIFLE,5.56 MILLIMETER",1,Each,120,D,1,2011-10-18 00:00:00
IL,WORTH POLICE DEPARTMENT,1005-00-073-9421,"RIFLE,5.56 MILLIMETER",1,Each,499,D,1,2004-03-23 00:00:00
IL,WORTH POLICE DEPARTMENT,1005-00-856-6885,"RIFLE,5.56 MILLIMETER",1,Each,120,D,1,2011-10-18 00:00:00
IL,WYANET POLICE DEPT,2320-01-107-7155,"TRUCK,UTILITY",1,Each,41061,Q,6,2011-12-30 00:00:00
IL,YORKVILLE POLICE DEPT,1005-00-073-9421,"RIFLE,5.56 MILLIMETER",1,Each,499,D,1,2006-04-03 00:00:00
IL,YORKVILLE POLICE DEPT,1005-00-073-9421,"RIFLE,5.56 MILLIMETER",1,Each,499,D,1,2006-04-03 00:00:00
IL,YORKVILLE POLICE DEPT,1005-00-589-1271,"RIFLE,7.62 MILLIMETER",1,Each,138,D,1,2006-04-03 00:00:00
IL,YORKVILLE POLICE DEPT,1005-00-589-1271,"RIFLE,7.62 MILLIMETER",1,Each,138,D,1,2006-04-03 00:00:00
IL,YORKVILLE POLICE DEPT,1005-00-073-9421,"RIFLE,5.56 MILLIMETER",1,Each,499,D,1,2006-04-03 00:00:00
IL,YORKVILLE POLICE DEPT,1005-00-589-1271,"RIFLE,7.62 MILLIMETER",1,Each,138,D,1,2006-04-03 00:00:00
IL,YORKVILLE POLICE DEPT,1005-00-073-9421,"RIFLE,5.56 MILLIMETER",1,Each,499,D,1,2006-04-03 00:00:00
IL,YORKVILLE POLICE DEPT,1005-00-589-1271,"RIFLE,7.62 MILLIMETER",1,Each,138,D,1,2006-04-03 00:00:00
IL,YORKVILLE POLICE DEPT,1005-00-073-9421,"RIFLE,5.56 MILLIMETER",1,Each,499,D,1,2006-04-03 00:00:00
IL,YORKVILLE POLICE DEPT,1005-00-589-1271,"RIFLE,7.62 MILLIMETER",1,Each,138,D,1,2006-04-03 00:00:00
IL,ZEIGLER POLICE DEPT,1005-01-128-9936,"RIFLE,5.56 MILLIMETER",1,Each,749,D,1,2014-09-29 00:00:00
IL,ZEIGLER POLICE DEPT,1005-01-128-9936,"RIFLE,5.56 MILLIMETER",1,Each,749,D,1,2014-09-29 00:00:00
IL,ZEIGLER POLICE DEPT,1005-01-128-9936,"RIFLE,5.56 MILLIMETER",1,Each,749,D,1,2014-09-29 00:00:00
IL,ZEIGLER POLICE DEPT,1005-01-128-9936,"RIFLE,5.56 MILLIMETER",1,Each,749,D,1,2014-09-29 00:00:00
IL,ZEIGLER POLICE DEPT,1005-01-128-9936,"RIFLE,5.56 MILLIMETER",1,Each,749,D,1,2014-09-29 00:00:00
IL,ZEIGLER POLICE DEPT,1005-01-128-9936,"RIFLE,5.56 MILLIMETER",1,Each,749,D,1,2014-09-29 00:00:00
